XL2 RTA Spectrum Logging:		KU100\2026-04-13_SLM_006_RTA_3rd_Log.txt                                       
-------------------------


# Hardware Configuration
	Device Info:    	XL2, SNo. A2A-17501-E0, FW4.33
	Mic Sensitivity:	8.9 mV/Pa
	                	(User calibrated 2026-04-13  10:29)
	Time Zone:      	UTC+01:00 (Europe/Berlin)

# Measurement Setup
	Profile:        	Full mode
	Timer mode:     	continuous
	Timer set:      	--:--:--
	Log-Interval:   	00:00:01
	Resolution:     	1/3 Octave
	Range:          	30 - 130 dB

# Time
	Start:          	2026-04-13, 11:33:50
	End:            	2026-04-13, 11:34:47

# RTA LOG Results 
	            	          	          	         	LZeq_dt  	LZeq_dt  	LZeq_dt  	LZeq_dt  	LZeq_dt  	LZeq_dt  	LZeq_dt  	LZeq_dt  	LZeq_dt  	LZeq_dt  	LZeq_dt  	LZeq_dt  	LZeq_dt  	LZeq_dt  	LZeq_dt  	LZeq_dt  	LZeq_dt  	LZeq_dt  	LZeq_dt  	LZeq_dt  	LZeq_dt  	LZeq_dt  	LZeq_dt  	LZeq_dt  	LZeq_dt  	LZeq_dt  	LZeq_dt  	LZeq_dt  	LZeq_dt  	LZeq_dt  	LZeq_dt  	LZeq_dt  	LZeq_dt  	LZeq_dt  	LZeq_dt  	LZeq_dt  
	Date        	Time      	Timer     	Band [Hz]	6.3      	8.0      	10.0     	12.5     	16.0     	20.0     	25.0     	31.5     	40.0     	50.0     	63.0     	80.0     	100.0    	125.0    	160.0    	200.0    	250.0    	315.0    	400.0    	500.0    	630.0    	800.0    	1000.0   	1250.0   	1600.0   	2000.0   	2500.0   	3150.0   	4000.0   	5000.0   	6300.0   	8000.0   	10000.0  	12500.0  	16000.0  	20000.0  
	[YYYY-MM-DD]	[hh:mm:ss]	[hh:mm:ss]	         	[dB]     	[dB]     	[dB]     	[dB]     	[dB]     	[dB]     	[dB]     	[dB]     	[dB]     	[dB]     	[dB]     	[dB]     	[dB]     	[dB]     	[dB]     	[dB]     	[dB]     	[dB]     	[dB]     	[dB]     	[dB]     	[dB]     	[dB]     	[dB]     	[dB]     	[dB]     	[dB]     	[dB]     	[dB]     	[dB]     	[dB]     	[dB]     	[dB]     	[dB]     	[dB]     	[dB]     
	2026-04-13  	11:33:51  	00:00:01  	         	30.3     	31.8     	28.9     	44.1     	44.0     	43.8     	56.2     	57.2     	71.7     	73.9     	71.3     	69.9     	56.7     	56.7     	54.4     	48.7     	55.1     	53.8     	55.4     	60.4     	52.6     	60.4     	58.2     	65.5     	56.3     	52.8     	39.3     	34.4     	32.9     	27.5     	26.0     	24.3     	25.1     	26.0     	26.7     	28.7     
	2026-04-13  	11:33:52  	00:00:02  	         	31.4     	27.4     	31.8     	45.4     	43.7     	45.1     	61.2     	58.7     	67.1     	72.2     	71.1     	71.8     	55.2     	55.1     	53.4     	46.6     	54.8     	52.7     	61.0     	70.5     	53.0     	68.1     	64.3     	75.4     	64.1     	59.2     	43.8     	39.7     	41.5     	32.2     	27.9     	24.3     	25.2     	26.1     	26.7     	28.9     
	2026-04-13  	11:33:53  	00:00:03  	         	28.0     	28.2     	26.8     	50.1     	45.4     	47.4     	58.7     	57.9     	68.6     	73.3     	72.4     	69.9     	54.0     	56.3     	53.1     	46.8     	56.2     	53.5     	59.8     	68.3     	54.6     	66.0     	63.4     	73.2     	63.4     	57.6     	44.5     	40.0     	39.7     	30.5     	26.8     	24.2     	24.9     	25.9     	26.7     	28.8     
	2026-04-13  	11:33:54  	00:00:04  	         	28.6     	27.8     	32.1     	51.2     	45.0     	43.9     	58.5     	57.9     	67.5     	73.2     	71.9     	69.5     	56.1     	56.7     	53.7     	49.1     	55.8     	53.9     	58.9     	67.8     	54.1     	66.3     	62.7     	73.2     	62.4     	58.2     	48.9     	50.2     	58.9     	70.4     	61.7     	44.1     	44.2     	36.7     	30.4     	28.9     
	2026-04-13  	11:33:55  	00:00:05  	         	32.8     	27.3     	26.8     	44.7     	44.5     	46.1     	55.1     	62.3     	75.0     	78.4     	82.5     	79.9     	57.8     	56.2     	54.5     	52.9     	57.2     	56.1     	51.4     	52.9     	54.7     	57.6     	64.7     	59.6     	57.6     	51.2     	45.3     	42.7     	52.9     	60.0     	50.8     	34.6     	34.1     	28.8     	27.2     	28.7     
	2026-04-13  	11:33:56  	00:00:06  	         	26.2     	27.7     	28.4     	50.9     	44.4     	46.2     	54.6     	57.9     	66.2     	74.1     	72.8     	68.9     	55.2     	57.1     	53.5     	47.5     	55.2     	49.1     	48.3     	51.2     	52.1     	54.1     	54.8     	54.8     	49.4     	46.6     	37.2     	32.0     	28.1     	25.0     	24.7     	24.0     	24.9     	25.9     	26.7     	28.8     
	2026-04-13  	11:33:57  	00:00:07  	         	24.3     	22.7     	30.9     	50.4     	43.6     	43.9     	52.0     	56.9     	62.6     	73.4     	70.8     	69.3     	55.2     	58.1     	53.3     	48.0     	55.1     	49.1     	47.8     	51.3     	53.1     	54.9     	55.5     	57.4     	49.8     	47.3     	36.4     	31.8     	28.8     	25.0     	24.6     	24.2     	24.9     	26.1     	26.6     	28.8     
	2026-04-13  	11:33:58  	00:00:08  	         	24.0     	20.9     	31.7     	43.9     	44.2     	48.6     	55.0     	56.1     	67.4     	71.7     	72.4     	71.0     	57.4     	57.8     	54.0     	51.4     	54.5     	49.8     	47.8     	52.2     	49.6     	51.0     	51.5     	49.3     	49.0     	47.7     	38.1     	35.3     	28.2     	25.1     	24.6     	24.0     	24.8     	26.0     	26.8     	28.8     
	2026-04-13  	11:33:59  	00:00:09  	         	24.0     	25.7     	32.6     	48.3     	43.5     	60.2     	67.7     	61.3     	78.9     	72.4     	83.9     	83.1     	69.7     	65.3     	61.0     	60.7     	61.3     	51.5     	49.4     	52.3     	48.5     	49.6     	48.6     	47.5     	49.3     	46.1     	34.0     	30.1     	28.7     	25.5     	24.7     	24.5     	26.0     	27.6     	26.9     	28.9     
	2026-04-13  	11:34:00  	00:00:10  	         	25.3     	22.5     	30.1     	45.1     	41.9     	50.0     	57.8     	57.9     	83.9     	75.4     	80.9     	88.5     	70.0     	68.0     	63.8     	64.2     	65.5     	57.4     	51.0     	49.8     	50.4     	52.6     	53.5     	53.4     	47.5     	46.8     	34.0     	28.1     	26.4     	25.2     	24.6     	24.7     	25.5     	26.7     	27.2     	28.7     
	2026-04-13  	11:34:01  	00:00:11  	         	23.4     	23.7     	33.4     	49.0     	40.1     	51.1     	61.9     	57.2     	90.0     	85.6     	77.5     	80.9     	74.8     	71.7     	67.7     	65.6     	67.2     	57.2     	51.9     	54.8     	53.2     	53.7     	55.2     	53.9     	49.6     	47.8     	35.4     	30.1     	30.7     	26.7     	26.7     	27.1     	28.6     	29.9     	30.3     	28.8     
	2026-04-13  	11:34:02  	00:00:12  	         	26.7     	26.8     	24.6     	45.0     	37.3     	54.0     	65.2     	55.3     	79.7     	85.1     	81.1     	81.3     	74.9     	70.8     	69.4     	68.8     	68.5     	57.1     	53.8     	52.6     	51.4     	51.4     	54.3     	51.8     	49.5     	47.5     	35.1     	30.3     	27.7     	25.1     	24.7     	24.0     	25.1     	26.1     	26.7     	28.9     
	2026-04-13  	11:34:03  	00:00:13  	         	31.0     	25.4     	33.5     	44.9     	39.3     	48.1     	55.8     	49.4     	72.5     	75.1     	85.0     	81.8     	74.2     	79.5     	68.2     	68.5     	69.5     	59.1     	53.8     	54.2     	51.7     	51.0     	53.9     	51.8     	50.2     	47.4     	35.4     	30.2     	26.4     	25.1     	24.9     	24.2     	25.0     	25.8     	26.7     	28.7     
	2026-04-13  	11:34:04  	00:00:14  	         	31.0     	27.1     	32.4     	43.2     	41.1     	44.9     	51.2     	50.3     	74.2     	72.0     	89.6     	80.9     	67.2     	71.9     	71.0     	75.8     	70.6     	58.4     	54.5     	55.6     	52.9     	52.5     	53.3     	50.9     	51.2     	47.7     	34.3     	29.5     	26.3     	25.1     	24.5     	24.1     	25.0     	25.9     	26.7     	28.8     
	2026-04-13  	11:34:05  	00:00:15  	         	31.1     	23.4     	28.3     	46.5     	39.6     	43.6     	57.2     	53.6     	73.2     	72.7     	93.5     	82.8     	67.8     	73.3     	71.0     	70.8     	71.7     	61.7     	55.2     	55.7     	53.3     	52.8     	54.4     	52.1     	50.9     	47.4     	34.5     	28.1     	26.8     	25.9     	24.8     	24.2     	25.1     	26.3     	26.7     	28.7     
	2026-04-13  	11:34:06  	00:00:16  	         	30.8     	26.9     	29.6     	47.1     	43.5     	48.9     	62.2     	55.1     	80.3     	77.3     	90.3     	95.7     	69.2     	72.4     	73.7     	70.6     	70.6     	62.3     	57.0     	57.2     	55.0     	53.6     	56.7     	52.6     	52.0     	48.4     	36.6     	29.3     	27.5     	26.5     	25.1     	24.3     	25.1     	26.0     	26.6     	28.8     
	2026-04-13  	11:34:07  	00:00:17  	         	25.8     	21.8     	31.2     	40.6     	41.7     	49.3     	56.7     	49.6     	75.3     	79.8     	85.0     	85.0     	75.1     	71.8     	69.6     	67.2     	66.5     	57.8     	51.8     	54.5     	52.3     	53.1     	54.0     	51.9     	49.3     	46.7     	33.9     	28.6     	26.9     	25.3     	24.7     	24.1     	25.0     	26.0     	26.7     	28.8     
	2026-04-13  	11:34:08  	00:00:18  	         	30.6     	28.9     	33.2     	43.2     	36.6     	46.6     	58.5     	51.7     	69.2     	83.7     	84.2     	85.7     	73.7     	73.9     	68.2     	68.1     	67.6     	58.5     	53.8     	56.4     	50.9     	52.2     	52.5     	51.4     	49.2     	46.4     	34.5     	28.0     	27.0     	25.0     	24.8     	24.3     	25.1     	25.9     	26.6     	28.7     
	2026-04-13  	11:34:09  	00:00:19  	         	30.9     	30.3     	32.5     	49.9     	42.3     	49.3     	57.9     	49.9     	71.1     	77.2     	79.1     	74.2     	76.6     	79.8     	69.8     	69.5     	69.0     	61.8     	57.7     	57.0     	62.0     	56.7     	62.8     	60.5     	54.2     	49.0     	39.4     	32.4     	29.3     	26.0     	24.8     	24.1     	25.0     	26.0     	26.7     	28.8     
	2026-04-13  	11:34:10  	00:00:20  	         	32.0     	26.0     	32.8     	49.0     	44.3     	49.7     	62.3     	55.3     	78.1     	76.8     	82.7     	82.0     	77.1     	82.1     	67.8     	69.8     	69.2     	61.6     	57.3     	61.1     	61.6     	58.5     	59.0     	60.0     	53.2     	49.3     	39.3     	31.4     	29.8     	26.9     	24.9     	24.2     	25.1     	26.0     	26.6     	28.8     
	2026-04-13  	11:34:11  	00:00:21  	         	30.6     	26.2     	34.9     	47.0     	37.3     	45.3     	59.7     	50.1     	74.9     	74.7     	87.9     	83.5     	69.9     	75.2     	70.0     	71.5     	70.0     	59.4     	53.8     	56.4     	57.7     	56.9     	62.5     	60.9     	54.4     	50.5     	38.1     	31.2     	27.9     	25.5     	24.8     	24.2     	25.0     	26.1     	26.6     	28.9     
	2026-04-13  	11:34:12  	00:00:22  	         	32.3     	27.7     	28.6     	45.3     	40.9     	47.5     	59.1     	52.3     	76.6     	76.1     	93.4     	80.5     	68.5     	71.3     	67.5     	69.4     	70.3     	63.3     	59.1     	58.0     	64.3     	60.7     	59.4     	56.1     	52.4     	48.5     	38.3     	32.8     	28.7     	27.0     	25.0     	24.1     	25.2     	26.4     	26.6     	28.8     
	2026-04-13  	11:34:13  	00:00:23  	         	26.1     	29.7     	30.5     	41.8     	40.3     	44.8     	55.6     	53.9     	83.2     	78.7     	81.3     	83.9     	70.7     	72.3     	64.8     	64.6     	66.6     	61.2     	57.8     	62.9     	62.3     	59.2     	61.0     	59.7     	53.9     	50.4     	40.5     	34.6     	35.7     	41.5     	43.3     	34.7     	32.9     	29.2     	27.4     	28.8     
	2026-04-13  	11:34:14  	00:00:24  	         	26.6     	27.6     	32.4     	50.5     	43.7     	59.1     	70.0     	57.0     	86.1     	84.9     	76.1     	77.2     	76.1     	69.2     	68.4     	65.3     	66.6     	59.3     	53.5     	58.1     	57.7     	58.8     	60.8     	56.4     	53.0     	51.1     	39.4     	33.3     	29.0     	27.0     	26.3     	24.6     	25.1     	25.9     	26.7     	28.8     
	2026-04-13  	11:34:15  	00:00:25  	         	28.7     	30.6     	27.8     	44.5     	40.0     	50.2     	58.7     	53.2     	70.8     	82.3     	85.0     	85.6     	74.2     	74.5     	70.0     	66.6     	67.5     	61.2     	54.4     	56.6     	53.2     	51.9     	53.1     	52.0     	49.0     	48.2     	37.9     	30.2     	28.1     	26.0     	24.7     	24.5     	25.3     	26.3     	26.9     	28.8     
	2026-04-13  	11:34:16  	00:00:26  	         	30.1     	21.2     	31.6     	40.7     	39.4     	50.6     	60.7     	49.6     	69.6     	76.5     	88.3     	82.8     	72.3     	78.4     	69.0     	70.9     	68.2     	58.4     	54.5     	56.3     	56.6     	54.1     	54.7     	53.1     	56.4     	49.8     	43.6     	41.2     	31.9     	33.6     	35.2     	28.0     	27.5     	26.7     	26.7     	28.9     
	2026-04-13  	11:34:17  	00:00:27  	         	22.6     	26.0     	29.7     	48.7     	42.7     	54.1     	67.3     	58.6     	76.1     	80.7     	91.1     	86.4     	69.2     	72.7     	70.7     	70.8     	70.3     	60.1     	56.2     	57.8     	54.7     	53.2     	54.4     	52.8     	51.8     	48.2     	38.0     	33.0     	30.1     	30.1     	34.3     	27.1     	27.8     	29.5     	27.6     	28.9     
	2026-04-13  	11:34:18  	00:00:28  	         	28.0     	24.3     	28.3     	44.3     	39.2     	56.1     	68.1     	59.8     	84.1     	80.1     	95.1     	83.9     	73.5     	72.0     	69.4     	70.6     	71.3     	60.3     	53.6     	55.8     	53.5     	52.4     	54.1     	51.8     	50.7     	47.9     	36.2     	30.8     	31.6     	32.7     	37.5     	28.9     	28.8     	29.7     	27.8     	28.8     
	2026-04-13  	11:34:19  	00:00:29  	         	32.3     	26.9     	29.7     	39.4     	38.4     	56.0     	61.9     	56.1     	80.0     	80.3     	91.1     	89.5     	71.6     	72.8     	68.8     	70.9     	70.2     	60.8     	58.1     	57.3     	53.1     	53.4     	54.5     	52.1     	50.1     	47.9     	35.7     	29.3     	27.6     	26.5     	25.3     	24.7     	26.1     	27.2     	27.0     	28.8     
	2026-04-13  	11:34:20  	00:00:30  	         	31.0     	32.9     	27.9     	44.0     	38.5     	54.5     	65.8     	59.3     	82.4     	80.3     	89.2     	84.3     	69.5     	72.0     	68.8     	71.5     	70.1     	65.5     	56.6     	57.3     	61.4     	57.3     	56.8     	55.8     	53.2     	53.2     	41.5     	33.3     	30.7     	30.2     	32.1     	26.6     	27.4     	29.2     	27.5     	28.7     
	2026-04-13  	11:34:21  	00:00:31  	         	28.1     	31.8     	27.2     	41.0     	40.5     	54.6     	60.9     	54.7     	78.6     	76.6     	89.0     	83.0     	69.3     	69.0     	69.1     	69.5     	70.2     	63.3     	56.3     	56.2     	55.9     	54.1     	53.9     	53.7     	50.9     	48.3     	37.9     	31.2     	28.9     	26.8     	25.0     	24.3     	25.2     	26.0     	26.5     	28.8     
	2026-04-13  	11:34:22  	00:00:32  	         	30.5     	24.7     	27.9     	42.3     	38.3     	59.0     	67.0     	60.1     	75.7     	74.0     	88.4     	80.9     	69.1     	72.4     	69.3     	70.4     	70.0     	63.9     	55.4     	56.4     	56.7     	52.4     	53.9     	53.4     	51.9     	51.6     	42.5     	33.1     	35.8     	40.7     	42.4     	33.6     	32.4     	30.7     	27.8     	28.9     
	2026-04-13  	11:34:23  	00:00:33  	         	23.3     	27.1     	23.8     	42.0     	38.7     	57.9     	70.1     	59.8     	76.1     	79.2     	89.4     	83.4     	72.1     	73.0     	69.5     	68.7     	70.2     	64.2     	54.9     	61.0     	65.4     	62.3     	60.2     	59.7     	56.6     	49.5     	41.1     	34.5     	33.0     	32.6     	36.5     	28.3     	28.4     	29.4     	27.7     	28.8     
	2026-04-13  	11:34:24  	00:00:34  	         	31.3     	20.0     	32.6     	42.2     	41.5     	50.8     	62.6     	50.3     	74.1     	75.3     	89.8     	85.6     	69.3     	72.5     	68.6     	70.1     	69.7     	65.1     	57.5     	56.1     	58.6     	57.1     	63.9     	59.7     	54.9     	50.7     	40.0     	35.3     	29.6     	26.7     	25.1     	24.2     	25.1     	26.0     	26.6     	28.9     
	2026-04-13  	11:34:25  	00:00:35  	         	29.4     	20.4     	29.5     	47.4     	40.5     	46.8     	56.4     	44.3     	65.8     	69.3     	89.2     	81.6     	71.6     	71.1     	69.7     	71.2     	69.6     	61.6     	58.4     	57.2     	63.0     	59.5     	63.0     	61.6     	58.7     	52.7     	41.3     	32.0     	31.0     	27.2     	24.9     	24.2     	25.1     	26.0     	26.6     	28.8     
	2026-04-13  	11:34:26  	00:00:36  	         	30.5     	24.6     	25.3     	47.2     	43.9     	44.1     	59.3     	51.1     	73.2     	71.3     	89.5     	85.6     	70.8     	70.6     	70.8     	71.0     	70.2     	62.1     	55.6     	55.8     	56.2     	57.2     	57.4     	57.2     	52.5     	49.3     	36.7     	30.1     	27.8     	26.5     	25.0     	24.2     	25.0     	26.0     	26.6     	28.8     
	2026-04-13  	11:34:27  	00:00:37  	         	26.1     	20.9     	28.7     	45.2     	47.9     	48.2     	60.9     	56.4     	78.4     	76.2     	90.3     	84.6     	72.0     	70.3     	69.9     	71.4     	69.6     	61.7     	55.4     	55.1     	53.4     	54.0     	54.7     	53.6     	51.5     	48.2     	37.0     	30.0     	31.2     	31.6     	35.1     	27.7     	28.2     	29.7     	27.8     	28.7     
	2026-04-13  	11:34:28  	00:00:38  	         	26.7     	27.2     	31.4     	42.8     	45.0     	60.0     	69.7     	60.9     	82.3     	82.1     	89.9     	88.8     	79.5     	80.5     	77.4     	79.4     	78.9     	69.7     	60.3     	61.5     	58.9     	58.2     	55.7     	53.9     	51.3     	48.3     	37.4     	30.5     	33.7     	36.9     	40.4     	31.8     	30.8     	30.7     	28.0     	28.7     
	2026-04-13  	11:34:29  	00:00:39  	         	32.4     	28.4     	29.2     	41.1     	43.6     	62.2     	71.8     	63.7     	85.1     	83.0     	93.9     	92.0     	81.7     	82.8     	80.7     	79.7     	80.7     	72.0     	63.5     	63.1     	60.5     	60.1     	56.5     	54.3     	52.3     	48.4     	39.4     	33.4     	38.2     	44.3     	45.9     	37.6     	37.0     	35.8     	30.4     	28.8     
	2026-04-13  	11:34:30  	00:00:40  	         	32.1     	27.5     	26.9     	48.3     	41.6     	58.9     	69.0     	62.8     	85.0     	85.3     	91.7     	93.1     	81.8     	81.6     	78.5     	80.2     	80.5     	70.2     	63.1     	63.2     	60.4     	60.4     	57.3     	54.7     	52.1     	48.6     	38.4     	32.1     	35.8     	41.5     	43.5     	35.2     	34.8     	35.1     	30.1     	28.8     
	2026-04-13  	11:34:31  	00:00:41  	         	32.0     	25.1     	33.4     	46.7     	43.2     	59.2     	67.1     	63.7     	88.1     	88.0     	91.5     	91.2     	82.8     	82.9     	78.3     	78.9     	80.3     	73.0     	64.4     	63.4     	66.8     	63.0     	65.2     	63.8     	57.1     	52.3     	40.7     	35.7     	37.7     	41.9     	43.7     	35.6     	35.3     	35.4     	30.4     	28.9     
	2026-04-13  	11:34:32  	00:00:42  	         	30.0     	26.8     	28.4     	45.0     	45.0     	56.8     	69.8     	60.9     	87.2     	84.0     	92.3     	91.0     	82.6     	83.8     	79.5     	78.5     	80.1     	70.7     	63.3     	63.7     	61.7     	60.7     	58.5     	55.6     	51.5     	48.4     	38.5     	33.1     	35.4     	40.5     	42.8     	34.6     	34.3     	34.3     	29.6     	28.9     
	2026-04-13  	11:34:33  	00:00:43  	         	29.6     	27.1     	32.0     	50.2     	44.1     	60.6     	67.4     	61.5     	86.2     	82.5     	92.4     	92.6     	82.8     	82.2     	79.2     	78.2     	79.6     	71.2     	64.2     	62.8     	62.2     	60.1     	58.1     	55.1     	52.6     	49.4     	38.2     	32.0     	34.7     	39.1     	41.9     	33.2     	32.7     	32.9     	29.1     	28.8     
	2026-04-13  	11:34:34  	00:00:44  	         	28.3     	25.1     	32.1     	44.0     	43.8     	61.2     	72.0     	63.1     	86.6     	81.3     	92.1     	90.8     	80.8     	80.5     	79.3     	80.0     	78.8     	70.3     	63.5     	64.6     	64.4     	63.3     	59.7     	57.9     	53.8     	49.5     	41.9     	35.9     	41.0     	45.8     	48.0     	39.5     	37.6     	35.2     	30.0     	28.8     
	2026-04-13  	11:34:35  	00:00:45  	         	24.1     	27.6     	29.2     	43.3     	40.6     	61.5     	73.3     	62.5     	85.5     	84.3     	91.2     	91.2     	79.9     	81.1     	79.0     	79.7     	80.3     	71.3     	63.9     	65.2     	63.5     	62.1     	59.1     	56.2     	53.3     	49.1     	39.1     	33.3     	35.5     	39.9     	42.1     	34.0     	33.1     	32.4     	28.5     	28.8     
	2026-04-13  	11:34:36  	00:00:46  	         	30.8     	28.9     	32.2     	51.4     	44.0     	53.4     	63.4     	62.7     	81.7     	82.0     	92.9     	95.1     	81.8     	83.3     	78.6     	78.7     	79.3     	71.0     	63.2     	63.5     	61.6     	60.2     	57.1     	53.9     	51.2     	47.7     	38.3     	33.5     	36.4     	40.1     	41.8     	34.1     	34.1     	34.2     	29.8     	28.9     
	2026-04-13  	11:34:37  	00:00:47  	         	30.4     	29.3     	26.7     	47.7     	40.6     	60.1     	69.6     	61.9     	86.1     	82.1     	91.8     	90.6     	80.6     	83.5     	79.0     	79.5     	80.3     	70.6     	63.2     	63.3     	60.8     	61.6     	57.8     	53.6     	52.2     	49.0     	38.8     	35.5     	37.1     	41.5     	43.7     	35.8     	35.0     	34.1     	29.6     	28.9     
	2026-04-13  	11:34:38  	00:00:48  	         	29.9     	26.3     	23.9     	39.4     	43.7     	56.9     	66.9     	64.8     	87.0     	83.9     	90.2     	90.1     	81.7     	83.2     	79.1     	78.6     	79.4     	70.8     	64.3     	63.1     	61.1     	60.7     	57.7     	54.6     	52.0     	47.9     	37.8     	35.2     	36.4     	42.3     	43.5     	35.8     	35.4     	34.0     	29.4     	28.8     
	2026-04-13  	11:34:39  	00:00:49  	         	27.8     	26.8     	28.9     	43.9     	41.8     	62.4     	69.9     	62.6     	82.5     	80.2     	91.3     	89.7     	81.1     	81.1     	79.3     	78.7     	78.8     	70.3     	64.5     	62.6     	61.6     	61.4     	58.5     	55.6     	55.0     	48.6     	38.6     	33.7     	37.6     	40.7     	43.7     	34.5     	34.0     	33.5     	29.1     	28.9     
	2026-04-13  	11:34:40  	00:00:50  	         	27.1     	27.7     	30.8     	41.9     	38.8     	61.5     	71.2     	64.7     	85.4     	84.3     	92.5     	90.0     	80.6     	81.7     	78.4     	79.4     	80.0     	70.5     	64.0     	61.5     	59.8     	59.7     	56.9     	54.4     	52.5     	48.9     	38.8     	35.2     	40.3     	45.5     	47.8     	39.1     	38.0     	35.8     	30.5     	28.9     
	2026-04-13  	11:34:41  	00:00:51  	         	31.0     	30.4     	31.5     	42.8     	38.2     	60.2     	71.8     	63.0     	82.8     	85.3     	93.2     	91.6     	82.0     	80.5     	78.7     	78.8     	79.2     	69.6     	62.9     	63.3     	62.1     	59.7     	57.0     	54.2     	51.5     	48.9     	39.5     	34.5     	39.5     	45.4     	47.0     	38.8     	37.7     	35.7     	30.2     	28.8     
	2026-04-13  	11:34:42  	00:00:52  	         	27.3     	34.5     	33.7     	45.5     	38.7     	58.9     	68.2     	61.2     	85.4     	85.9     	92.0     	95.2     	83.1     	81.9     	76.7     	77.5     	78.8     	71.4     	65.6     	65.9     	66.8     	63.1     	61.0     	59.9     	58.0     	59.0     	59.9     	60.3     	60.9     	47.3     	44.1     	35.7     	34.9     	33.7     	29.6     	28.8     
	2026-04-13  	11:34:43  	00:00:53  	         	26.9     	24.8     	30.4     	48.6     	46.4     	61.0     	69.9     	63.0     	84.4     	82.9     	92.6     	91.7     	81.4     	82.2     	79.6     	78.0     	78.1     	70.2     	64.6     	65.6     	66.7     	65.6     	68.4     	70.0     	66.8     	60.8     	55.9     	57.7     	52.9     	47.8     	46.1     	38.5     	37.7     	35.9     	30.6     	28.8     
	2026-04-13  	11:34:44  	00:00:54  	         	31.1     	23.3     	31.6     	50.2     	41.9     	60.8     	70.2     	61.1     	87.9     	83.0     	90.6     	88.5     	82.6     	82.8     	79.9     	79.3     	79.3     	71.3     	65.2     	64.9     	64.0     	66.1     	68.8     	70.5     	70.9     	61.0     	53.7     	54.1     	52.2     	43.4     	44.3     	35.7     	34.9     	34.3     	30.0     	29.0     
	2026-04-13  	11:34:45  	00:00:55  	         	29.4     	22.6     	33.9     	49.7     	40.9     	62.2     	71.3     	62.8     	87.8     	83.5     	91.4     	93.4     	81.9     	83.5     	77.8     	78.2     	78.6     	69.9     	63.8     	64.9     	64.6     	63.8     	69.0     	64.8     	69.3     	62.2     	56.2     	43.7     	51.9     	48.3     	47.1     	38.6     	37.1     	34.5     	29.4     	28.7     
	2026-04-13  	11:34:46  	00:00:56  	         	27.0     	22.1     	28.8     	45.3     	42.6     	60.0     	68.9     	60.7     	87.8     	84.7     	92.7     	93.9     	82.2     	82.3     	78.3     	78.8     	78.9     	71.3     	65.1     	64.1     	64.2     	64.1     	66.5     	69.9     	66.7     	63.5     	60.8     	52.9     	48.0     	44.3     	44.8     	36.6     	35.5     	34.6     	29.8     	28.8     
	2026-04-13  	11:34:47  	00:00:57  	         	30.8     	26.4     	31.7     	48.2     	43.0     	59.2     	70.5     	63.6     	88.2     	84.4     	91.3     	91.5     	83.1     	81.5     	80.0     	79.0     	79.5     	71.5     	63.7     	65.5     	64.5     	62.0     	70.5     	69.0     	68.1     	64.1     	60.3     	56.5     	50.8     	43.2     	44.9     	35.6     	34.4     	33.7     	29.5     	28.8     

# RTA LOG Results over the whole log period
	2026-04-13  	11:34:47  	00:00:57  	         	29.5     	27.5     	30.8     	46.8     	42.6     	56.9     	66.9     	59.8     	83.0     	81.4     	89.8     	88.7     	78.0     	78.7     	75.1     	75.2     	75.5     	67.0     	60.5     	62.0     	60.7     	60.4     	61.5     	64.0     	59.7     	54.4     	49.2     	47.0     	47.3     	53.4     	46.0     	33.7     	33.2     	31.5     	28.3     	28.8     

#CheckSum
	CA3A2E6D7DB79DBC2F64B3AA9B80E8B4