XL2 RTA Spectrum Logging:		KU1000WFS\2026-04-14_SLM_006_RTA_3rd_Log.txt                                   
-------------------------


# Hardware Configuration
	Device Info:    	XL2, SNo. A2A-17501-E0, FW4.33
	Mic Sensitivity:	8.6 mV/Pa
	                	(User calibrated 2026-04-13  13:51)
	Time Zone:      	UTC+01:00 (Europe/Berlin)

# Measurement Setup
	Profile:        	Full mode
	Timer mode:     	continuous
	Timer set:      	--:--:--
	Log-Interval:   	00:00:01
	Resolution:     	1/3 Octave
	Range:          	40 - 140 dB

# Time
	Start:          	2026-04-14, 16:35:08
	End:            	2026-04-14, 16:38:19

# RTA LOG Results 
	            	          	          	         	LZeq_dt  	LZeq_dt  	LZeq_dt  	LZeq_dt  	LZeq_dt  	LZeq_dt  	LZeq_dt  	LZeq_dt  	LZeq_dt  	LZeq_dt  	LZeq_dt  	LZeq_dt  	LZeq_dt  	LZeq_dt  	LZeq_dt  	LZeq_dt  	LZeq_dt  	LZeq_dt  	LZeq_dt  	LZeq_dt  	LZeq_dt  	LZeq_dt  	LZeq_dt  	LZeq_dt  	LZeq_dt  	LZeq_dt  	LZeq_dt  	LZeq_dt  	LZeq_dt  	LZeq_dt  	LZeq_dt  	LZeq_dt  	LZeq_dt  	LZeq_dt  	LZeq_dt  	LZeq_dt  
	Date        	Time      	Timer     	Band [Hz]	6.3      	8.0      	10.0     	12.5     	16.0     	20.0     	25.0     	31.5     	40.0     	50.0     	63.0     	80.0     	100.0    	125.0    	160.0    	200.0    	250.0    	315.0    	400.0    	500.0    	630.0    	800.0    	1000.0   	1250.0   	1600.0   	2000.0   	2500.0   	3150.0   	4000.0   	5000.0   	6300.0   	8000.0   	10000.0  	12500.0  	16000.0  	20000.0  
	[YYYY-MM-DD]	[hh:mm:ss]	[hh:mm:ss]	         	[dB]     	[dB]     	[dB]     	[dB]     	[dB]     	[dB]     	[dB]     	[dB]     	[dB]     	[dB]     	[dB]     	[dB]     	[dB]     	[dB]     	[dB]     	[dB]     	[dB]     	[dB]     	[dB]     	[dB]     	[dB]     	[dB]     	[dB]     	[dB]     	[dB]     	[dB]     	[dB]     	[dB]     	[dB]     	[dB]     	[dB]     	[dB]     	[dB]     	[dB]     	[dB]     	[dB]     
	2026-04-14  	16:35:09  	00:00:01  	         	31.0     	30.0     	27.9     	42.4     	45.6     	46.1     	56.1     	57.8     	71.4     	73.9     	71.4     	70.3     	57.6     	56.9     	55.5     	47.3     	53.8     	52.8     	56.0     	60.8     	45.7     	53.2     	49.0     	56.9     	45.0     	39.3     	29.4     	25.8     	29.1     	23.1     	22.5     	23.5     	24.5     	26.1     	27.0     	29.0     
	2026-04-14  	16:35:10  	00:00:02  	         	31.3     	29.6     	30.4     	44.4     	42.9     	45.7     	60.3     	58.4     	67.3     	73.0     	71.4     	72.7     	55.8     	55.9     	55.3     	44.9     	53.5     	51.9     	57.6     	63.3     	46.6     	54.2     	50.9     	59.5     	47.4     	41.5     	31.8     	27.3     	30.7     	23.7     	22.4     	23.4     	24.4     	26.1     	26.9     	29.1     
	2026-04-14  	16:35:11  	00:00:03  	         	28.2     	27.5     	26.9     	44.4     	44.0     	44.6     	58.0     	58.2     	68.8     	73.5     	72.1     	70.5     	56.2     	57.3     	55.2     	45.2     	54.3     	52.8     	57.0     	62.5     	47.6     	53.4     	50.6     	58.5     	47.1     	40.9     	31.4     	28.3     	30.5     	28.6     	22.8     	23.4     	24.3     	26.1     	27.1     	29.0     
	2026-04-14  	16:35:12  	00:00:04  	         	33.1     	30.6     	28.8     	41.6     	44.0     	45.6     	58.8     	58.5     	69.4     	74.0     	71.9     	69.8     	56.2     	57.1     	54.9     	48.1     	54.7     	53.1     	56.8     	62.3     	47.9     	54.1     	50.3     	58.5     	46.8     	41.6     	35.6     	38.4     	50.1     	55.6     	41.0     	26.5     	27.4     	26.2     	27.1     	29.1     
	2026-04-14  	16:35:13  	00:00:05  	         	27.1     	31.4     	30.3     	37.7     	44.5     	45.9     	55.8     	62.4     	75.2     	78.5     	82.7     	80.6     	59.2     	57.2     	56.4     	51.7     	55.7     	55.1     	50.6     	46.8     	47.0     	47.0     	50.9     	44.6     	40.8     	34.6     	29.2     	24.4     	26.0     	28.7     	22.5     	23.7     	24.5     	26.3     	27.1     	29.0     
	2026-04-14  	16:35:14  	00:00:06  	         	29.7     	24.5     	27.8     	44.2     	43.8     	46.2     	54.4     	57.4     	67.1     	73.5     	72.7     	68.5     	56.7     	57.8     	55.7     	46.3     	53.8     	48.4     	45.6     	45.5     	44.4     	44.3     	43.0     	38.9     	32.9     	29.9     	23.7     	21.2     	20.9     	21.3     	22.3     	23.5     	24.5     	26.0     	27.0     	29.0     
	2026-04-14  	16:35:15  	00:00:07  	         	28.2     	31.2     	30.7     	45.0     	43.3     	43.8     	53.7     	56.9     	63.0     	73.7     	70.9     	70.4     	55.2     	57.7     	54.8     	47.0     	53.7     	48.1     	46.5     	47.5     	46.0     	43.7     	41.3     	39.4     	33.5     	30.3     	25.4     	22.5     	21.1     	21.5     	22.1     	23.4     	24.5     	26.1     	26.9     	29.2     
	2026-04-14  	16:35:16  	00:00:08  	         	30.7     	32.5     	26.7     	42.8     	44.0     	54.2     	54.3     	55.2     	73.4     	72.8     	73.7     	72.0     	61.5     	58.4     	56.2     	53.3     	52.6     	49.3     	45.5     	45.1     	42.2     	38.9     	37.8     	32.5     	30.7     	29.8     	22.5     	21.3     	21.0     	21.7     	22.3     	23.4     	24.3     	26.0     	27.1     	29.1     
	2026-04-14  	16:35:17  	00:00:09  	         	29.5     	27.6     	25.2     	45.0     	38.4     	59.3     	67.7     	62.3     	78.8     	71.9     	84.3     	85.0     	71.2     	66.2     	62.7     	60.3     	61.5     	51.8     	47.4     	46.0     	43.0     	40.0     	36.8     	31.9     	30.9     	29.1     	21.9     	20.8     	20.9     	21.5     	22.3     	23.5     	24.5     	26.0     	27.1     	29.0     
	2026-04-14  	16:35:18  	00:00:10  	         	30.4     	26.3     	26.4     	43.0     	40.8     	48.7     	57.7     	56.9     	88.5     	81.9     	81.3     	89.1     	72.2     	68.5     	64.8     	65.1     	64.5     	56.4     	50.9     	45.7     	44.6     	42.9     	41.9     	37.8     	31.1     	29.7     	22.2     	20.4     	20.8     	21.2     	22.2     	23.3     	24.6     	26.0     	27.0     	29.2     
	2026-04-14  	16:35:19  	00:00:11  	         	37.7     	31.9     	29.5     	42.4     	41.9     	51.1     	63.5     	57.8     	88.8     	86.4     	77.9     	80.1     	76.8     	72.0     	70.0     	65.5     	65.9     	56.7     	51.7     	50.0     	46.4     	43.1     	42.1     	37.1     	32.1     	30.3     	22.7     	21.2     	21.6     	21.3     	22.2     	23.5     	24.5     	26.1     	27.0     	29.1     
	2026-04-14  	16:35:20  	00:00:12  	         	30.8     	32.7     	30.1     	40.8     	40.0     	52.0     	62.7     	51.7     	79.1     	84.3     	81.9     	82.5     	75.1     	72.3     	69.0     	68.2     	67.6     	57.8     	52.9     	48.6     	46.2     	41.7     	41.0     	36.6     	31.7     	30.3     	22.6     	21.0     	21.1     	21.7     	22.3     	23.4     	24.4     	26.0     	26.9     	29.1     
	2026-04-14  	16:35:21  	00:00:13  	         	32.4     	32.0     	34.4     	44.3     	38.0     	47.4     	52.0     	46.9     	74.8     	74.2     	86.8     	83.2     	73.2     	77.8     	69.3     	68.0     	68.3     	57.6     	53.1     	50.5     	46.6     	41.1     	41.1     	36.8     	33.1     	30.5     	22.2     	21.3     	20.8     	21.4     	22.3     	23.3     	24.4     	26.0     	27.0     	29.0     
	2026-04-14  	16:35:22  	00:00:14  	         	31.2     	29.5     	29.8     	41.7     	34.4     	47.6     	54.8     	51.2     	74.3     	71.7     	89.3     	80.3     	67.7     	70.5     	70.8     	74.8     	69.4     	59.2     	53.0     	53.2     	46.2     	42.5     	40.3     	35.9     	33.2     	30.4     	21.6     	20.6     	20.7     	21.5     	22.3     	23.4     	24.5     	26.1     	26.9     	29.0     
	2026-04-14  	16:35:23  	00:00:15  	         	32.7     	31.8     	30.9     	46.6     	41.3     	45.3     	58.9     	55.1     	76.8     	75.2     	93.8     	87.4     	68.7     	75.1     	74.0     	69.4     	70.7     	60.7     	55.9     	52.1     	47.2     	43.9     	42.1     	37.2     	33.8     	30.8     	22.4     	20.5     	21.1     	21.7     	22.4     	23.5     	24.5     	26.1     	27.0     	29.1     
	2026-04-14  	16:35:24  	00:00:16  	         	26.6     	30.8     	31.0     	35.0     	35.1     	49.8     	61.3     	53.0     	79.5     	76.8     	91.1     	96.2     	70.1     	72.2     	73.0     	69.8     	69.1     	60.9     	56.2     	52.7     	49.2     	43.3     	43.6     	37.5     	34.0     	30.9     	23.0     	20.9     	21.0     	21.5     	22.3     	23.4     	24.4     	26.1     	26.9     	29.1     
	2026-04-14  	16:35:25  	00:00:17  	         	33.6     	29.2     	30.9     	41.1     	35.7     	49.9     	56.9     	51.4     	75.9     	80.7     	82.2     	82.1     	77.4     	71.9     	70.1     	66.1     	66.0     	57.7     	51.9     	49.8     	46.0     	43.4     	41.2     	36.8     	32.4     	29.9     	22.0     	20.8     	21.0     	21.5     	22.3     	23.5     	24.5     	26.0     	27.1     	29.2     
	2026-04-14  	16:35:26  	00:00:18  	         	31.4     	31.5     	35.4     	39.4     	36.4     	46.8     	58.6     	50.0     	69.4     	84.0     	84.0     	85.9     	73.7     	72.4     	70.8     	67.6     	65.8     	57.0     	52.5     	52.2     	45.9     	43.1     	40.2     	36.1     	32.1     	29.9     	21.7     	20.9     	21.3     	21.7     	22.4     	23.5     	24.5     	26.0     	27.0     	29.0     
	2026-04-14  	16:35:27  	00:00:19  	         	32.5     	29.1     	31.7     	40.8     	37.6     	47.7     	57.5     	53.2     	73.3     	77.5     	82.3     	78.0     	76.0     	79.3     	67.8     	68.9     	68.5     	61.6     	57.2     	52.7     	54.5     	50.0     	47.6     	43.7     	36.6     	32.6     	24.9     	21.4     	21.1     	21.6     	22.3     	23.5     	24.5     	26.0     	27.0     	29.1     
	2026-04-14  	16:35:28  	00:00:20  	         	34.5     	36.0     	28.0     	37.8     	38.7     	51.5     	62.7     	53.6     	78.5     	76.9     	81.3     	82.1     	75.7     	80.9     	68.3     	68.7     	67.4     	60.4     	55.4     	53.1     	54.3     	48.4     	47.7     	45.2     	37.4     	33.2     	24.9     	21.6     	21.4     	21.8     	22.3     	23.5     	24.3     	26.1     	27.0     	29.2     
	2026-04-14  	16:35:29  	00:00:21  	         	29.9     	27.5     	27.4     	41.4     	42.2     	44.3     	58.8     	49.3     	75.5     	75.2     	88.4     	84.4     	69.2     	71.6     	70.4     	70.7     	69.2     	59.0     	53.1     	53.0     	51.2     	45.8     	45.8     	40.8     	35.9     	33.3     	24.4     	21.5     	21.1     	21.5     	22.3     	23.5     	24.5     	26.0     	27.0     	29.0     
	2026-04-14  	16:35:30  	00:00:22  	         	27.7     	31.2     	31.2     	41.4     	36.1     	47.1     	59.2     	53.7     	77.7     	77.8     	93.8     	80.5     	70.7     	70.8     	66.5     	67.4     	68.9     	62.6     	57.9     	53.1     	56.9     	51.4     	44.9     	39.7     	35.1     	32.7     	24.9     	22.7     	21.3     	21.6     	22.4     	23.4     	24.5     	26.1     	27.0     	29.2     
	2026-04-14  	16:35:31  	00:00:23  	         	32.2     	30.4     	31.6     	40.6     	39.6     	54.9     	65.5     	57.5     	85.4     	79.5     	78.4     	85.2     	71.2     	71.2     	65.0     	64.3     	64.1     	56.9     	54.3     	55.9     	55.4     	51.3     	48.6     	43.8     	37.6     	36.1     	26.4     	22.3     	24.0     	27.1     	25.0     	23.8     	24.7     	26.1     	27.1     	29.1     
	2026-04-14  	16:35:32  	00:00:24  	         	26.7     	30.8     	32.7     	48.0     	42.7     	58.3     	68.6     	53.6     	85.5     	86.3     	74.0     	76.6     	76.7     	69.1     	68.8     	65.1     	66.9     	59.4     	51.4     	52.0     	50.2     	46.3     	42.9     	38.5     	32.8     	30.8     	24.0     	21.6     	21.1     	21.5     	22.3     	23.4     	24.4     	26.1     	26.9     	29.0     
	2026-04-14  	16:35:33  	00:00:25  	         	28.4     	24.9     	32.6     	44.7     	43.5     	50.4     	60.0     	54.1     	72.6     	80.8     	86.8     	87.3     	75.1     	77.0     	70.1     	66.8     	65.3     	58.8     	53.0     	50.9     	47.0     	42.3     	40.5     	36.4     	32.1     	30.9     	23.2     	20.8     	21.0     	21.5     	22.3     	23.5     	24.4     	26.0     	27.1     	29.1     
	2026-04-14  	16:35:34  	00:00:26  	         	32.2     	29.1     	27.4     	37.8     	33.9     	53.6     	59.9     	49.5     	67.9     	73.5     	88.1     	80.4     	70.4     	74.5     	69.6     	70.3     	66.8     	58.0     	53.5     	53.0     	51.6     	44.1     	41.4     	37.3     	38.6     	32.5     	30.4     	26.3     	22.1     	23.0     	22.8     	23.4     	24.5     	26.1     	27.0     	29.2     
	2026-04-14  	16:35:35  	00:00:27  	         	28.8     	26.9     	29.1     	44.3     	36.7     	52.9     	68.6     	59.6     	78.0     	81.7     	93.7     	87.4     	70.0     	73.5     	71.6     	69.9     	70.1     	59.3     	53.1     	52.5     	47.7     	43.9     	41.7     	37.5     	34.6     	30.8     	24.2     	21.2     	22.0     	22.2     	22.7     	23.6     	24.5     	26.1     	27.0     	29.1     
	2026-04-14  	16:35:36  	00:00:28  	         	25.9     	25.8     	25.0     	43.6     	42.0     	57.0     	66.9     	59.9     	84.6     	80.5     	94.7     	87.1     	75.0     	72.6     	69.3     	70.0     	69.5     	60.7     	54.9     	50.1     	46.3     	43.6     	41.9     	36.7     	33.1     	31.0     	22.8     	20.7     	22.0     	22.5     	22.9     	23.6     	24.5     	26.0     	26.9     	29.1     
	2026-04-14  	16:35:37  	00:00:29  	         	27.9     	23.8     	31.2     	48.0     	42.7     	53.8     	60.2     	54.5     	80.3     	80.2     	90.1     	89.2     	69.5     	71.9     	69.7     	70.9     	69.1     	60.2     	56.1     	52.8     	47.8     	43.1     	41.2     	37.5     	32.9     	30.9     	22.8     	20.9     	21.2     	21.8     	22.5     	23.5     	24.4     	26.2     	27.0     	29.1     
	2026-04-14  	16:35:38  	00:00:30  	         	31.3     	33.0     	31.6     	45.4     	39.9     	55.7     	65.5     	59.8     	83.6     	81.7     	88.8     	84.4     	70.9     	71.3     	69.7     	70.5     	68.7     	63.6     	55.6     	52.1     	54.9     	48.8     	43.8     	39.9     	36.0     	36.6     	26.4     	22.0     	21.5     	21.9     	22.4     	23.4     	24.4     	26.1     	26.8     	29.1     
	2026-04-14  	16:35:39  	00:00:31  	         	29.2     	33.0     	30.6     	42.4     	39.9     	54.1     	60.9     	54.4     	77.9     	75.4     	88.5     	82.4     	69.6     	69.4     	69.9     	70.1     	68.6     	61.6     	57.3     	51.8     	48.7     	44.8     	41.0     	38.3     	33.3     	31.3     	23.6     	21.0     	21.2     	21.6     	22.3     	23.3     	24.4     	26.0     	27.1     	29.1     
	2026-04-14  	16:35:40  	00:00:32  	         	25.4     	28.0     	27.4     	44.8     	43.3     	60.0     	69.9     	60.6     	73.9     	73.1     	88.0     	81.6     	70.9     	72.5     	69.9     	69.1     	68.5     	62.0     	54.8     	54.3     	50.9     	49.7     	44.9     	40.2     	37.8     	36.0     	27.3     	21.8     	24.2     	26.6     	24.3     	23.7     	24.6     	26.1     	26.9     	29.1     
	2026-04-14  	16:35:41  	00:00:33  	         	23.3     	25.1     	34.0     	49.8     	41.8     	56.9     	67.3     	59.9     	77.1     	80.0     	89.1     	84.1     	72.6     	72.9     	70.2     	68.7     	68.4     	63.3     	56.3     	52.3     	58.2     	47.9     	49.0     	43.0     	36.9     	32.3     	26.0     	22.1     	22.2     	22.4     	22.8     	23.5     	24.4     	26.1     	27.0     	29.1     
	2026-04-14  	16:35:42  	00:00:34  	         	33.7     	35.1     	33.5     	44.0     	37.6     	48.9     	60.9     	49.5     	73.5     	74.7     	89.5     	86.0     	69.8     	70.6     	69.1     	69.7     	68.5     	63.4     	57.2     	52.1     	50.5     	46.4     	45.4     	39.9     	35.8     	34.7     	25.8     	22.8     	21.5     	21.6     	22.4     	23.4     	24.5     	26.1     	27.0     	29.0     
	2026-04-14  	16:35:43  	00:00:35  	         	28.7     	29.2     	31.1     	44.1     	38.1     	45.6     	55.4     	45.6     	67.8     	69.3     	88.8     	81.9     	72.0     	71.8     	70.4     	70.9     	68.2     	60.3     	57.2     	51.6     	55.3     	48.9     	47.2     	44.4     	40.7     	36.3     	25.7     	21.3     	21.8     	21.6     	22.3     	23.5     	24.6     	26.2     	26.9     	29.1     
	2026-04-14  	16:35:44  	00:00:36  	         	27.5     	23.2     	26.2     	45.4     	40.6     	45.0     	58.0     	50.9     	73.6     	71.7     	89.2     	86.3     	72.6     	69.6     	70.9     	71.0     	68.7     	60.4     	55.9     	51.9     	47.8     	47.0     	44.4     	40.4     	34.8     	31.8     	23.1     	20.7     	20.8     	21.6     	22.4     	23.6     	24.5     	26.2     	27.1     	29.2     
	2026-04-14  	16:35:45  	00:00:37  	         	32.8     	26.2     	31.2     	36.1     	36.3     	52.5     	65.0     	59.2     	79.1     	79.2     	90.4     	85.3     	73.2     	71.4     	69.3     	71.0     	67.7     	60.3     	55.0     	50.7     	46.8     	43.3     	40.9     	38.0     	33.8     	30.8     	22.9     	20.6     	21.9     	22.4     	22.7     	23.4     	24.5     	26.2     	27.0     	29.1     
	2026-04-14  	16:35:46  	00:00:38  	         	33.2     	30.2     	33.6     	40.4     	40.7     	61.5     	69.8     	61.2     	84.1     	82.2     	90.3     	90.8     	81.7     	81.1     	78.5     	80.1     	78.3     	70.4     	60.9     	58.2     	53.7     	50.2     	42.6     	38.5     	33.8     	31.3     	23.9     	21.5     	23.9     	25.6     	24.1     	23.6     	24.6     	26.1     	27.0     	29.1     
	2026-04-14  	16:35:47  	00:00:39  	         	27.8     	29.4     	30.8     	41.1     	44.8     	61.7     	71.7     	63.8     	85.0     	83.4     	93.8     	92.3     	82.6     	81.9     	80.4     	79.4     	80.0     	71.7     	63.2     	59.1     	54.0     	51.1     	43.6     	39.6     	35.0     	31.6     	25.0     	22.5     	26.3     	29.9     	26.4     	24.1     	25.0     	26.2     	27.1     	29.1     
	2026-04-14  	16:35:48  	00:00:40  	         	29.4     	34.3     	27.7     	47.4     	42.0     	58.3     	68.5     	63.0     	86.0     	87.2     	92.2     	94.4     	83.5     	81.0     	79.3     	79.9     	78.8     	70.2     	62.5     	59.5     	54.5     	49.7     	43.8     	39.3     	34.3     	31.9     	24.6     	21.9     	24.7     	27.4     	24.8     	23.7     	24.8     	26.3     	27.0     	29.0     
	2026-04-14  	16:35:49  	00:00:41  	         	26.6     	29.9     	31.0     	46.6     	40.6     	58.6     	67.6     	63.4     	89.7     	88.1     	91.5     	92.9     	83.1     	83.8     	81.1     	78.9     	80.0     	72.4     	63.9     	59.5     	59.6     	53.6     	51.4     	46.2     	39.2     	36.3     	26.1     	23.3     	24.4     	26.1     	24.2     	23.7     	24.7     	26.3     	27.0     	29.3     
	2026-04-14  	16:35:50  	00:00:42  	         	21.2     	31.7     	30.5     	49.9     	40.9     	57.1     	69.5     	61.2     	86.7     	84.2     	94.0     	91.5     	84.0     	83.2     	79.6     	78.0     	78.6     	70.4     	63.3     	59.1     	55.0     	50.9     	44.8     	39.7     	34.6     	31.4     	24.4     	22.2     	24.4     	26.7     	24.5     	23.9     	24.9     	26.2     	27.0     	29.2     
	2026-04-14  	16:35:51  	00:00:43  	         	34.3     	33.0     	32.7     	45.7     	43.2     	60.6     	68.3     	62.2     	88.0     	82.6     	91.1     	94.1     	83.9     	82.5     	79.9     	78.9     	78.6     	71.4     	64.3     	58.4     	56.5     	52.5     	45.7     	39.3     	35.1     	33.6     	24.1     	21.7     	23.6     	25.8     	24.2     	23.8     	24.6     	26.2     	27.0     	29.1     
	2026-04-14  	16:35:52  	00:00:44  	         	27.9     	33.9     	30.8     	45.5     	42.8     	63.0     	73.0     	63.3     	85.2     	81.9     	92.1     	89.4     	81.3     	80.2     	79.6     	79.4     	78.0     	69.8     	62.5     	60.2     	57.5     	53.5     	46.3     	42.6     	36.2     	32.2     	26.9     	23.2     	27.5     	30.7     	27.2     	24.4     	25.2     	26.1     	27.1     	29.1     
	2026-04-14  	16:35:53  	00:00:45  	         	30.6     	27.2     	31.0     	46.4     	42.3     	58.5     	73.1     	62.3     	85.7     	84.7     	92.0     	92.9     	81.3     	81.2     	79.8     	79.3     	79.3     	71.0     	63.0     	60.0     	56.4     	52.2     	45.0     	40.7     	36.0     	32.4     	25.2     	22.4     	24.6     	26.9     	24.6     	23.9     	24.9     	26.1     	26.9     	29.1     
	2026-04-14  	16:35:54  	00:00:46  	         	29.2     	24.3     	28.7     	45.4     	43.9     	55.2     	64.4     	63.0     	82.2     	82.8     	93.1     	95.6     	83.0     	83.4     	80.4     	78.5     	78.2     	70.9     	62.4     	59.9     	55.1     	51.6     	43.9     	40.0     	34.4     	31.7     	24.1     	21.4     	24.1     	25.5     	23.8     	23.9     	24.6     	26.1     	27.0     	29.1     
	2026-04-14  	16:35:55  	00:00:47  	         	33.5     	31.0     	34.1     	44.8     	42.1     	60.0     	69.8     	63.7     	87.7     	83.2     	92.7     	90.9     	80.8     	82.6     	79.5     	78.6     	79.2     	69.4     	62.5     	59.1     	55.1     	52.3     	44.5     	40.2     	34.4     	31.9     	24.6     	22.5     	25.0     	27.5     	24.9     	23.8     	24.8     	26.3     	27.1     	29.1     
	2026-04-14  	16:35:56  	00:00:48  	         	33.6     	29.1     	25.8     	46.2     	43.1     	56.6     	66.6     	63.9     	86.3     	84.0     	90.0     	90.7     	82.8     	83.3     	80.2     	78.1     	78.7     	71.2     	63.9     	59.1     	56.0     	51.8     	44.5     	40.3     	34.3     	31.4     	24.3     	22.4     	24.4     	27.3     	24.8     	23.7     	24.9     	26.3     	27.0     	29.1     
	2026-04-14  	16:35:57  	00:00:49  	         	27.3     	29.5     	26.4     	49.1     	42.5     	62.6     	70.1     	63.3     	84.0     	80.2     	92.1     	89.8     	82.2     	80.6     	79.3     	79.4     	78.0     	69.7     	64.3     	58.3     	54.5     	51.5     	45.1     	40.8     	37.3     	31.7     	26.2     	22.8     	26.3     	29.1     	26.3     	24.1     	25.0     	26.2     	27.1     	29.0     
	2026-04-14  	16:35:58  	00:00:50  	         	30.6     	31.1     	28.9     	49.9     	41.6     	61.8     	71.3     	64.2     	85.8     	85.1     	93.5     	91.0     	82.6     	81.4     	78.1     	79.1     	79.0     	70.7     	63.1     	58.3     	54.5     	50.7     	43.9     	40.2     	34.8     	31.4     	25.2     	22.7     	27.5     	29.5     	26.9     	24.1     	25.0     	26.2     	27.0     	29.1     
	2026-04-14  	16:35:59  	00:00:51  	         	33.1     	25.9     	30.6     	42.1     	41.7     	59.6     	71.9     	63.2     	83.1     	86.5     	92.6     	93.4     	82.9     	80.5     	79.2     	78.5     	77.7     	68.8     	63.7     	58.6     	56.9     	50.3     	44.4     	40.9     	34.6     	31.9     	26.0     	22.9     	26.7     	30.2     	26.5     	24.1     	25.0     	26.3     	27.1     	29.1     
	2026-04-14  	16:36:00  	00:00:52  	         	29.5     	28.5     	29.3     	46.0     	42.7     	59.3     	68.7     	62.0     	87.3     	86.0     	92.7     	95.6     	83.9     	81.5     	77.5     	77.6     	77.8     	70.4     	64.7     	61.7     	60.2     	55.9     	48.7     	44.4     	42.3     	41.2     	44.1     	45.0     	47.7     	33.7     	25.6     	24.0     	24.9     	26.2     	27.1     	29.1     
	2026-04-14  	16:36:01  	00:00:53  	         	26.7     	31.4     	26.2     	45.5     	46.0     	60.6     	69.9     	62.9     	83.6     	83.5     	92.9     	91.7     	82.3     	80.9     	80.1     	78.4     	77.7     	70.7     	64.0     	60.9     	59.0     	56.5     	53.0     	53.6     	51.0     	45.6     	41.2     	42.6     	40.8     	33.3     	26.5     	24.2     	25.0     	26.2     	26.9     	29.1     
	2026-04-14  	16:36:02  	00:00:54  	         	32.8     	27.2     	32.4     	44.6     	43.7     	61.0     	70.5     	61.4     	88.7     	83.3     	91.4     	91.0     	83.9     	82.8     	80.0     	78.2     	77.4     	70.3     	64.1     	59.7     	56.9     	55.1     	53.6     	53.1     	53.0     	43.0     	36.8     	35.6     	34.6     	28.6     	25.7     	23.8     	24.8     	26.2     	27.0     	29.1     
	2026-04-14  	16:36:03  	00:00:55  	         	26.6     	29.9     	32.8     	41.1     	41.7     	62.8     	71.7     	63.1     	89.3     	84.2     	91.3     	93.9     	82.8     	82.8     	79.0     	77.8     	77.7     	69.8     	63.8     	60.5     	57.8     	54.1     	56.4     	50.3     	52.2     	45.1     	39.7     	30.2     	38.1     	34.8     	26.8     	24.2     	25.0     	26.2     	27.0     	28.9     
	2026-04-14  	16:36:04  	00:00:56  	         	35.2     	23.1     	28.4     	39.8     	41.7     	57.3     	68.8     	61.2     	87.9     	85.3     	93.3     	94.7     	82.4     	82.0     	79.0     	78.4     	78.2     	70.9     	62.6     	60.0     	57.5     	54.5     	51.3     	53.6     	49.6     	46.1     	44.0     	37.1     	33.5     	28.5     	24.8     	23.9     	24.7     	26.1     	26.9     	29.0     
	2026-04-14  	16:36:05  	00:00:57  	         	32.2     	32.0     	29.5     	49.7     	44.9     	60.8     	71.0     	63.9     	87.7     	85.3     	91.6     	91.8     	84.3     	80.6     	80.4     	78.5     	78.0     	71.2     	64.4     	61.7     	58.8     	53.1     	57.6     	53.2     	51.1     	46.9     	45.1     	41.3     	37.4     	28.8     	24.9     	23.7     	24.7     	26.0     	27.0     	29.0     
	2026-04-14  	16:36:06  	00:00:58  	         	23.7     	34.8     	29.0     	41.6     	44.8     	57.1     	68.6     	63.1     	86.6     	86.8     	91.8     	90.8     	84.7     	83.6     	80.6     	79.5     	79.8     	69.9     	63.1     	60.2     	58.5     	54.4     	57.3     	50.9     	50.6     	44.2     	43.6     	37.1     	32.4     	29.7     	25.2     	24.0     	24.9     	26.2     	27.1     	29.1     
	2026-04-14  	16:36:07  	00:00:59  	         	33.2     	27.8     	31.1     	37.5     	41.9     	58.0     	70.1     	64.0     	88.0     	86.5     	92.1     	90.5     	83.4     	82.3     	78.8     	77.7     	76.7     	70.4     	63.6     	61.7     	60.3     	56.1     	51.1     	45.9     	40.3     	41.4     	44.5     	37.2     	33.3     	29.7     	24.6     	23.8     	24.8     	26.1     	27.0     	29.1     
	2026-04-14  	16:36:08  	00:01:00  	         	33.1     	23.7     	26.4     	44.9     	42.1     	57.9     	67.3     	61.6     	86.1     	85.5     	92.8     	88.0     	81.3     	79.9     	78.3     	77.9     	79.9     	71.3     	64.5     	60.0     	58.7     	51.6     	47.4     	42.4     	39.2     	37.9     	32.0     	29.6     	34.5     	32.7     	25.9     	23.8     	24.9     	26.3     	27.0     	29.2     
	2026-04-14  	16:36:09  	00:01:01  	         	28.4     	30.5     	28.1     	46.9     	45.3     	55.7     	63.9     	62.2     	85.0     	82.3     	92.6     	92.1     	82.0     	82.1     	79.6     	79.0     	78.2     	70.6     	65.4     	62.2     	57.5     	54.0     	54.7     	51.2     	51.2     	42.2     	36.6     	36.8     	37.3     	34.3     	25.1     	23.7     	24.8     	26.2     	26.9     	29.1     
	2026-04-14  	16:36:10  	00:01:02  	         	36.3     	27.0     	27.5     	45.6     	40.7     	57.2     	70.0     	61.9     	85.0     	83.1     	93.0     	94.7     	82.3     	81.8     	79.1     	80.2     	77.8     	70.2     	63.6     	61.0     	58.3     	55.1     	49.8     	47.1     	46.6     	45.3     	42.6     	45.6     	44.2     	32.8     	25.9     	24.1     	25.0     	26.2     	27.0     	29.1     
	2026-04-14  	16:36:11  	00:01:03  	         	29.7     	29.7     	27.2     	43.3     	41.8     	59.6     	75.2     	65.2     	85.0     	81.9     	91.9     	89.3     	83.8     	84.6     	80.9     	79.7     	78.2     	71.3     	62.7     	59.4     	55.7     	51.9     	47.1     	43.7     	43.0     	36.0     	29.2     	25.1     	27.1     	28.0     	25.5     	24.1     	24.8     	26.2     	27.1     	29.2     
	2026-04-14  	16:36:12  	00:01:04  	         	29.7     	29.1     	31.6     	44.3     	40.2     	57.0     	68.8     	64.4     	84.6     	83.4     	91.7     	95.9     	82.6     	82.8     	80.9     	80.0     	79.8     	70.9     	62.0     	60.0     	56.4     	51.5     	44.2     	39.7     	34.2     	31.5     	25.1     	22.8     	26.1     	27.6     	25.3     	23.9     	24.9     	26.1     	26.9     	29.0     
	2026-04-14  	16:36:13  	00:01:05  	         	32.1     	26.9     	31.7     	48.3     	45.8     	59.5     	72.4     	59.5     	84.6     	81.8     	92.6     	91.3     	79.2     	79.8     	74.5     	73.6     	72.7     	64.7     	61.7     	55.7     	53.2     	50.4     	47.8     	43.9     	36.9     	34.9     	25.6     	23.0     	27.2     	29.8     	26.7     	24.2     	24.8     	26.1     	27.0     	29.2     
	2026-04-14  	16:36:14  	00:01:06  	         	30.0     	29.0     	29.0     	45.2     	39.8     	49.7     	63.9     	53.5     	73.5     	79.4     	91.5     	88.4     	76.1     	73.0     	70.1     	71.4     	68.6     	61.4     	52.6     	50.5     	51.9     	48.2     	44.0     	42.8     	35.8     	32.7     	25.4     	22.3     	21.7     	21.5     	22.4     	23.5     	24.5     	26.1     	26.9     	29.1     
	2026-04-14  	16:36:15  	00:01:07  	         	32.1     	31.7     	30.7     	40.0     	38.6     	56.1     	65.9     	58.0     	78.6     	81.6     	88.7     	84.5     	74.1     	78.2     	71.0     	68.1     	66.6     	56.7     	53.6     	49.5     	46.4     	40.6     	38.6     	35.2     	32.5     	30.5     	24.8     	21.1     	21.2     	21.5     	22.4     	23.5     	24.4     	26.1     	27.0     	29.0     
	2026-04-14  	16:36:16  	00:01:08  	         	28.0     	36.0     	35.7     	45.6     	46.7     	49.8     	61.1     	51.3     	77.4     	79.8     	81.1     	84.6     	75.3     	69.1     	71.2     	67.3     	66.9     	57.3     	54.2     	49.0     	44.8     	40.2     	38.4     	34.5     	31.8     	30.5     	23.7     	21.2     	20.9     	21.5     	22.3     	23.3     	24.3     	26.1     	27.0     	29.1     
	2026-04-14  	16:36:17  	00:01:09  	         	31.9     	37.8     	33.2     	52.0     	44.5     	53.4     	66.2     	56.7     	72.6     	82.2     	85.5     	85.7     	76.3     	69.5     	65.8     	65.7     	64.4     	55.2     	51.0     	48.4     	42.9     	39.6     	39.0     	33.7     	30.4     	29.3     	21.5     	20.5     	21.2     	21.7     	22.6     	23.7     	24.6     	26.1     	27.0     	29.2     
	2026-04-14  	16:36:18  	00:01:10  	         	25.0     	25.5     	30.2     	43.3     	38.7     	48.3     	61.6     	55.1     	85.6     	83.6     	75.0     	85.0     	74.5     	69.9     	66.4     	65.8     	66.7     	57.2     	52.8     	57.3     	53.7     	49.8     	41.7     	41.3     	32.9     	31.5     	25.5     	21.4     	21.0     	21.7     	22.4     	23.6     	24.6     	26.1     	27.0     	29.2     
	2026-04-14  	16:36:19  	00:01:11  	         	25.9     	29.5     	25.7     	40.1     	34.6     	56.5     	66.8     	59.9     	75.4     	73.6     	78.6     	82.5     	67.3     	63.2     	58.9     	58.1     	61.0     	51.1     	50.2     	55.8     	50.5     	45.3     	49.3     	44.6     	37.5     	34.2     	24.9     	21.4     	20.9     	21.5     	22.4     	23.5     	24.5     	26.1     	27.0     	29.1     
	2026-04-14  	16:36:20  	00:01:12  	         	33.5     	33.8     	26.5     	38.0     	43.7     	55.5     	61.0     	57.4     	69.5     	73.1     	75.7     	72.8     	56.3     	58.1     	54.7     	46.4     	60.4     	60.6     	46.2     	46.5     	55.3     	49.5     	47.4     	45.5     	37.1     	30.1     	23.8     	21.0     	21.1     	21.7     	22.4     	23.5     	24.5     	26.1     	27.0     	29.2     
	2026-04-14  	16:36:21  	00:01:13  	         	32.1     	25.0     	29.7     	45.8     	42.5     	48.3     	53.9     	57.0     	66.3     	74.0     	72.0     	71.3     	57.4     	57.9     	54.7     	43.4     	53.2     	49.9     	46.7     	45.3     	40.2     	37.5     	33.7     	28.5     	32.3     	30.2     	23.4     	20.6     	20.8     	21.5     	22.3     	23.5     	24.4     	26.1     	27.1     	29.0     
	2026-04-14  	16:36:22  	00:01:14  	         	25.4     	29.0     	25.3     	45.3     	44.2     	43.7     	50.2     	57.1     	64.0     	73.1     	73.7     	73.7     	55.3     	57.0     	55.1     	45.0     	52.9     	47.5     	43.7     	45.9     	50.0     	39.1     	44.2     	35.2     	29.3     	29.0     	22.6     	21.1     	23.3     	28.0     	23.1     	23.6     	24.4     	26.0     	27.0     	29.0     
	2026-04-14  	16:36:23  	00:01:15  	         	27.1     	24.5     	27.8     	42.8     	43.7     	45.3     	53.6     	56.6     	67.1     	73.1     	70.9     	70.3     	57.5     	57.4     	55.1     	48.2     	54.6     	49.6     	45.4     	44.9     	42.2     	40.1     	37.0     	34.0     	33.5     	34.9     	33.7     	38.0     	49.9     	55.6     	40.9     	26.4     	27.2     	26.2     	27.2     	29.1     
	2026-04-14  	16:36:24  	00:01:16  	         	28.9     	27.0     	29.4     	43.8     	44.3     	39.6     	50.7     	57.1     	62.8     	73.7     	71.6     	73.3     	57.1     	58.4     	55.7     	46.9     	53.1     	50.2     	46.1     	44.3     	44.5     	42.8     	39.9     	36.4     	32.4     	30.3     	22.9     	21.7     	25.2     	28.9     	22.5     	23.5     	24.5     	26.1     	26.9     	29.0     
	2026-04-14  	16:36:25  	00:01:17  	         	30.6     	27.6     	32.4     	44.9     	41.8     	43.3     	52.2     	57.6     	69.1     	74.2     	71.1     	69.7     	56.4     	57.5     	55.4     	49.0     	55.6     	60.0     	54.7     	50.8     	52.7     	50.2     	51.3     	46.4     	38.8     	33.6     	26.0     	23.6     	21.4     	21.8     	22.4     	23.6     	24.5     	26.2     	27.0     	29.2     
	2026-04-14  	16:36:26  	00:01:18  	         	31.2     	31.0     	29.7     	40.1     	43.3     	44.2     	53.6     	57.0     	68.7     	73.6     	71.4     	67.8     	55.5     	58.2     	56.9     	50.0     	57.5     	54.4     	49.5     	50.8     	53.4     	47.3     	44.5     	40.3     	34.7     	32.8     	25.5     	21.8     	21.8     	21.9     	22.4     	23.4     	24.6     	26.2     	26.9     	29.1     
	2026-04-14  	16:36:27  	00:01:19  	         	25.4     	28.0     	31.2     	43.8     	44.6     	47.7     	53.3     	56.9     	66.1     	73.9     	72.1     	70.1     	56.8     	57.4     	55.4     	50.0     	54.1     	51.1     	48.8     	48.7     	44.4     	44.7     	42.2     	38.1     	34.7     	30.9     	23.9     	20.9     	21.3     	21.4     	22.3     	23.4     	24.4     	26.1     	27.0     	29.0     
	2026-04-14  	16:36:28  	00:01:20  	         	24.5     	32.4     	31.0     	42.1     	44.7     	46.3     	54.1     	56.9     	70.8     	72.8     	72.3     	72.8     	56.8     	57.3     	55.4     	47.2     	53.0     	51.2     	47.5     	44.9     	43.5     	45.0     	41.4     	36.5     	33.5     	30.6     	23.3     	21.0     	21.2     	21.6     	22.3     	23.5     	24.5     	26.1     	27.1     	29.2     
	2026-04-14  	16:36:29  	00:01:21  	         	32.6     	27.3     	29.4     	43.2     	44.8     	48.6     	55.9     	57.4     	67.6     	73.3     	70.8     	68.3     	55.7     	57.6     	56.3     	46.3     	53.2     	51.0     	46.0     	46.0     	46.9     	45.8     	41.9     	37.0     	33.7     	31.0     	24.4     	21.3     	21.4     	21.6     	22.4     	23.6     	24.5     	26.2     	27.1     	29.1     
	2026-04-14  	16:36:30  	00:01:22  	         	30.6     	26.9     	30.8     	37.7     	43.2     	47.9     	53.9     	57.2     	67.7     	73.6     	71.8     	72.0     	56.8     	56.4     	54.1     	45.2     	53.6     	51.3     	46.6     	48.0     	46.7     	47.8     	43.8     	37.8     	34.1     	31.9     	24.5     	20.9     	21.0     	21.7     	22.3     	23.3     	24.6     	26.1     	27.0     	29.0     
	2026-04-14  	16:36:31  	00:01:23  	         	24.3     	27.1     	26.7     	39.3     	44.2     	46.9     	54.2     	57.4     	62.6     	74.1     	72.1     	73.8     	55.2     	57.2     	55.3     	48.6     	55.6     	55.8     	49.6     	48.4     	50.1     	48.9     	44.4     	43.5     	35.7     	34.0     	24.2     	21.2     	21.0     	21.5     	22.4     	23.5     	24.5     	26.0     	27.0     	29.2     
	2026-04-14  	16:36:32  	00:01:24  	         	26.6     	24.1     	28.4     	38.6     	42.8     	44.7     	54.6     	57.0     	68.1     	73.0     	70.2     	67.5     	56.7     	58.3     	56.0     	51.3     	61.8     	57.8     	51.6     	55.0     	55.0     	53.4     	49.8     	44.0     	40.8     	35.4     	27.2     	22.9     	21.2     	21.6     	22.3     	23.2     	24.4     	26.0     	27.0     	29.1     
	2026-04-14  	16:36:33  	00:01:25  	         	23.9     	22.4     	34.0     	38.6     	45.1     	43.9     	51.7     	56.9     	64.2     	73.8     	72.4     	69.7     	54.9     	57.0     	56.9     	53.2     	57.9     	54.9     	53.0     	52.5     	51.5     	51.0     	46.8     	43.5     	38.0     	33.4     	26.5     	22.7     	21.3     	21.6     	22.4     	23.5     	24.5     	26.0     	27.0     	29.1     
	2026-04-14  	16:36:34  	00:01:26  	         	30.1     	26.1     	28.9     	43.2     	43.8     	43.0     	54.1     	56.9     	68.6     	73.2     	73.8     	73.6     	57.4     	58.2     	55.8     	50.1     	56.2     	54.8     	52.1     	54.0     	48.0     	50.4     	47.5     	44.0     	38.0     	34.0     	27.2     	22.0     	22.3     	21.8     	22.5     	23.6     	24.4     	26.1     	27.0     	29.2     
	2026-04-14  	16:36:35  	00:01:27  	         	29.7     	31.9     	30.4     	38.5     	43.2     	41.6     	53.4     	57.2     	69.8     	74.1     	72.5     	69.6     	56.1     	56.3     	56.1     	48.9     	56.0     	55.8     	51.1     	47.6     	48.8     	49.5     	46.4     	42.6     	38.0     	34.7     	25.8     	21.5     	21.0     	21.5     	22.3     	23.5     	24.5     	26.0     	26.9     	29.0     
	2026-04-14  	16:36:36  	00:01:28  	         	34.9     	31.1     	30.0     	45.7     	44.5     	44.5     	56.9     	56.9     	70.9     	72.6     	70.0     	68.1     	57.3     	59.0     	57.4     	49.9     	56.0     	56.0     	51.3     	48.3     	49.9     	54.2     	48.0     	40.6     	36.7     	33.0     	27.1     	22.5     	21.4     	21.6     	22.3     	23.5     	24.6     	26.0     	27.0     	29.1     
	2026-04-14  	16:36:37  	00:01:29  	         	33.4     	27.6     	29.8     	48.2     	44.4     	48.2     	54.6     	57.2     	64.5     	73.6     	71.1     	71.2     	56.4     	58.4     	56.3     	49.3     	55.3     	55.7     	54.3     	48.7     	50.9     	53.4     	46.7     	40.9     	37.9     	33.5     	27.1     	21.4     	21.3     	21.7     	22.2     	23.5     	24.5     	26.1     	26.9     	29.2     
	2026-04-14  	16:36:38  	00:01:30  	         	26.4     	27.7     	32.2     	40.3     	45.5     	50.8     	54.7     	56.6     	66.3     	73.7     	72.1     	68.1     	54.7     	57.1     	55.2     	49.1     	55.4     	54.9     	52.8     	47.8     	48.0     	54.0     	45.1     	40.7     	36.4     	33.4     	28.1     	22.9     	21.7     	21.4     	22.3     	23.4     	24.3     	26.0     	27.1     	29.1     
	2026-04-14  	16:36:39  	00:01:31  	         	31.7     	32.9     	32.6     	45.0     	44.5     	47.8     	53.9     	56.8     	68.7     	72.4     	72.5     	72.4     	57.4     	57.4     	55.6     	55.2     	63.7     	60.7     	55.0     	53.9     	57.9     	52.4     	47.4     	45.8     	37.7     	33.5     	24.9     	21.8     	21.3     	21.5     	22.5     	23.5     	24.4     	25.9     	27.0     	29.1     
	2026-04-14  	16:36:40  	00:01:32  	         	31.8     	27.7     	25.4     	45.9     	44.0     	41.0     	49.0     	56.8     	60.0     	74.1     	72.9     	69.8     	55.4     	56.6     	55.4     	51.0     	55.0     	54.0     	50.2     	49.3     	48.2     	49.8     	48.8     	40.2     	36.1     	33.5     	25.7     	21.7     	21.2     	21.4     	22.4     	23.5     	24.5     	26.0     	27.0     	29.1     
	2026-04-14  	16:36:41  	00:01:33  	         	34.9     	30.9     	32.7     	46.7     	46.0     	42.9     	55.1     	56.8     	66.5     	73.0     	71.4     	68.9     	57.1     	56.7     	54.7     	47.4     	55.1     	56.3     	56.6     	61.5     	47.2     	53.0     	49.5     	57.0     	45.4     	39.4     	29.2     	25.8     	29.1     	22.8     	22.3     	23.5     	24.5     	26.2     	27.0     	29.2     
	2026-04-14  	16:36:42  	00:01:34  	         	34.1     	29.2     	29.4     	44.9     	43.6     	38.4     	58.7     	59.5     	67.8     	73.4     	71.4     	70.1     	57.0     	56.5     	54.7     	49.5     	55.2     	55.1     	58.1     	64.1     	45.9     	54.2     	50.6     	59.3     	47.3     	41.1     	30.5     	27.1     	30.9     	23.7     	22.4     	23.6     	24.5     	26.1     	27.0     	29.0     
	2026-04-14  	16:36:43  	00:01:35  	         	29.1     	29.5     	30.3     	36.0     	43.0     	44.9     	57.6     	58.4     	66.8     	73.0     	71.7     	67.9     	55.6     	57.6     	56.2     	51.5     	59.5     	61.5     	58.0     	63.2     	51.6     	54.8     	56.0     	58.4     	46.6     	41.2     	32.0     	27.1     	30.4     	28.2     	22.9     	23.5     	24.5     	26.0     	27.1     	29.1     
	2026-04-14  	16:36:44  	00:01:36  	         	26.1     	32.2     	33.8     	46.1     	44.4     	44.6     	56.3     	57.5     	66.2     	73.0     	70.5     	68.1     	56.3     	57.5     	55.3     	54.9     	61.2     	64.9     	60.2     	63.3     	52.0     	56.7     	57.8     	58.5     	46.6     	41.4     	35.3     	38.3     	50.0     	55.4     	40.8     	26.6     	27.3     	26.3     	27.2     	29.1     
	2026-04-14  	16:36:45  	00:01:37  	         	25.0     	29.9     	30.8     	42.8     	45.2     	48.7     	56.4     	64.0     	73.8     	78.2     	82.7     	81.9     	57.7     	58.0     	57.3     	54.6     	62.4     	62.8     	56.7     	53.2     	50.2     	51.7     	54.2     	47.9     	41.2     	34.8     	29.4     	24.1     	26.0     	29.0     	22.6     	23.5     	24.4     	26.0     	27.0     	29.1     
	2026-04-14  	16:36:46  	00:01:38  	         	31.1     	29.6     	28.5     	38.7     	43.6     	46.7     	50.2     	57.3     	68.7     	72.5     	71.6     	70.7     	57.0     	58.0     	55.7     	48.8     	55.7     	51.3     	45.2     	43.6     	43.6     	43.9     	42.7     	38.4     	30.3     	28.7     	20.5     	20.0     	20.7     	21.5     	22.2     	23.6     	24.5     	26.1     	27.0     	29.1     
	2026-04-14  	16:36:47  	00:01:39  	         	29.6     	27.7     	32.6     	45.8     	44.9     	43.1     	52.2     	57.5     	67.0     	73.9     	71.4     	71.9     	55.6     	57.1     	55.6     	49.9     	55.8     	56.0     	48.1     	42.9     	39.2     	41.9     	38.1     	31.4     	28.0     	29.6     	20.9     	20.1     	21.0     	21.5     	22.3     	23.5     	24.5     	25.9     	27.0     	29.1     
	2026-04-14  	16:36:48  	00:01:40  	         	28.2     	29.1     	32.3     	46.7     	45.4     	44.0     	54.1     	56.9     	67.6     	73.1     	71.0     	69.7     	55.9     	57.1     	55.7     	49.9     	58.9     	56.0     	47.0     	43.8     	39.7     	39.8     	35.7     	30.1     	27.7     	28.8     	20.5     	20.2     	20.7     	21.5     	22.5     	23.7     	24.5     	26.0     	27.0     	29.2     
	2026-04-14  	16:36:49  	00:01:41  	         	31.4     	29.2     	31.9     	44.2     	39.2     	58.3     	64.2     	55.2     	74.0     	72.4     	73.3     	75.9     	63.8     	58.6     	58.5     	57.7     	57.6     	54.9     	48.8     	45.2     	41.3     	40.9     	36.3     	31.3     	27.8     	28.0     	20.9     	20.3     	20.8     	21.7     	22.4     	23.7     	24.5     	26.1     	27.0     	29.2     
	2026-04-14  	16:36:50  	00:01:42  	         	29.0     	28.5     	33.3     	46.2     	41.0     	57.3     	69.3     	63.3     	78.1     	70.8     	80.8     	87.3     	70.1     	68.7     	63.8     	62.6     	63.4     	57.4     	51.9     	49.6     	43.6     	41.5     	39.1     	35.2     	30.3     	29.0     	22.2     	21.2     	22.5     	24.5     	23.5     	23.6     	24.7     	26.0     	26.9     	29.1     
	2026-04-14  	16:36:51  	00:01:43  	         	29.7     	26.4     	34.0     	40.6     	40.2     	48.6     	58.5     	53.5     	88.3     	85.9     	74.0     	79.1     	75.9     	69.2     	69.0     	67.1     	65.1     	61.8     	55.5     	56.1     	53.1     	52.9     	43.9     	42.6     	38.8     	30.3     	24.3     	21.5     	21.4     	21.4     	22.3     	23.4     	24.6     	26.0     	27.0     	29.1     
	2026-04-14  	16:36:52  	00:01:44  	         	29.6     	30.1     	29.3     	44.2     	42.0     	43.5     	54.4     	47.6     	73.0     	82.2     	80.3     	75.5     	74.5     	78.1     	68.3     	68.2     	68.3     	61.3     	55.0     	55.6     	48.9     	49.3     	43.6     	39.3     	36.5     	32.7     	25.4     	21.6     	21.1     	21.5     	22.4     	23.5     	24.4     	26.0     	27.1     	29.1     
	2026-04-14  	16:36:53  	00:01:45  	         	30.2     	32.3     	29.6     	41.2     	40.2     	47.3     	61.1     	53.8     	77.9     	77.8     	93.8     	78.8     	70.4     	70.9     	70.4     	72.2     	71.8     	61.6     	54.9     	56.0     	50.4     	52.5     	46.9     	43.6     	39.5     	31.3     	24.7     	21.9     	21.4     	21.7     	22.3     	23.5     	24.6     	26.1     	27.0     	29.1     
	2026-04-14  	16:36:54  	00:01:46  	         	30.0     	32.5     	31.2     	43.0     	40.3     	43.8     	56.8     	52.7     	84.6     	83.2     	84.3     	84.0     	74.1     	71.2     	68.0     	65.1     	64.8     	60.9     	52.8     	49.3     	47.0     	44.0     	42.3     	37.8     	32.0     	29.9     	22.6     	20.9     	21.0     	21.3     	22.4     	23.3     	24.5     	26.0     	26.9     	29.1     
	2026-04-14  	16:36:55  	00:01:47  	         	30.0     	27.7     	29.1     	42.2     	40.6     	45.3     	55.1     	56.8     	90.9     	84.8     	79.1     	83.7     	75.8     	72.2     	66.0     	66.4     	66.6     	61.0     	53.5     	53.8     	53.9     	54.2     	51.0     	44.9     	38.0     	35.9     	25.9     	21.7     	20.9     	21.5     	22.4     	23.4     	24.5     	26.2     	27.1     	29.2     
	2026-04-14  	16:36:56  	00:01:48  	         	30.1     	30.7     	33.3     	45.2     	35.7     	43.9     	54.4     	51.7     	78.9     	84.6     	81.7     	83.3     	76.2     	74.5     	70.4     	66.8     	65.7     	60.0     	52.9     	50.8     	47.7     	45.1     	43.2     	38.0     	32.6     	29.8     	23.2     	20.4     	20.7     	21.6     	22.5     	23.6     	24.6     	26.0     	26.9     	29.1     
	2026-04-14  	16:36:57  	00:01:49  	         	24.7     	30.1     	29.9     	40.6     	40.4     	44.6     	56.4     	53.7     	74.7     	73.5     	92.5     	80.9     	71.1     	74.3     	68.2     	70.3     	69.4     	59.6     	53.5     	51.8     	46.6     	42.8     	41.4     	37.0     	33.7     	30.7     	23.6     	20.9     	22.2     	23.3     	23.0     	23.6     	24.5     	26.0     	27.1     	29.0     
	2026-04-14  	16:36:58  	00:01:50  	         	34.7     	32.6     	32.1     	36.6     	39.5     	54.4     	65.4     	54.2     	77.2     	72.1     	92.3     	84.5     	70.1     	74.2     	73.3     	69.5     	70.7     	61.3     	56.2     	52.2     	47.2     	43.4     	41.4     	36.3     	32.8     	30.5     	23.8     	23.5     	21.3     	21.6     	22.4     	23.4     	24.5     	26.0     	27.1     	29.1     
	2026-04-14  	16:36:59  	00:01:51  	         	33.0     	24.3     	31.6     	36.6     	43.1     	50.4     	58.4     	49.4     	72.6     	74.3     	89.8     	87.6     	67.6     	75.4     	76.0     	68.0     	68.6     	59.1     	57.0     	52.5     	47.4     	43.9     	41.2     	37.1     	33.4     	30.2     	23.2     	23.6     	21.3     	21.6     	22.3     	23.4     	24.5     	26.0     	27.0     	29.1     
	2026-04-14  	16:37:00  	00:01:52  	         	32.3     	26.3     	33.4     	40.6     	40.3     	50.5     	60.2     	52.7     	78.0     	84.2     	80.3     	74.6     	76.4     	70.1     	68.0     	66.0     	65.9     	56.3     	50.6     	51.9     	44.7     	41.2     	39.5     	33.9     	30.4     	29.1     	22.6     	21.4     	24.7     	27.7     	25.2     	24.0     	24.8     	26.0     	27.0     	29.0     
	2026-04-14  	16:37:01  	00:01:53  	         	32.1     	32.3     	30.7     	48.8     	43.5     	61.8     	71.7     	58.4     	70.4     	76.7     	87.8     	80.6     	71.7     	74.4     	68.8     	69.7     	69.7     	62.0     	54.5     	53.2     	55.4     	49.9     	48.5     	41.5     	39.5     	32.9     	27.7     	22.2     	21.4     	21.6     	22.3     	23.5     	24.6     	26.1     	27.1     	29.2     
	2026-04-14  	16:37:02  	00:01:54  	         	25.7     	28.6     	27.5     	46.2     	42.6     	51.2     	62.4     	55.8     	80.2     	80.0     	93.7     	89.4     	75.1     	74.7     	70.2     	70.4     	69.8     	62.2     	56.4     	51.7     	47.5     	43.7     	41.4     	37.2     	33.1     	30.8     	24.5     	21.3     	21.3     	21.7     	22.4     	23.3     	24.4     	26.1     	26.9     	29.1     
	2026-04-14  	16:37:03  	00:01:55  	         	28.3     	25.2     	25.5     	44.1     	42.7     	57.3     	68.6     	59.9     	75.2     	81.3     	92.0     	88.1     	73.6     	75.6     	73.6     	69.9     	70.7     	59.6     	55.0     	54.1     	50.0     	44.5     	42.1     	39.1     	35.2     	31.9     	26.2     	22.8     	22.5     	22.8     	22.9     	23.6     	24.5     	26.3     	27.0     	29.0     
	2026-04-14  	16:37:04  	00:01:56  	         	22.8     	27.2     	30.3     	43.3     	36.1     	53.2     	64.7     	53.7     	78.1     	79.7     	86.7     	81.5     	72.4     	76.7     	68.4     	68.1     	67.5     	56.2     	54.3     	51.0     	48.1     	44.5     	40.7     	35.8     	33.3     	30.3     	23.7     	21.2     	21.2     	21.8     	22.3     	23.4     	24.5     	26.1     	27.0     	29.1     
	2026-04-14  	16:37:05  	00:01:57  	         	28.4     	29.8     	26.9     	40.0     	39.9     	55.4     	66.3     	57.6     	77.9     	76.3     	82.2     	82.8     	73.1     	79.7     	67.2     	66.3     	65.8     	58.1     	54.0     	53.9     	49.5     	44.8     	41.4     	38.9     	34.5     	31.1     	24.2     	21.8     	24.7     	28.2     	25.4     	23.8     	24.8     	26.1     	27.1     	29.1     
	2026-04-14  	16:37:06  	00:01:58  	         	23.6     	34.1     	29.5     	44.5     	45.2     	61.9     	72.2     	57.9     	68.4     	82.5     	84.7     	86.1     	76.7     	73.3     	70.6     	66.4     	66.3     	63.1     	60.2     	52.0     	53.7     	53.3     	47.7     	43.7     	39.1     	31.6     	23.7     	21.2     	21.3     	21.7     	22.2     	23.6     	24.6     	26.1     	27.0     	29.2     
	2026-04-14  	16:37:07  	00:01:59  	         	27.9     	36.5     	34.1     	54.9     	46.7     	48.4     	63.2     	51.8     	74.2     	86.3     	78.3     	78.8     	77.7     	71.3     	71.1     	64.4     	66.9     	61.0     	51.9     	50.6     	56.6     	48.6     	47.6     	41.7     	37.1     	34.2     	25.9     	22.1     	21.3     	21.7     	22.4     	23.5     	24.4     	26.0     	27.1     	29.0     
	2026-04-14  	16:37:08  	00:02:00  	         	35.0     	35.3     	35.2     	49.2     	39.1     	53.4     	65.3     	60.2     	91.5     	86.8     	81.9     	90.8     	76.0     	69.1     	64.9     	64.8     	64.3     	56.4     	52.3     	51.6     	50.2     	49.8     	47.3     	43.6     	38.7     	31.0     	23.8     	21.1     	21.1     	21.7     	22.4     	23.4     	24.2     	26.0     	26.9     	28.9     
	2026-04-14  	16:37:09  	00:02:01  	         	26.6     	35.0     	35.9     	42.7     	42.2     	49.7     	51.1     	55.2     	73.6     	70.9     	79.3     	88.1     	70.4     	71.5     	62.8     	60.3     	62.7     	56.0     	52.2     	49.0     	46.3     	43.0     	39.0     	33.6     	29.8     	30.2     	21.8     	20.1     	20.8     	21.4     	22.2     	23.4     	24.5     	26.1     	26.9     	29.2     
	2026-04-14  	16:37:10  	00:02:02  	         	31.9     	24.2     	31.5     	40.9     	39.2     	53.3     	62.6     	59.3     	77.2     	71.3     	88.4     	95.4     	67.8     	67.9     	63.0     	58.9     	62.1     	54.9     	49.8     	43.7     	43.3     	41.2     	38.1     	33.0     	30.3     	29.0     	21.4     	20.2     	21.2     	21.9     	22.6     	23.7     	24.5     	26.1     	27.1     	29.1     
	2026-04-14  	16:37:11  	00:02:03  	         	27.2     	29.3     	27.0     	47.6     	41.7     	48.1     	56.7     	55.7     	86.6     	76.8     	78.3     	89.2     	72.6     	65.6     	64.6     	65.8     	64.1     	57.2     	50.1     	47.4     	43.6     	42.4     	40.0     	35.3     	30.3     	29.1     	21.6     	20.7     	20.8     	21.6     	22.6     	23.3     	24.4     	26.2     	26.9     	29.2     
	2026-04-14  	16:37:12  	00:02:04  	         	28.3     	29.5     	31.6     	44.6     	44.9     	55.7     	63.1     	59.1     	92.2     	88.2     	75.7     	81.3     	73.5     	69.8     	65.8     	64.3     	63.5     	55.8     	50.1     	47.5     	43.9     	41.4     	39.9     	34.5     	30.6     	29.4     	22.1     	21.0     	22.4     	25.0     	23.8     	23.7     	24.6     	26.2     	27.1     	29.1     
	2026-04-14  	16:37:13  	00:02:05  	         	32.1     	30.4     	32.7     	39.6     	42.4     	55.8     	66.3     	50.6     	72.6     	83.9     	77.3     	78.7     	74.7     	70.8     	67.5     	66.6     	66.9     	57.6     	53.9     	55.4     	51.3     	49.8     	49.7     	41.4     	38.8     	33.6     	23.5     	21.2     	21.2     	21.7     	22.5     	23.5     	24.3     	26.1     	27.0     	29.0     
	2026-04-14  	16:37:14  	00:02:06  	         	22.6     	20.0     	24.7     	39.4     	41.2     	46.3     	56.3     	43.8     	67.4     	72.6     	87.4     	79.8     	72.7     	78.0     	68.5     	70.0     	68.0     	63.1     	55.1     	54.8     	48.6     	43.5     	41.0     	36.5     	33.1     	30.7     	26.1     	22.1     	21.2     	21.5     	22.0     	23.2     	24.5     	26.2     	27.0     	29.1     
	2026-04-14  	16:37:15  	00:02:07  	         	24.8     	24.9     	28.7     	42.8     	44.5     	42.7     	51.8     	56.8     	83.1     	82.3     	85.0     	82.9     	73.0     	72.5     	66.3     	62.9     	65.2     	57.0     	54.5     	51.4     	51.9     	45.6     	39.8     	36.4     	33.7     	30.8     	24.2     	21.2     	21.1     	21.4     	22.3     	23.3     	24.5     	26.0     	27.0     	29.1     
	2026-04-14  	16:37:16  	00:02:08  	         	29.1     	32.5     	35.7     	42.6     	41.3     	47.7     	66.7     	64.2     	71.7     	71.0     	82.7     	84.4     	68.8     	65.9     	61.4     	60.4     	63.6     	51.5     	46.5     	47.4     	43.5     	40.0     	37.2     	33.1     	29.9     	29.7     	22.0     	20.4     	21.0     	21.5     	22.4     	23.6     	24.5     	26.1     	27.0     	29.1     
	2026-04-14  	16:37:17  	00:02:09  	         	31.2     	31.1     	29.8     	43.2     	41.6     	46.4     	54.5     	60.2     	83.4     	74.1     	82.7     	89.8     	74.4     	68.5     	65.5     	62.9     	64.1     	60.3     	55.7     	47.5     	51.9     	42.5     	44.5     	39.9     	33.2     	30.4     	24.5     	21.0     	21.3     	21.4     	22.5     	23.5     	24.4     	26.1     	27.0     	29.2     
	2026-04-14  	16:37:18  	00:02:10  	         	31.5     	27.6     	24.6     	38.9     	39.7     	42.5     	53.7     	54.7     	90.2     	85.6     	72.4     	82.2     	76.3     	70.2     	67.7     	65.9     	65.5     	57.0     	51.2     	49.2     	48.3     	45.3     	42.3     	37.8     	29.5     	28.9     	21.0     	20.2     	21.1     	21.3     	22.4     	23.5     	24.5     	26.1     	27.1     	29.0     
	2026-04-14  	16:37:19  	00:02:11  	         	26.3     	28.8     	29.5     	42.2     	38.8     	58.5     	70.0     	59.9     	75.2     	84.2     	77.8     	77.4     	75.7     	68.3     	68.9     	66.7     	66.2     	56.6     	52.2     	48.8     	49.0     	44.4     	41.7     	37.0     	32.0     	30.5     	23.0     	21.0     	21.8     	22.2     	22.5     	23.5     	24.4     	26.1     	27.0     	29.0     
	2026-04-14  	16:37:20  	00:02:12  	         	20.1     	28.9     	29.9     	47.2     	40.0     	55.9     	67.7     	58.9     	73.9     	76.8     	77.7     	76.6     	73.7     	75.3     	68.9     	67.8     	66.3     	60.0     	54.8     	49.2     	47.0     	41.6     	39.2     	35.5     	31.9     	29.6     	25.2     	23.1     	22.4     	24.8     	23.6     	23.7     	24.5     	26.1     	27.0     	29.0     
	2026-04-14  	16:37:21  	00:02:13  	         	25.5     	33.7     	29.5     	43.5     	43.2     	51.7     	63.5     	53.5     	76.9     	76.5     	84.4     	79.0     	70.7     	77.3     	69.0     	68.5     	67.7     	57.6     	52.5     	49.7     	46.2     	40.8     	39.9     	35.7     	32.3     	29.1     	21.7     	20.6     	20.9     	21.4     	22.4     	23.4     	24.6     	26.0     	27.0     	29.2     
	2026-04-14  	16:37:22  	00:02:14  	         	30.9     	29.2     	30.6     	43.3     	42.0     	56.4     	66.6     	57.3     	74.4     	73.7     	90.0     	78.9     	67.5     	67.9     	67.3     	69.3     	71.2     	58.6     	54.4     	51.8     	52.0     	43.0     	41.2     	36.6     	38.7     	32.2     	30.3     	26.1     	22.8     	24.4     	23.4     	23.5     	24.5     	26.0     	27.0     	29.1     
	2026-04-14  	16:37:23  	00:02:15  	         	32.3     	25.4     	30.2     	46.4     	43.6     	56.7     	66.9     	56.9     	81.6     	80.0     	92.4     	90.6     	80.4     	80.1     	78.1     	77.3     	75.4     	69.6     	62.9     	58.5     	54.1     	49.4     	42.7     	37.8     	33.0     	30.1     	23.6     	21.1     	21.9     	22.3     	22.6     	23.7     	24.5     	26.0     	27.0     	29.1     
	2026-04-14  	16:37:24  	00:02:16  	         	31.2     	24.1     	29.1     	43.7     	46.4     	61.0     	71.8     	64.0     	85.0     	82.5     	89.4     	88.5     	82.1     	82.7     	80.5     	79.4     	77.9     	70.9     	64.9     	59.0     	55.6     	50.1     	43.8     	38.6     	33.2     	30.8     	24.9     	23.0     	27.4     	31.7     	27.8     	24.3     	25.3     	26.1     	27.1     	29.2     
	2026-04-14  	16:37:25  	00:02:17  	         	29.4     	28.6     	32.1     	49.2     	41.9     	57.6     	69.6     	61.5     	86.7     	85.0     	92.4     	93.4     	81.8     	81.1     	78.8     	78.2     	78.6     	70.2     	62.6     	59.0     	55.7     	53.0     	49.8     	45.3     	37.2     	34.5     	25.2     	21.9     	23.0     	24.5     	23.4     	23.5     	24.5     	26.1     	26.8     	29.1     
	2026-04-14  	16:37:26  	00:02:18  	         	29.1     	30.5     	30.9     	48.4     	47.4     	60.3     	67.9     	62.0     	81.6     	84.6     	90.9     	92.2     	82.5     	80.9     	79.4     	79.2     	79.4     	71.0     	65.5     	60.9     	57.8     	51.9     	45.2     	41.2     	36.0     	36.0     	40.0     	37.4     	33.9     	28.7     	24.8     	23.6     	24.8     	26.2     	27.0     	29.1     
	2026-04-14  	16:37:27  	00:02:19  	         	26.1     	30.5     	33.6     	44.3     	44.0     	60.9     	66.9     	63.4     	84.8     	87.1     	90.9     	96.3     	84.6     	83.0     	78.7     	78.9     	77.7     	70.5     	63.2     	60.5     	56.9     	52.9     	46.7     	42.0     	39.5     	39.8     	37.8     	46.6     	53.1     	35.8     	27.5     	24.3     	25.1     	26.2     	26.9     	29.1     
	2026-04-14  	16:37:28  	00:02:20  	         	28.2     	28.3     	32.4     	47.2     	43.7     	62.8     	74.5     	64.3     	85.9     	85.3     	90.0     	92.4     	84.5     	82.9     	81.3     	78.7     	77.8     	70.8     	63.7     	60.8     	58.1     	55.1     	56.9     	53.7     	51.5     	46.9     	39.8     	40.2     	38.0     	28.8     	23.3     	23.5     	24.6     	26.1     	26.9     	29.0     
	2026-04-14  	16:37:29  	00:02:21  	         	33.0     	32.1     	30.8     	45.7     	42.4     	57.3     	66.3     	62.1     	88.4     	85.4     	89.6     	93.3     	83.1     	81.8     	79.4     	78.4     	78.8     	72.1     	63.8     	60.5     	56.9     	55.3     	54.2     	51.0     	53.5     	46.7     	38.3     	38.4     	46.1     	31.0     	24.4     	23.7     	24.7     	26.2     	26.9     	29.0     
	2026-04-14  	16:37:30  	00:02:22  	         	30.3     	25.5     	32.4     	46.8     	46.2     	61.6     	64.6     	61.2     	81.7     	82.3     	90.8     	87.6     	83.0     	83.8     	80.6     	78.8     	77.0     	70.2     	62.1     	58.8     	54.3     	51.0     	43.6     	38.5     	33.8     	31.7     	24.9     	22.4     	27.3     	30.2     	27.0     	24.3     	25.0     	26.3     	27.1     	29.0     
	2026-04-14  	16:37:31  	00:02:23  	         	31.0     	30.2     	26.2     	48.0     	42.5     	63.1     	72.3     	62.9     	84.1     	82.7     	92.8     	93.3     	81.5     	82.1     	79.3     	80.1     	79.5     	71.0     	63.1     	59.2     	54.2     	50.2     	44.4     	39.8     	34.5     	31.2     	25.0     	22.6     	26.7     	29.4     	26.4     	24.0     	25.0     	26.2     	26.9     	29.0     
	2026-04-14  	16:37:32  	00:02:24  	         	29.1     	27.8     	28.7     	42.9     	40.1     	60.6     	73.7     	64.6     	86.7     	81.5     	88.4     	91.7     	82.2     	79.5     	78.4     	77.1     	76.6     	68.7     	61.6     	57.4     	53.7     	49.6     	43.3     	39.0     	35.4     	31.3     	24.4     	22.1     	25.6     	27.6     	25.3     	23.8     	24.7     	26.2     	26.9     	29.1     
	2026-04-14  	16:37:33  	00:02:25  	         	27.6     	29.9     	31.8     	44.8     	40.7     	60.8     	68.4     	62.2     	81.3     	82.8     	90.2     	94.8     	81.6     	80.9     	77.6     	75.4     	76.7     	67.8     	58.5     	55.3     	52.7     	48.0     	40.9     	37.7     	33.2     	29.8     	22.2     	20.9     	21.5     	22.3     	22.7     	23.4     	24.4     	25.9     	26.9     	29.1     
	2026-04-14  	16:37:34  	00:02:26  	         	31.4     	28.9     	27.5     	43.7     	44.4     	62.5     	68.8     	60.3     	80.8     	80.3     	84.8     	91.0     	78.9     	76.9     	74.4     	72.8     	71.8     	63.8     	55.2     	51.0     	47.0     	44.4     	38.2     	33.7     	29.6     	28.6     	21.3     	20.3     	22.3     	23.0     	23.1     	23.4     	24.3     	26.0     	27.0     	29.1     
	2026-04-14  	16:37:35  	00:02:27  	         	32.5     	31.9     	28.4     	35.2     	43.1     	56.6     	64.5     	60.5     	77.6     	80.1     	82.4     	84.8     	74.7     	71.2     	69.3     	66.5     	66.1     	61.0     	54.3     	49.1     	44.8     	42.4     	37.2     	33.0     	29.5     	29.5     	20.9     	20.5     	21.1     	22.4     	22.5     	23.6     	24.6     	26.1     	27.0     	29.1     
	2026-04-14  	16:37:36  	00:02:28  	         	30.4     	26.7     	30.9     	45.5     	44.0     	48.8     	59.4     	57.7     	71.2     	74.5     	74.4     	76.5     	61.1     	59.1     	56.3     	52.4     	57.7     	56.1     	53.7     	49.5     	45.0     	44.8     	41.2     	36.4     	32.4     	29.9     	22.2     	20.3     	20.8     	21.4     	22.5     	23.4     	24.5     	26.0     	26.9     	29.0     
	2026-04-14  	16:37:37  	00:02:29  	         	27.1     	26.8     	33.5     	48.1     	43.3     	47.3     	51.8     	57.0     	66.4     	73.7     	71.8     	74.0     	55.6     	58.8     	55.4     	50.7     	57.0     	57.0     	52.2     	49.3     	47.8     	46.1     	44.0     	40.3     	33.7     	30.4     	22.5     	20.9     	22.9     	27.4     	22.8     	23.5     	24.4     	26.2     	26.9     	29.0     
	2026-04-14  	16:37:38  	00:02:30  	         	32.9     	23.3     	27.3     	45.4     	44.2     	44.4     	54.6     	57.0     	70.9     	72.4     	71.8     	71.8     	57.0     	57.7     	55.7     	51.1     	57.4     	59.6     	54.9     	47.9     	44.3     	46.4     	43.8     	39.5     	36.2     	36.2     	33.7     	37.8     	49.8     	55.5     	40.8     	26.4     	27.1     	26.2     	27.2     	29.2     
	2026-04-14  	16:37:39  	00:02:31  	         	41.1     	42.2     	42.0     	49.1     	44.4     	43.4     	54.7     	55.9     	69.9     	72.4     	70.3     	68.9     	57.4     	58.0     	57.9     	54.0     	58.4     	60.9     	55.2     	50.9     	47.2     	48.3     	45.0     	40.4     	35.8     	33.0     	27.0     	22.7     	25.4     	28.6     	22.7     	23.5     	24.6     	26.0     	26.9     	29.0     
	2026-04-14  	16:37:40  	00:02:32  	         	43.0     	47.6     	37.1     	46.5     	44.3     	45.9     	55.3     	56.9     	68.4     	73.5     	71.2     	68.0     	55.3     	58.7     	56.9     	54.7     	58.3     	59.6     	54.4     	53.7     	48.2     	49.9     	47.1     	43.1     	37.6     	33.6     	26.9     	22.2     	21.4     	21.5     	22.3     	23.6     	24.4     	26.1     	27.1     	29.1     
	2026-04-14  	16:37:41  	00:02:33  	         	29.0     	37.9     	30.8     	44.2     	44.8     	48.2     	54.2     	57.2     	66.5     	74.1     	72.0     	69.5     	56.3     	57.2     	55.1     	58.4     	59.6     	61.2     	53.1     	53.3     	48.1     	47.8     	44.7     	41.0     	36.7     	33.6     	27.1     	22.5     	21.6     	21.4     	22.4     	23.4     	24.4     	26.0     	27.1     	29.2     
	2026-04-14  	16:37:42  	00:02:34  	         	28.4     	25.8     	29.6     	49.9     	46.6     	47.7     	54.3     	57.1     	70.5     	72.7     	72.6     	72.8     	56.5     	57.5     	56.1     	53.8     	58.8     	60.2     	52.8     	51.0     	45.7     	46.4     	43.9     	39.7     	34.3     	31.5     	24.8     	21.4     	21.2     	21.6     	22.2     	23.4     	24.6     	25.9     	27.0     	29.0     
	2026-04-14  	16:37:43  	00:02:35  	         	32.0     	27.1     	28.8     	47.1     	44.1     	49.0     	55.1     	57.4     	67.3     	73.4     	70.8     	67.9     	55.9     	58.3     	56.6     	54.3     	60.5     	58.6     	54.0     	51.7     	48.5     	47.2     	43.4     	39.4     	35.5     	33.0     	26.5     	22.9     	21.8     	21.8     	22.6     	23.6     	24.4     	26.0     	27.0     	29.1     
	2026-04-14  	16:37:44  	00:02:36  	         	31.7     	26.2     	31.4     	41.6     	44.0     	46.2     	52.9     	57.2     	67.8     	73.5     	71.8     	71.9     	56.8     	57.3     	56.1     	53.7     	59.6     	60.7     	54.8     	52.0     	48.6     	48.0     	43.1     	40.1     	36.6     	33.0     	26.2     	22.8     	21.3     	21.5     	22.4     	23.5     	24.4     	26.1     	26.8     	29.1     
	2026-04-14  	16:37:45  	00:02:37  	         	26.5     	30.1     	27.3     	45.5     	52.5     	44.0     	51.5     	57.4     	62.5     	74.1     	72.2     	73.7     	56.1     	58.5     	56.2     	57.3     	61.8     	66.1     	59.9     	54.0     	51.2     	46.9     	44.1     	40.5     	38.4     	32.8     	26.6     	22.3     	22.2     	21.8     	22.3     	23.4     	24.6     	26.0     	27.0     	29.1     
	2026-04-14  	16:37:46  	00:02:38  	         	32.5     	34.2     	33.2     	45.6     	45.6     	46.7     	54.7     	56.8     	68.0     	72.9     	70.2     	67.6     	55.4     	58.4     	55.8     	52.0     	65.9     	62.0     	60.6     	53.4     	48.1     	46.0     	43.1     	42.5     	36.3     	33.0     	26.7     	22.4     	21.7     	21.7     	22.4     	23.3     	24.4     	26.0     	27.0     	29.0     
	2026-04-14  	16:37:47  	00:02:39  	         	33.7     	34.2     	33.0     	43.9     	44.4     	46.2     	51.7     	57.3     	63.8     	73.8     	72.4     	69.5     	55.3     	57.1     	57.9     	56.7     	65.9     	64.3     	58.3     	56.7     	50.1     	47.9     	42.2     	42.9     	37.6     	33.6     	28.2     	22.3     	21.8     	21.4     	22.1     	23.5     	24.4     	26.0     	26.9     	29.1     
	2026-04-14  	16:37:48  	00:02:40  	         	31.8     	32.0     	28.9     	35.5     	44.7     	45.6     	54.8     	56.5     	68.6     	73.1     	74.0     	73.7     	57.0     	58.0     	56.1     	56.0     	59.4     	56.8     	53.7     	53.5     	48.0     	44.9     	40.3     	36.1     	33.0     	31.2     	25.0     	22.0     	22.3     	21.5     	22.5     	23.4     	24.5     	26.1     	27.1     	29.1     
	2026-04-14  	16:37:49  	00:02:41  	         	28.3     	36.0     	32.7     	42.2     	44.5     	43.3     	54.0     	57.9     	69.6     	74.0     	72.8     	70.0     	56.1     	57.3     	56.2     	54.0     	59.5     	58.8     	51.1     	53.3     	46.3     	44.2     	40.8     	38.4     	33.8     	31.9     	25.9     	21.4     	20.9     	21.7     	22.3     	23.4     	24.4     	26.1     	27.0     	29.1     
	2026-04-14  	16:37:50  	00:02:42  	         	29.7     	25.8     	28.7     	44.6     	44.2     	45.8     	57.7     	57.3     	71.0     	72.4     	70.0     	68.6     	57.7     	60.1     	56.5     	54.6     	58.9     	56.5     	50.3     	50.3     	48.2     	46.3     	44.2     	40.8     	35.4     	32.2     	24.8     	21.7     	21.7     	21.7     	22.4     	23.6     	24.4     	26.1     	27.1     	29.0     
	2026-04-14  	16:37:51  	00:02:43  	         	38.5     	27.6     	31.4     	54.7     	59.0     	52.3     	53.9     	57.1     	64.3     	73.7     	71.3     	71.3     	56.8     	58.5     	57.4     	50.9     	57.4     	54.5     	49.7     	49.8     	47.6     	47.1     	45.2     	41.3     	35.3     	31.8     	24.6     	21.4     	21.3     	21.7     	22.2     	23.6     	24.5     	26.0     	27.1     	29.0     
	2026-04-14  	16:37:52  	00:02:44  	         	31.3     	28.9     	29.3     	59.2     	55.2     	52.5     	53.2     	57.3     	66.8     	73.8     	72.0     	68.0     	55.0     	58.4     	57.0     	49.7     	55.2     	55.0     	51.4     	48.7     	46.5     	45.6     	43.1     	39.3     	35.6     	32.1     	24.5     	21.9     	21.7     	21.8     	22.3     	23.4     	24.4     	26.1     	27.1     	29.2     
	2026-04-14  	16:37:53  	00:02:45  	         	32.8     	30.1     	32.7     	50.9     	46.5     	46.8     	52.8     	56.8     	68.6     	72.4     	72.8     	72.5     	57.0     	57.7     	56.7     	55.4     	57.1     	55.5     	52.2     	48.9     	47.1     	45.5     	41.0     	37.5     	34.0     	31.7     	25.4     	21.5     	21.2     	21.6     	22.5     	23.4     	24.4     	26.0     	27.0     	29.1     
	2026-04-14  	16:37:54  	00:02:46  	         	32.0     	29.5     	33.0     	40.2     	44.6     	39.1     	47.9     	57.0     	60.2     	74.0     	72.9     	69.9     	55.7     	56.8     	55.1     	49.8     	57.6     	53.7     	47.5     	46.3     	45.0     	45.4     	41.5     	37.6     	34.2     	31.0     	24.2     	20.7     	20.9     	21.6     	22.3     	23.4     	24.5     	26.0     	27.1     	29.1     
	2026-04-14  	16:37:55  	00:02:47  	         	31.0     	28.8     	28.3     	43.2     	44.2     	43.8     	53.7     	56.9     	66.4     	72.9     	71.5     	68.7     	57.7     	57.0     	55.3     	48.1     	55.9     	53.2     	47.8     	45.6     	47.8     	50.7     	43.9     	39.6     	33.9     	30.5     	23.5     	21.1     	20.8     	21.4     	22.4     	23.3     	24.5     	26.1     	26.9     	29.1     
	2026-04-14  	16:37:56  	00:02:48  	         	41.9     	49.2     	43.8     	40.2     	45.6     	42.2     	56.7     	58.3     	68.1     	73.4     	71.4     	70.0     	57.6     	56.3     	54.2     	45.7     	53.8     	50.2     	57.1     	62.7     	50.5     	53.1     	50.2     	58.1     	46.0     	39.7     	29.3     	26.4     	29.9     	23.4     	22.5     	23.7     	24.3     	25.9     	27.1     	29.3     
	2026-04-14  	16:37:57  	00:02:49  	         	53.6     	60.1     	51.7     	46.9     	45.8     	47.9     	58.6     	58.8     	66.7     	73.0     	71.6     	67.8     	55.3     	57.8     	56.1     	45.4     	55.0     	51.2     	58.9     	64.6     	43.5     	54.7     	51.0     	60.1     	48.0     	41.6     	31.2     	27.6     	31.7     	24.1     	22.4     	23.5     	24.3     	26.0     	26.9     	29.0     
	2026-04-14  	16:37:58  	00:02:50  	         	46.6     	54.3     	43.3     	40.2     	44.3     	45.2     	57.5     	57.7     	66.5     	72.9     	70.3     	68.2     	56.2     	56.8     	55.0     	45.8     	55.7     	50.6     	58.3     	64.4     	44.9     	54.1     	50.8     	59.6     	47.5     	41.3     	33.9     	36.8     	47.9     	54.1     	39.8     	25.9     	26.8     	26.2     	27.1     	29.0     
	2026-04-14  	16:37:59  	00:02:51  	         	32.8     	31.4     	33.4     	45.5     	43.4     	49.2     	57.6     	59.6     	69.7     	77.2     	81.5     	77.7     	56.2     	57.8     	56.2     	50.4     	55.6     	55.1     	50.8     	48.1     	45.4     	46.2     	49.6     	43.6     	40.1     	35.1     	31.8     	33.0     	45.3     	49.6     	34.3     	24.3     	24.9     	26.0     	27.0     	29.1     
	2026-04-14  	16:38:00  	00:02:52  	         	21.7     	28.7     	26.0     	41.9     	45.9     	49.7     	60.1     	63.6     	73.9     	77.4     	78.4     	78.9     	58.0     	58.0     	54.7     	45.7     	53.9     	51.9     	46.1     	46.0     	42.1     	39.8     	44.0     	37.7     	34.2     	30.8     	24.0     	22.4     	21.9     	21.5     	22.3     	23.4     	24.5     	26.1     	27.0     	29.1     
	2026-04-14  	16:38:01  	00:02:53  	         	23.5     	27.6     	27.8     	43.9     	44.9     	43.6     	50.3     	57.3     	66.7     	73.8     	71.4     	71.7     	55.8     	57.7     	55.8     	43.6     	53.2     	52.0     	44.0     	40.1     	41.7     	36.9     	34.8     	28.9     	28.2     	28.7     	21.4     	20.2     	20.6     	21.3     	22.3     	23.5     	24.6     	26.0     	26.9     	29.0     
	2026-04-14  	16:38:02  	00:02:54  	         	26.9     	31.9     	32.8     	41.1     	45.2     	42.9     	54.0     	57.0     	67.5     	73.0     	71.1     	69.7     	56.6     	57.1     	55.3     	45.9     	54.0     	50.4     	46.0     	45.3     	41.0     	38.3     	36.8     	31.7     	29.7     	31.3     	24.8     	21.6     	21.3     	21.4     	22.4     	23.4     	24.5     	26.0     	27.0     	29.2     
	2026-04-14  	16:38:03  	00:02:55  	         	30.1     	29.9     	30.7     	37.5     	40.9     	58.9     	64.1     	54.8     	74.0     	72.5     	73.3     	75.8     	63.7     	58.1     	57.9     	56.5     	54.5     	51.9     	48.6     	44.7     	44.0     	39.1     	36.0     	31.5     	30.6     	29.4     	24.3     	20.7     	21.0     	21.6     	22.4     	23.5     	24.3     	26.1     	27.1     	29.1     
	2026-04-14  	16:38:04  	00:02:56  	         	33.0     	29.0     	26.7     	34.7     	35.2     	57.2     	69.1     	63.3     	78.1     	70.8     	80.8     	87.3     	70.0     	68.6     	64.0     	62.3     	63.3     	57.4     	49.9     	47.5     	45.4     	43.2     	40.2     	33.6     	30.2     	30.0     	23.8     	21.1     	22.4     	24.4     	23.4     	23.6     	24.6     	25.9     	26.9     	29.0     
	2026-04-14  	16:38:05  	00:02:57  	         	32.9     	29.4     	27.0     	46.2     	41.2     	48.3     	58.1     	53.5     	88.3     	85.9     	74.0     	79.0     	75.8     	69.0     	69.0     	67.0     	65.0     	57.9     	51.9     	49.6     	45.9     	43.6     	40.3     	35.2     	31.1     	29.0     	21.3     	20.6     	21.0     	21.5     	22.4     	23.4     	24.5     	26.0     	27.0     	29.1     
	2026-04-14  	16:38:06  	00:02:58  	         	31.9     	24.8     	29.5     	44.7     	40.8     	46.5     	54.4     	47.3     	73.0     	82.3     	80.3     	75.6     	74.5     	78.1     	68.3     	68.1     	67.9     	60.3     	54.3     	49.8     	46.2     	42.9     	40.3     	36.6     	33.3     	30.3     	26.5     	23.8     	25.4     	22.1     	22.5     	23.6     	24.5     	26.1     	27.0     	29.1     
	2026-04-14  	16:38:07  	00:02:59  	         	33.0     	23.4     	28.5     	43.6     	38.3     	48.5     	61.0     	53.5     	77.9     	77.8     	93.8     	78.8     	70.6     	70.8     	70.4     	72.3     	71.5     	60.7     	54.5     	52.0     	46.9     	45.0     	43.8     	40.1     	34.4     	30.5     	25.6     	21.6     	24.3     	23.4     	22.8     	23.6     	24.5     	26.2     	27.0     	29.0     
	2026-04-14  	16:38:08  	00:03:00  	         	26.6     	28.6     	26.9     	43.9     	38.7     	45.6     	57.0     	52.9     	84.6     	83.1     	84.3     	84.0     	74.0     	71.0     	68.0     	64.7     	65.7     	56.4     	51.7     	47.5     	45.8     	44.7     	43.0     	39.6     	35.8     	29.9     	22.8     	20.7     	21.0     	21.4     	22.2     	23.4     	24.4     	26.0     	27.0     	29.1     
	2026-04-14  	16:38:09  	00:03:01  	         	30.6     	24.5     	32.1     	40.7     	41.1     	46.6     	55.8     	56.7     	90.9     	84.7     	79.1     	83.7     	75.7     	72.2     	66.1     	66.2     	65.2     	57.4     	50.5     	48.1     	43.0     	40.5     	39.4     	34.6     	32.7     	30.5     	22.7     	20.6     	20.8     	21.5     	22.3     	23.3     	24.5     	25.9     	26.9     	29.1     
	2026-04-14  	16:38:10  	00:03:02  	         	27.6     	26.0     	29.9     	41.6     	42.1     	47.6     	55.5     	51.8     	78.9     	84.6     	81.7     	83.3     	76.2     	74.4     	70.3     	66.9     	66.1     	58.1     	52.5     	49.1     	45.0     	41.5     	40.0     	35.8     	31.9     	30.1     	22.9     	20.6     	20.9     	21.4     	22.3     	23.3     	24.4     	26.1     	26.9     	29.0     
	2026-04-14  	16:38:11  	00:03:03  	         	26.2     	30.7     	31.4     	45.7     	32.4     	46.5     	57.4     	53.7     	74.7     	73.4     	92.5     	80.9     	71.0     	74.2     	68.2     	70.5     	69.5     	58.7     	53.7     	53.1     	46.8     	43.9     	41.4     	37.6     	34.2     	30.8     	24.3     	21.1     	22.3     	23.4     	23.2     	23.6     	24.4     	26.0     	27.0     	29.0     
	2026-04-14  	16:38:12  	00:03:04  	         	32.6     	29.7     	29.7     	45.5     	40.4     	53.0     	65.3     	54.3     	77.2     	72.0     	92.3     	84.5     	70.1     	74.1     	73.3     	69.7     	70.8     	61.8     	56.2     	51.9     	47.4     	43.9     	42.1     	38.2     	34.9     	32.1     	24.0     	21.4     	21.3     	21.6     	22.3     	23.5     	24.4     	25.9     	26.9     	29.1     
	2026-04-14  	16:38:13  	00:03:05  	         	32.8     	28.9     	30.8     	45.9     	41.0     	51.4     	57.0     	48.7     	72.7     	74.3     	89.8     	87.6     	67.6     	75.3     	76.1     	67.9     	68.7     	58.8     	56.8     	52.6     	47.7     	44.8     	43.0     	38.2     	35.1     	31.7     	24.1     	21.3     	21.1     	21.5     	22.2     	23.3     	24.5     	26.0     	27.0     	29.0     
	2026-04-14  	16:38:14  	00:03:06  	         	35.2     	32.4     	30.6     	39.5     	37.5     	48.8     	59.8     	52.0     	78.0     	84.2     	80.3     	74.5     	76.4     	70.0     	67.9     	66.0     	66.0     	57.6     	53.1     	50.4     	45.6     	45.1     	41.6     	37.4     	35.3     	31.2     	23.7     	21.5     	24.4     	27.8     	25.0     	23.8     	24.6     	26.2     	27.0     	29.1     
	2026-04-14  	16:38:15  	00:03:07  	         	31.9     	32.6     	29.2     	46.2     	42.5     	61.9     	71.6     	58.2     	70.2     	76.7     	87.8     	80.6     	71.7     	74.2     	68.7     	69.7     	69.5     	59.6     	55.3     	52.8     	46.9     	45.9     	40.7     	37.2     	33.9     	30.5     	23.3     	20.6     	21.1     	21.7     	22.4     	23.5     	24.5     	26.1     	27.0     	29.1     
	2026-04-14  	16:38:16  	00:03:08  	         	34.8     	28.0     	31.4     	45.1     	40.2     	51.7     	63.1     	55.8     	80.3     	80.0     	93.7     	89.4     	75.1     	74.6     	70.3     	70.5     	69.9     	63.0     	56.4     	51.3     	46.3     	43.4     	41.1     	36.8     	32.7     	31.2     	22.7     	20.8     	21.3     	21.7     	22.5     	23.4     	24.4     	26.1     	26.9     	29.0     
	2026-04-14  	16:38:17  	00:03:09  	         	28.3     	29.2     	30.0     	42.1     	37.7     	57.4     	68.7     	59.7     	75.2     	81.4     	92.0     	88.1     	73.6     	75.5     	73.4     	69.9     	70.5     	61.6     	56.7     	52.8     	48.0     	44.9     	42.5     	37.8     	35.7     	30.9     	25.4     	23.4     	24.4     	23.5     	22.8     	23.6     	24.6     	26.2     	27.2     	29.1     
	2026-04-14  	16:38:18  	00:03:10  	         	26.8     	27.9     	27.4     	44.3     	36.8     	53.7     	64.9     	53.7     	78.0     	79.7     	86.8     	81.4     	72.2     	76.6     	68.3     	68.0     	67.2     	57.3     	53.6     	49.4     	46.0     	41.9     	39.2     	35.3     	32.4     	30.5     	21.8     	20.7     	20.9     	21.4     	22.2     	23.2     	24.5     	26.1     	27.0     	29.1     
	2026-04-14  	16:38:19  	00:03:11  	         	32.9     	28.4     	25.7     	42.7     	37.3     	50.3     	57.9     	52.6     	77.6     	76.1     	81.4     	82.1     	72.7     	79.6     	64.3     	64.6     	63.4     	53.9     	51.1     	46.9     	44.1     	39.1     	37.9     	34.1     	30.7     	28.2     	21.2     	20.3     	20.9     	21.5     	22.3     	23.3     	24.5     	26.1     	27.1     	29.1     

# RTA LOG Results over the whole log period
	2026-04-14  	16:38:19  	00:03:11  	         	34.6     	39.4     	33.6     	45.7     	44.1     	55.5     	65.7     	59.2     	82.2     	80.9     	88.0     	87.5     	76.9     	76.4     	73.6     	72.6     	72.3     	64.7     	58.2     	56.1     	52.3     	49.7     	47.3     	47.8     	41.2     	36.2     	31.9     	31.3     	36.8     	39.8     	27.2     	23.7     	24.7     	26.1     	27.0     	29.1     

#CheckSum
	EE8664B08B19CA0913E1FE5D1B025E75