XL2 RTA Spectrum Logging:		KU100\2026-04-13_SLM_004_RTA_3rd_Log.txt                                       
-------------------------


# Hardware Configuration
	Device Info:    	XL2, SNo. A2A-17501-E0, FW4.33
	Mic Sensitivity:	8.9 mV/Pa
	                	(User calibrated 2026-04-13  10:29)
	Time Zone:      	UTC+01:00 (Europe/Berlin)

# Measurement Setup
	Profile:        	Full mode
	Timer mode:     	continuous
	Timer set:      	--:--:--
	Log-Interval:   	00:00:01
	Resolution:     	1/3 Octave
	Range:          	30 - 130 dB

# Time
	Start:          	2026-04-13, 11:10:34
	End:            	2026-04-13, 11:13:54

# RTA LOG Results 
	            	          	          	         	LZeq_dt  	LZeq_dt  	LZeq_dt  	LZeq_dt  	LZeq_dt  	LZeq_dt  	LZeq_dt  	LZeq_dt  	LZeq_dt  	LZeq_dt  	LZeq_dt  	LZeq_dt  	LZeq_dt  	LZeq_dt  	LZeq_dt  	LZeq_dt  	LZeq_dt  	LZeq_dt  	LZeq_dt  	LZeq_dt  	LZeq_dt  	LZeq_dt  	LZeq_dt  	LZeq_dt  	LZeq_dt  	LZeq_dt  	LZeq_dt  	LZeq_dt  	LZeq_dt  	LZeq_dt  	LZeq_dt  	LZeq_dt  	LZeq_dt  	LZeq_dt  	LZeq_dt  	LZeq_dt  
	Date        	Time      	Timer     	Band [Hz]	6.3      	8.0      	10.0     	12.5     	16.0     	20.0     	25.0     	31.5     	40.0     	50.0     	63.0     	80.0     	100.0    	125.0    	160.0    	200.0    	250.0    	315.0    	400.0    	500.0    	630.0    	800.0    	1000.0   	1250.0   	1600.0   	2000.0   	2500.0   	3150.0   	4000.0   	5000.0   	6300.0   	8000.0   	10000.0  	12500.0  	16000.0  	20000.0  
	[YYYY-MM-DD]	[hh:mm:ss]	[hh:mm:ss]	         	[dB]     	[dB]     	[dB]     	[dB]     	[dB]     	[dB]     	[dB]     	[dB]     	[dB]     	[dB]     	[dB]     	[dB]     	[dB]     	[dB]     	[dB]     	[dB]     	[dB]     	[dB]     	[dB]     	[dB]     	[dB]     	[dB]     	[dB]     	[dB]     	[dB]     	[dB]     	[dB]     	[dB]     	[dB]     	[dB]     	[dB]     	[dB]     	[dB]     	[dB]     	[dB]     	[dB]     
	2026-04-13  	11:10:35  	00:00:01  	         	25.0     	34.5     	35.2     	46.5     	43.7     	44.8     	57.3     	57.7     	72.6     	75.0     	72.7     	71.0     	56.4     	55.1     	52.4     	44.9     	50.5     	47.1     	45.2     	46.8     	43.8     	47.4     	44.4     	43.4     	37.6     	36.1     	28.8     	25.7     	22.6     	22.8     	22.8     	23.6     	24.3     	25.9     	26.7     	28.7     
	2026-04-13  	11:10:36  	00:00:02  	         	31.5     	32.8     	32.1     	39.6     	44.3     	43.9     	60.8     	58.7     	68.3     	73.2     	72.5     	72.7     	54.9     	53.2     	51.3     	43.8     	50.3     	46.0     	54.2     	63.7     	44.2     	59.2     	54.3     	63.4     	51.0     	46.4     	32.6     	34.2     	36.7     	28.8     	23.9     	23.6     	24.1     	25.6     	26.6     	28.7     
	2026-04-13  	11:10:37  	00:00:03  	         	29.3     	28.6     	26.7     	41.2     	45.6     	47.9     	58.8     	58.2     	69.4     	74.1     	73.8     	71.2     	53.7     	54.2     	51.1     	42.9     	51.6     	46.9     	53.6     	62.1     	45.8     	57.0     	53.0     	61.1     	49.6     	44.3     	34.6     	33.5     	34.5     	27.5     	23.4     	23.5     	24.2     	25.7     	26.6     	28.7     
	2026-04-13  	11:10:38  	00:00:04  	         	29.5     	31.3     	34.3     	43.7     	44.0     	43.1     	57.5     	58.7     	67.3     	74.3     	73.1     	70.9     	55.7     	55.3     	51.2     	45.2     	51.1     	47.3     	52.0     	61.3     	45.3     	56.9     	52.1     	60.7     	48.8     	44.8     	39.3     	43.0     	53.4     	65.0     	55.3     	35.0     	30.3     	26.6     	28.6     	28.9     
	2026-04-13  	11:10:39  	00:00:05  	         	27.4     	25.6     	29.1     	44.0     	44.3     	46.5     	54.7     	63.1     	75.9     	79.3     	83.9     	80.9     	57.6     	54.1     	52.2     	49.4     	52.8     	50.3     	45.4     	44.8     	45.8     	47.9     	53.9     	47.5     	43.7     	37.6     	35.7     	36.0     	47.9     	55.3     	44.7     	27.6     	25.7     	25.9     	26.9     	28.8     
	2026-04-13  	11:10:40  	00:00:06  	         	30.6     	25.4     	25.1     	40.4     	43.9     	46.7     	54.4     	58.4     	66.6     	75.9     	74.2     	71.2     	55.0     	55.5     	51.5     	44.8     	50.6     	42.6     	41.4     	43.3     	43.1     	43.9     	43.6     	42.9     	35.4     	33.6     	27.7     	25.4     	23.0     	22.6     	22.9     	23.3     	24.3     	25.8     	26.7     	28.7     
	2026-04-13  	11:10:41  	00:00:07  	         	28.9     	24.4     	28.7     	38.4     	43.9     	45.6     	53.8     	57.5     	64.5     	74.4     	72.7     	70.2     	54.7     	56.5     	51.0     	44.4     	50.3     	42.6     	41.0     	42.7     	44.2     	45.3     	44.8     	45.3     	35.9     	33.8     	26.2     	24.1     	23.3     	22.9     	22.7     	23.4     	24.3     	25.8     	26.8     	28.8     
	2026-04-13  	11:10:42  	00:00:08  	         	26.1     	27.0     	30.1     	42.5     	44.6     	45.9     	53.4     	56.7     	67.2     	72.9     	73.4     	72.0     	56.0     	56.4     	51.8     	47.8     	50.3     	43.9     	41.3     	44.1     	41.0     	41.3     	40.7     	38.0     	35.1     	34.4     	29.0     	28.3     	23.5     	22.9     	22.6     	23.4     	24.4     	25.7     	26.6     	28.8     
	2026-04-13  	11:10:43  	00:00:09  	         	27.1     	26.7     	26.9     	43.7     	41.5     	60.4     	67.8     	60.8     	79.6     	73.2     	84.7     	84.0     	69.5     	63.2     	57.9     	57.4     	56.4     	45.3     	42.4     	44.8     	39.8     	39.7     	37.8     	35.4     	35.1     	33.1     	25.4     	23.6     	23.7     	23.2     	22.8     	23.6     	24.4     	25.8     	26.8     	28.8     
	2026-04-13  	11:10:44  	00:00:10  	         	26.9     	26.6     	27.5     	50.2     	42.7     	52.5     	59.3     	59.5     	82.5     	72.2     	82.9     	89.3     	69.5     	67.0     	61.8     	60.8     	60.5     	51.1     	43.5     	41.2     	41.5     	42.1     	41.8     	40.9     	33.7     	33.6     	24.9     	22.5     	22.5     	23.1     	22.9     	23.8     	24.4     	25.8     	26.8     	28.9     
	2026-04-13  	11:10:45  	00:00:11  	         	24.4     	22.3     	28.6     	45.5     	38.8     	51.6     	61.9     	57.8     	91.2     	86.6     	78.5     	83.2     	74.5     	70.1     	65.1     	62.2     	62.5     	51.2     	44.3     	46.5     	44.5     	43.9     	44.7     	42.5     	35.4     	34.2     	25.4     	24.0     	25.0     	23.9     	23.5     	24.0     	24.5     	26.0     	27.3     	28.7     
	2026-04-13  	11:10:46  	00:00:12  	         	25.1     	22.9     	28.2     	36.5     	38.8     	54.0     	64.6     	56.3     	80.4     	86.1     	82.6     	82.1     	74.3     	69.1     	67.5     	65.0     	63.6     	51.4     	46.6     	44.6     	42.8     	41.4     	43.6     	40.3     	35.8     	34.2     	24.8     	23.7     	23.0     	23.3     	23.0     	23.8     	24.2     	25.9     	26.6     	28.7     
	2026-04-13  	11:10:47  	00:00:13  	         	28.9     	26.6     	30.9     	37.3     	37.4     	45.6     	54.7     	47.6     	73.0     	76.9     	85.6     	82.1     	73.5     	78.3     	66.0     	65.9     	64.9     	53.2     	46.3     	46.2     	43.3     	41.1     	43.2     	39.9     	36.3     	34.0     	25.1     	23.7     	22.3     	23.3     	22.7     	23.7     	24.3     	25.8     	26.6     	28.8     
	2026-04-13  	11:10:48  	00:00:14  	         	29.9     	24.7     	24.4     	44.4     	39.9     	48.4     	51.8     	47.0     	75.2     	73.8     	91.1     	82.9     	67.0     	70.8     	68.3     	72.9     	66.0     	52.3     	47.3     	47.3     	44.7     	42.7     	42.9     	39.3     	37.3     	34.4     	24.5     	23.5     	22.3     	23.3     	23.0     	23.9     	24.3     	25.8     	26.5     	28.8     
	2026-04-13  	11:10:49  	00:00:15  	         	28.1     	24.8     	26.8     	50.8     	43.2     	43.5     	58.6     	52.1     	73.9     	72.6     	94.9     	82.9     	67.3     	70.8     	67.5     	67.5     	66.6     	55.8     	47.7     	47.6     	44.7     	42.9     	43.8     	40.1     	36.7     	33.9     	24.2     	22.6     	22.6     	23.6     	22.9     	23.8     	24.4     	25.9     	26.6     	28.7     
	2026-04-13  	11:10:50  	00:00:16  	         	25.6     	36.5     	33.4     	50.7     	44.9     	49.7     	62.7     	56.9     	81.2     	78.6     	91.0     	96.8     	69.2     	71.7     	72.4     	67.7     	66.2     	56.2     	49.5     	49.0     	46.3     	43.6     	46.2     	41.3     	38.5     	34.8     	26.0     	23.4     	23.3     	24.1     	23.4     	24.2     	24.6     	25.8     	26.7     	28.8     
	2026-04-13  	11:10:51  	00:00:17  	         	26.0     	30.2     	27.6     	41.4     	37.7     	48.0     	57.3     	50.3     	76.1     	80.7     	88.1     	87.8     	74.3     	70.5     	67.4     	64.4     	62.1     	52.5     	45.3     	46.9     	43.8     	43.3     	43.3     	40.0     	35.4     	33.4     	24.7     	22.8     	22.2     	23.1     	22.8     	23.6     	24.3     	25.9     	26.8     	28.8     
	2026-04-13  	11:10:52  	00:00:18  	         	27.1     	25.4     	25.2     	39.9     	38.6     	46.2     	58.9     	51.9     	70.1     	84.9     	85.6     	86.8     	73.4     	72.6     	65.7     	64.8     	62.8     	52.6     	46.6     	47.9     	42.7     	42.4     	41.9     	39.9     	35.4     	33.0     	24.8     	22.0     	22.3     	23.0     	23.1     	23.9     	24.5     	25.8     	26.7     	28.8     
	2026-04-13  	11:10:53  	00:00:19  	         	24.6     	27.8     	30.5     	47.7     	44.3     	48.0     	57.9     	50.8     	71.9     	78.3     	80.3     	75.6     	75.4     	78.2     	67.8     	66.3     	64.1     	55.4     	50.5     	49.3     	52.8     	47.0     	50.8     	48.0     	40.3     	35.2     	29.0     	25.4     	23.9     	23.6     	22.9     	23.6     	24.4     	25.7     	26.8     	28.7     
	2026-04-13  	11:10:54  	00:00:20  	         	22.3     	31.5     	29.4     	42.7     	37.6     	50.4     	62.0     	55.8     	78.8     	78.0     	84.1     	83.1     	76.2     	80.9     	65.5     	66.9     	64.9     	55.8     	50.1     	53.1     	53.2     	48.6     	46.9     	46.6     	37.3     	34.6     	28.6     	25.0     	24.8     	24.6     	23.0     	23.6     	24.3     	25.9     	26.6     	28.8     
	2026-04-13  	11:10:55  	00:00:21  	         	29.2     	26.7     	28.1     	45.5     	41.0     	46.5     	60.7     	50.3     	75.7     	75.6     	88.9     	84.5     	70.3     	75.6     	67.2     	68.3     	65.2     	53.1     	46.4     	48.3     	48.0     	46.6     	50.4     	48.9     	40.6     	36.5     	27.0     	24.3     	23.2     	23.3     	23.1     	23.6     	24.5     	25.8     	26.6     	28.8     
	2026-04-13  	11:10:56  	00:00:22  	         	23.8     	26.4     	24.3     	44.0     	40.9     	49.0     	59.5     	53.6     	77.3     	77.1     	94.8     	81.9     	67.2     	69.9     	66.1     	66.7     	65.5     	56.0     	52.1     	50.3     	55.2     	51.2     	49.8     	45.9     	39.7     	36.3     	28.2     	25.1     	23.4     	24.1     	23.2     	23.9     	24.4     	25.9     	26.7     	28.7     
	2026-04-13  	11:10:57  	00:00:23  	         	32.1     	26.7     	28.0     	40.6     	40.3     	46.7     	54.7     	53.3     	83.7     	79.7     	83.7     	84.5     	70.8     	71.4     	62.5     	61.3     	61.8     	56.4     	50.5     	55.0     	52.8     	49.1     	49.8     	47.0     	39.1     	35.7     	30.3     	28.0     	29.3     	36.0     	34.2     	25.8     	24.9     	25.8     	26.8     	28.7     
	2026-04-13  	11:10:58  	00:00:24  	         	27.3     	28.7     	31.8     	39.7     	39.6     	59.6     	70.5     	58.4     	87.0     	84.8     	78.2     	79.1     	75.1     	67.7     	66.3     	62.5     	61.5     	52.2     	47.1     	50.3     	51.2     	49.6     	50.0     	44.8     	39.5     	38.1     	28.7     	26.5     	26.1     	31.7     	30.0     	24.6     	24.6     	26.0     	26.7     	28.8     
	2026-04-13  	11:10:59  	00:00:25  	         	29.7     	26.0     	34.5     	46.9     	37.0     	50.4     	60.0     	53.9     	71.7     	84.4     	85.9     	85.8     	73.8     	71.2     	67.7     	63.2     	62.8     	55.5     	47.1     	48.5     	44.7     	42.0     	42.7     	40.4     	35.5     	34.9     	27.8     	23.7     	23.2     	23.7     	22.8     	23.7     	24.3     	25.9     	26.7     	28.8     
	2026-04-13  	11:11:00  	00:00:26  	         	26.0     	25.9     	30.8     	46.7     	41.5     	51.8     	59.5     	49.4     	70.4     	79.3     	89.5     	85.4     	72.2     	77.9     	66.7     	67.5     	63.7     	52.9     	47.4     	48.2     	48.0     	44.2     	43.8     	41.0     	41.1     	36.1     	33.0     	32.9     	25.8     	29.5     	28.5     	24.1     	24.6     	25.9     	26.7     	28.8     
	2026-04-13  	11:11:01  	00:00:27  	         	29.6     	27.3     	31.2     	46.6     	40.9     	53.2     	67.6     	58.9     	76.4     	81.6     	91.6     	87.5     	68.4     	71.3     	68.6     	68.1     	65.3     	54.1     	49.4     	49.5     	46.4     	43.6     	43.8     	40.9     	40.1     	34.8     	28.7     	27.3     	24.8     	26.3     	26.9     	24.1     	24.7     	26.1     	27.2     	28.8     
	2026-04-13  	11:11:02  	00:00:28  	         	33.0     	25.0     	33.0     	43.7     	40.8     	56.4     	67.9     	60.2     	84.6     	81.1     	96.8     	84.0     	71.9     	69.3     	67.4     	67.2     	66.6     	53.7     	45.8     	47.4     	45.0     	42.4     	43.5     	40.3     	36.8     	34.5     	25.5     	24.0     	26.0     	28.7     	29.3     	24.6     	24.6     	26.0     	26.9     	28.9     
	2026-04-13  	11:11:03  	00:00:29  	         	29.1     	22.3     	32.5     	48.0     	40.5     	56.0     	63.2     	56.6     	81.3     	81.3     	92.8     	90.9     	72.5     	72.1     	67.0     	67.6     	65.4     	54.5     	50.7     	49.4     	44.9     	43.7     	44.0     	40.1     	36.2     	34.3     	25.4     	23.4     	23.0     	23.9     	23.1     	23.9     	24.5     	25.8     	26.7     	28.8     
	2026-04-13  	11:11:04  	00:00:30  	         	24.3     	22.3     	28.3     	47.2     	37.0     	53.8     	65.5     	59.8     	82.9     	80.9     	90.5     	85.8     	69.0     	70.5     	66.8     	68.7     	65.7     	58.6     	48.9     	49.7     	52.4     	47.7     	46.0     	43.8     	39.0     	38.6     	30.4     	26.2     	24.9     	26.3     	25.9     	24.1     	24.6     	25.8     	27.1     	28.8     
	2026-04-13  	11:11:05  	00:00:31  	         	24.4     	26.5     	28.7     	39.9     	34.3     	54.7     	62.3     	54.6     	79.8     	78.5     	90.4     	84.3     	68.9     	67.5     	66.7     	66.2     	65.4     	57.7     	49.0     	48.6     	48.8     	44.4     	43.9     	41.9     	36.8     	36.0     	27.7     	24.6     	23.6     	24.1     	23.0     	23.8     	24.4     	26.0     	26.8     	28.7     
	2026-04-13  	11:11:06  	00:00:32  	         	25.0     	30.7     	33.7     	46.6     	40.9     	58.5     	67.1     	60.4     	77.3     	75.1     	89.9     	82.1     	68.8     	70.9     	67.3     	67.5     	65.4     	57.3     	48.0     	48.9     	48.0     	42.6     	43.4     	41.7     	37.7     	37.4     	31.3     	26.2     	29.7     	36.3     	34.5     	26.2     	25.1     	26.0     	27.2     	29.0     
	2026-04-13  	11:11:07  	00:00:33  	         	24.6     	34.7     	34.1     	42.7     	39.7     	59.2     	70.1     	60.2     	76.2     	80.2     	90.9     	84.6     	71.4     	71.4     	67.7     	65.7     	65.6     	58.1     	46.9     	53.0     	55.4     	51.5     	48.6     	46.5     	41.9     	35.5     	31.4     	27.3     	26.8     	28.4     	29.1     	24.4     	24.6     	25.8     	26.9     	28.8     
	2026-04-13  	11:11:08  	00:00:34  	         	25.1     	24.6     	32.0     	32.7     	36.0     	51.9     	64.0     	51.3     	75.7     	76.8     	91.2     	86.8     	69.1     	71.3     	66.1     	66.9     	65.0     	58.9     	50.6     	48.7     	52.0     	47.4     	52.6     	48.1     	41.2     	36.9     	29.6     	28.4     	24.1     	24.3     	23.2     	23.8     	24.5     	26.0     	26.7     	28.9     
	2026-04-13  	11:11:09  	00:00:35  	         	27.7     	22.8     	32.1     	41.8     	35.6     	47.1     	53.4     	45.6     	66.2     	69.9     	90.5     	82.7     	71.0     	69.3     	67.8     	67.7     	64.7     	55.6     	50.9     	49.4     	53.5     	49.1     	51.6     	49.0     	44.3     	38.7     	30.1     	25.3     	25.0     	24.2     	23.0     	23.9     	24.4     	25.9     	26.6     	28.9     
	2026-04-13  	11:11:10  	00:00:36  	         	26.3     	24.1     	29.9     	43.4     	35.3     	47.0     	59.1     	50.8     	74.0     	72.7     	90.9     	86.6     	70.3     	69.7     	68.1     	68.2     	65.6     	55.8     	48.5     	48.4     	50.1     	48.4     	46.9     	46.2     	38.9     	35.5     	26.2     	23.8     	23.1     	24.0     	23.3     	23.9     	24.3     	25.8     	26.6     	28.7     
	2026-04-13  	11:11:11  	00:00:37  	         	22.6     	28.2     	32.9     	46.7     	41.3     	48.9     	59.4     	56.4     	78.4     	76.9     	91.1     	85.8     	71.4     	68.6     	67.8     	68.4     	65.2     	55.3     	47.8     	47.8     	45.0     	44.7     	44.5     	42.1     	37.5     	34.5     	26.6     	23.9     	25.5     	26.9     	27.8     	24.1     	24.6     	25.9     	27.0     	28.7     
	2026-04-13  	11:11:12  	00:00:38  	         	27.0     	21.4     	32.2     	41.9     	41.7     	59.1     	70.0     	61.5     	82.8     	83.1     	91.7     	88.5     	78.3     	78.2     	74.9     	75.8     	73.8     	63.2     	52.5     	53.5     	49.9     	48.2     	44.8     	42.1     	36.8     	34.5     	26.9     	24.3     	27.8     	32.6     	32.4     	25.1     	24.7     	26.0     	27.1     	28.7     
	2026-04-13  	11:11:13  	00:00:39  	         	23.6     	25.8     	22.7     	44.3     	44.0     	63.1     	71.7     	63.8     	86.0     	83.9     	95.4     	93.0     	81.4     	81.9     	78.3     	76.5     	75.8     	65.8     	56.4     	55.1     	51.8     	50.9     	46.5     	42.7     	38.1     	34.5     	28.7     	26.2     	31.5     	39.8     	38.0     	28.1     	26.2     	26.7     	28.3     	28.8     
	2026-04-13  	11:11:14  	00:00:40  	         	27.5     	29.6     	31.8     	47.5     	42.4     	60.2     	69.6     	63.4     	85.5     	85.9     	93.0     	94.1     	81.5     	80.2     	76.6     	77.3     	76.2     	64.6     	56.3     	55.1     	51.8     	51.0     	46.7     	42.8     	38.1     	35.0     	28.1     	25.6     	30.3     	37.9     	36.0     	26.9     	25.7     	26.4     	28.2     	28.8     
	2026-04-13  	11:11:15  	00:00:41  	         	29.9     	31.2     	35.5     	47.3     	41.9     	59.6     	67.5     	63.9     	88.4     	88.8     	92.5     	91.9     	82.2     	81.4     	76.2     	75.4     	74.9     	66.8     	57.1     	55.4     	57.7     	53.3     	54.3     	51.2     	42.9     	37.7     	30.0     	27.9     	31.6     	37.7     	36.5     	27.0     	26.0     	26.5     	28.3     	28.8     
	2026-04-13  	11:11:16  	00:00:42  	         	29.8     	29.7     	37.3     	42.3     	41.1     	56.4     	69.8     	61.4     	88.6     	85.5     	93.7     	92.1     	82.1     	82.4     	77.7     	75.7     	75.9     	64.9     	56.1     	55.8     	53.1     	51.4     	48.6     	45.3     	38.6     	35.5     	28.9     	26.9     	29.6     	36.2     	35.2     	26.5     	25.4     	26.3     	27.6     	28.8     
	2026-04-13  	11:11:17  	00:00:43  	         	30.6     	25.6     	32.0     	38.2     	40.3     	60.4     	67.1     	62.1     	86.2     	83.6     	94.2     	93.2     	82.6     	80.6     	76.9     	74.9     	74.7     	65.0     	57.1     	54.8     	53.3     	50.7     	47.8     	43.3     	38.7     	35.6     	27.4     	25.3     	27.8     	34.0     	33.4     	25.5     	25.1     	26.2     	27.6     	28.9     
	2026-04-13  	11:11:18  	00:00:44  	         	29.5     	21.4     	28.6     	47.1     	41.9     	60.5     	71.7     	63.0     	88.0     	82.6     	93.4     	92.0     	80.5     	79.6     	77.2     	77.1     	74.1     	64.4     	56.7     	56.8     	55.5     	53.7     	49.2     	45.7     	39.9     	35.6     	32.0     	28.7     	34.8     	41.8     	40.8     	29.1     	26.6     	26.4     	27.9     	28.8     
	2026-04-13  	11:11:19  	00:00:45  	         	28.1     	24.7     	31.0     	49.0     	41.0     	62.7     	74.4     	63.2     	86.2     	85.1     	92.5     	91.9     	79.3     	79.7     	76.6     	76.7     	75.5     	65.5     	56.6     	56.9     	54.4     	52.3     	48.3     	44.2     	39.3     	35.6     	27.7     	25.5     	28.4     	34.3     	33.5     	25.6     	25.2     	26.2     	27.5     	28.8     
	2026-04-13  	11:11:20  	00:00:46  	         	28.7     	26.4     	32.5     	45.5     	40.1     	55.9     	63.8     	63.0     	82.8     	83.0     	94.4     	96.2     	81.4     	82.1     	76.9     	75.3     	74.5     	65.0     	55.7     	55.7     	52.6     	51.2     	46.9     	42.5     	37.5     	34.5     	29.1     	26.9     	31.2     	36.9     	35.3     	26.5     	25.8     	26.3     	28.1     	28.9     
	2026-04-13  	11:11:21  	00:00:47  	         	29.8     	29.7     	24.5     	36.7     	42.4     	60.1     	69.6     	62.4     	86.9     	83.1     	93.1     	91.9     	79.9     	82.1     	76.8     	76.6     	75.1     	64.6     	55.9     	55.5     	51.9     	52.0     	47.5     	41.9     	38.3     	35.5     	28.4     	28.0     	30.9     	37.2     	35.3     	26.6     	25.5     	26.3     	27.7     	28.8     
	2026-04-13  	11:11:22  	00:00:48  	         	24.4     	29.9     	33.2     	44.5     	42.3     	57.8     	67.6     	65.5     	87.9     	85.1     	91.6     	90.5     	81.0     	82.0     	77.0     	75.5     	74.7     	64.5     	57.1     	54.6     	51.8     	51.8     	47.3     	42.5     	37.9     	34.7     	27.6     	27.7     	30.4     	38.1     	36.1     	27.0     	25.5     	26.3     	27.7     	28.7     
	2026-04-13  	11:11:23  	00:00:49  	         	27.3     	30.5     	29.3     	49.0     	44.6     	62.0     	69.2     	62.9     	82.9     	81.2     	92.8     	91.3     	80.8     	79.4     	77.0     	75.3     	74.2     	64.3     	57.4     	55.2     	52.8     	52.3     	48.3     	44.2     	40.9     	35.3     	28.5     	26.8     	31.4     	36.5     	35.6     	26.5     	25.3     	26.1     	27.6     	28.8     
	2026-04-13  	11:11:24  	00:00:50  	         	31.7     	31.7     	28.5     	46.7     	42.0     	62.8     	72.1     	65.1     	85.9     	85.2     	93.7     	90.5     	80.3     	80.8     	76.4     	75.7     	75.1     	64.3     	56.7     	53.7     	51.3     	50.2     	46.5     	42.9     	39.1     	35.7     	29.0     	27.3     	33.6     	41.1     	39.9     	28.9     	26.6     	26.7     	28.4     	28.8     
	2026-04-13  	11:11:25  	00:00:51  	         	22.2     	28.3     	27.3     	50.2     	43.3     	60.9     	72.3     	63.6     	84.1     	86.2     	94.7     	92.2     	81.5     	79.0     	76.5     	76.3     	74.6     	63.9     	55.8     	54.9     	53.0     	50.5     	46.5     	42.2     	37.6     	35.3     	28.5     	27.5     	33.0     	40.9     	38.9     	28.7     	26.5     	26.5     	28.1     	28.9     
	2026-04-13  	11:11:26  	00:00:52  	         	31.1     	27.0     	33.6     	47.7     	43.7     	58.5     	68.4     	62.0     	85.7     	86.8     	93.4     	96.3     	82.3     	80.2     	74.5     	74.1     	74.0     	65.3     	58.6     	58.0     	57.3     	52.9     	49.5     	45.8     	41.7     	44.7     	48.7     	51.8     	53.5     	42.4     	36.8     	27.4     	25.7     	26.4     	27.8     	28.7     
	2026-04-13  	11:11:27  	00:00:53  	         	25.0     	25.3     	28.1     	45.6     	45.9     	61.2     	70.2     	63.6     	85.8     	84.1     	93.8     	92.7     	81.0     	80.9     	77.1     	74.7     	73.5     	63.9     	57.7     	57.9     	58.2     	55.6     	52.8     	52.9     	47.9     	45.5     	43.3     	49.5     	46.9     	43.4     	38.6     	28.7     	26.4     	26.6     	28.4     	28.8     
	2026-04-13  	11:11:28  	00:00:54  	         	30.7     	27.8     	30.5     	45.5     	38.7     	61.1     	70.3     	61.7     	88.1     	83.6     	92.1     	89.3     	82.3     	81.8     	77.6     	76.2     	74.5     	65.2     	58.1     	56.9     	55.2     	56.7     	59.8     	60.4     	57.3     	49.3     	42.8     	47.2     	45.4     	38.9     	36.5     	26.8     	25.5     	26.4     	27.9     	28.9     
	2026-04-13  	11:11:29  	00:00:55  	         	28.3     	28.5     	33.6     	42.5     	40.2     	62.4     	72.1     	63.0     	88.6     	84.7     	92.9     	94.5     	81.2     	82.2     	76.0     	75.0     	73.8     	64.1     	56.6     	57.1     	55.8     	53.9     	57.5     	52.5     	54.0     	48.6     	44.9     	35.9     	37.0     	40.4     	38.7     	28.4     	26.0     	26.3     	27.7     	28.8     
	2026-04-13  	11:11:30  	00:00:56  	         	25.9     	26.3     	31.0     	36.9     	44.7     	59.9     	69.4     	61.2     	88.7     	85.4     	93.8     	94.8     	81.7     	81.0     	76.0     	76.1     	74.0     	64.9     	58.0     	56.4     	55.0     	54.4     	55.5     	57.8     	51.8     	50.4     	47.8     	45.2     	46.0     	43.2     	37.7     	27.6     	25.9     	26.4     	28.1     	28.8     
	2026-04-13  	11:11:31  	00:00:57  	         	28.0     	29.9     	34.2     	48.4     	43.8     	59.3     	70.6     	63.7     	89.3     	85.6     	93.1     	93.0     	81.5     	80.2     	77.8     	75.5     	75.0     	65.6     	56.6     	57.1     	55.3     	52.3     	58.0     	56.1     	51.8     	49.1     	47.0     	48.6     	43.8     	38.4     	37.0     	26.9     	25.5     	26.2     	27.9     	28.8     
	2026-04-13  	11:11:32  	00:00:58  	         	30.3     	27.9     	31.3     	50.0     	45.7     	59.0     	69.5     	64.2     	86.1     	87.9     	91.9     	89.9     	84.2     	81.9     	76.4     	76.8     	75.9     	64.9     	57.4     	57.4     	55.8     	53.4     	55.1     	50.6     	50.3     	49.7     	46.5     	45.6     	38.9     	38.9     	35.9     	26.7     	25.4     	26.3     	27.7     	28.8     
	2026-04-13  	11:11:33  	00:00:59  	         	33.5     	25.9     	31.6     	47.2     	45.5     	58.2     	69.4     	63.4     	85.8     	85.3     	93.6     	90.8     	81.3     	80.4     	76.3     	75.3     	73.7     	64.2     	56.8     	58.4     	57.5     	53.7     	60.7     	54.9     	51.0     	47.9     	46.9     	47.7     	40.6     	38.4     	35.3     	26.4     	25.5     	26.2     	27.6     	28.8     
	2026-04-13  	11:11:34  	00:01:00  	         	24.7     	19.1     	29.7     	47.3     	40.4     	56.7     	68.7     	62.8     	88.7     	86.7     	93.3     	89.1     	80.3     	78.8     	75.1     	74.6     	75.7     	65.5     	57.9     	56.9     	57.4     	55.5     	54.5     	50.3     	45.0     	40.6     	36.6     	35.3     	38.8     	39.6     	37.1     	27.4     	25.8     	26.4     	27.8     	28.9     
	2026-04-13  	11:11:35  	00:01:01  	         	24.7     	22.3     	27.8     	49.5     	44.4     	58.2     	65.1     	61.8     	83.7     	82.5     	94.2     	90.7     	81.2     	81.4     	77.6     	77.1     	74.8     	65.3     	58.3     	58.9     	54.0     	52.7     	53.5     	49.7     	49.5     	44.9     	40.6     	43.7     	45.6     	46.7     	36.8     	26.4     	25.5     	26.2     	27.8     	28.8     
	2026-04-13  	11:11:36  	00:01:02  	         	27.8     	23.3     	29.7     	51.0     	46.2     	56.8     	68.2     	61.4     	86.7     	84.6     	93.8     	94.4     	80.7     	80.5     	75.6     	77.2     	74.4     	64.2     	58.3     	57.6     	56.4     	54.6     	58.4     	56.7     	52.7     	48.0     	44.9     	51.8     	49.0     	37.8     	30.6     	24.9     	24.8     	26.1     	27.6     	28.9     
	2026-04-13  	11:11:37  	00:01:03  	         	30.1     	24.9     	30.8     	52.9     	42.8     	59.6     	75.8     	66.0     	82.7     	82.2     	91.9     	92.0     	82.1     	82.6     	78.0     	76.9     	74.6     	65.2     	56.3     	56.5     	54.5     	53.8     	51.3     	48.8     	47.0     	44.8     	43.6     	49.1     	46.5     	42.0     	40.5     	29.1     	26.6     	26.7     	28.4     	28.8     
	2026-04-13  	11:11:38  	00:01:04  	         	25.4     	24.5     	29.4     	45.8     	39.6     	56.9     	68.5     	64.3     	86.2     	83.5     	93.2     	94.1     	81.3     	82.7     	77.7     	77.0     	76.1     	66.0     	56.3     	55.9     	54.1     	51.6     	47.0     	42.6     	38.1     	36.1     	29.0     	28.6     	31.6     	37.0     	36.3     	27.0     	25.7     	26.4     	28.3     	28.8     
	2026-04-13  	11:11:39  	00:01:05  	         	29.1     	30.0     	32.8     	43.1     	44.0     	59.4     	72.4     	61.6     	85.5     	83.7     	93.8     	95.0     	79.9     	80.0     	74.6     	73.2     	71.8     	61.7     	55.1     	53.0     	52.1     	50.9     	47.1     	45.3     	40.2     	36.7     	30.5     	28.3     	34.0     	40.9     	39.8     	28.8     	26.1     	26.3     	27.4     	28.8     
	2026-04-13  	11:11:40  	00:01:06  	         	23.4     	31.0     	33.7     	50.2     	44.7     	54.9     	66.9     	53.8     	70.5     	79.6     	93.1     	88.7     	74.8     	72.1     	66.8     	69.3     	65.4     	56.7     	48.4     	51.2     	50.6     	49.3     	48.0     	47.6     	40.1     	35.0     	27.9     	26.7     	25.6     	24.0     	23.3     	23.7     	24.6     	25.8     	26.8     	28.8     
	2026-04-13  	11:11:41  	00:01:07  	         	31.6     	28.9     	31.5     	44.5     	41.8     	54.9     	63.9     	58.4     	78.8     	81.7     	90.9     	85.8     	74.2     	77.0     	69.1     	66.6     	63.9     	52.6     	46.5     	46.8     	44.1     	41.1     	41.8     	39.3     	36.6     	36.0     	26.4     	23.5     	23.9     	23.4     	23.0     	23.8     	24.4     	25.7     	26.8     	28.7     
	2026-04-13  	11:11:42  	00:01:08  	         	26.1     	31.9     	23.9     	43.6     	37.8     	51.3     	63.7     	51.7     	78.3     	81.4     	83.4     	85.6     	75.1     	73.9     	68.7     	65.1     	63.5     	51.9     	48.3     	45.6     	43.4     	40.7     	41.3     	38.4     	35.6     	35.4     	26.9     	25.0     	23.0     	23.1     	22.9     	23.7     	24.5     	25.8     	26.7     	28.7     
	2026-04-13  	11:11:43  	00:01:09  	         	27.6     	27.4     	30.3     	47.0     	36.7     	53.1     	65.1     	56.8     	72.1     	82.1     	86.3     	85.9     	73.8     	68.3     	64.6     	63.4     	60.4     	50.2     	44.8     	44.5     	40.8     	39.1     	41.4     	37.3     	34.2     	33.5     	24.5     	22.8     	22.9     	23.2     	22.9     	23.9     	24.4     	25.8     	26.9     	28.8     
	2026-04-13  	11:11:44  	00:01:10  	         	27.5     	30.7     	36.6     	46.2     	45.0     	49.0     	61.4     	54.7     	84.7     	83.6     	76.6     	83.6     	73.5     	67.0     	63.5     	63.5     	63.4     	52.0     	46.9     	49.0     	50.4     	47.7     	42.4     	38.6     	36.0     	35.0     	29.0     	25.1     	23.2     	23.5     	23.0     	23.6     	24.4     	25.8     	26.7     	28.8     
	2026-04-13  	11:11:45  	00:01:11  	         	27.1     	28.3     	29.6     	48.9     	45.4     	55.8     	66.0     	60.5     	79.6     	76.0     	80.3     	84.8     	67.7     	66.2     	57.5     	57.6     	57.7     	47.7     	47.7     	57.5     	51.1     	47.3     	51.1     	49.6     	41.3     	36.9     	29.5     	25.1     	23.4     	23.7     	22.7     	23.7     	24.2     	25.8     	26.7     	28.8     
	2026-04-13  	11:11:46  	00:01:12  	         	24.8     	29.5     	26.9     	48.2     	44.0     	55.7     	64.7     	57.2     	74.1     	73.6     	76.4     	74.0     	57.2     	56.5     	52.5     	45.4     	58.0     	56.7     	38.8     	45.7     	53.7     	48.6     	49.0     	49.5     	41.7     	34.1     	25.7     	24.3     	23.1     	23.1     	22.7     	23.5     	24.3     	25.8     	26.7     	28.7     
	2026-04-13  	11:11:47  	00:01:13  	         	21.6     	29.0     	27.9     	48.1     	46.7     	50.4     	53.8     	57.6     	65.1     	74.6     	73.6     	70.5     	56.0     	56.0     	50.3     	42.2     	50.0     	43.3     	41.3     	43.4     	42.3     	39.7     	37.5     	33.9     	36.2     	35.1     	28.5     	24.0     	23.3     	23.3     	22.7     	23.5     	24.3     	25.8     	26.7     	28.8     
	2026-04-13  	11:11:48  	00:01:14  	         	28.0     	27.3     	26.5     	47.9     	45.2     	43.4     	50.2     	57.6     	66.1     	74.1     	74.9     	74.3     	53.6     	55.4     	51.6     	42.4     	50.1     	43.2     	39.7     	43.9     	47.0     	37.9     	45.5     	34.9     	33.1     	33.4     	25.8     	23.4     	22.5     	23.1     	22.7     	23.3     	24.5     	25.9     	26.5     	28.8     
	2026-04-13  	11:11:49  	00:01:15  	         	21.6     	23.8     	29.1     	44.5     	44.1     	44.9     	54.0     	57.0     	66.8     	73.9     	72.9     	70.6     	55.4     	54.6     	51.2     	44.8     	51.5     	43.7     	40.2     	43.3     	40.0     	41.3     	39.6     	39.5     	35.9     	37.4     	38.2     	42.5     	53.4     	64.7     	55.0     	34.8     	30.3     	26.6     	28.5     	28.9     
	2026-04-13  	11:11:50  	00:01:16  	         	27.9     	19.2     	30.4     	50.3     	48.3     	42.3     	51.0     	57.0     	64.1     	73.9     	73.3     	73.9     	55.9     	56.0     	51.8     	45.4     	50.2     	43.5     	40.2     	41.7     	40.9     	42.0     	40.6     	39.3     	35.0     	34.5     	32.9     	35.5     	48.0     	55.1     	44.4     	27.5     	25.6     	25.9     	26.9     	28.8     
	2026-04-13  	11:11:51  	00:01:17  	         	32.2     	25.3     	25.0     	45.8     	45.9     	42.0     	51.3     	58.0     	68.2     	75.1     	72.7     	70.7     	54.4     	55.7     	52.1     	46.6     	52.4     	54.6     	47.4     	47.6     	47.5     	49.5     	54.4     	51.4     	43.2     	36.3     	31.0     	29.4     	24.4     	23.5     	22.7     	23.6     	24.6     	25.8     	26.7     	28.8     
	2026-04-13  	11:11:52  	00:01:18  	         	31.7     	27.9     	32.6     	43.7     	45.1     	43.7     	51.5     	57.6     	68.8     	74.5     	72.6     	68.3     	55.1     	55.9     	52.4     	48.4     	55.1     	50.0     	45.7     	49.6     	52.9     	48.7     	46.8     	44.6     	38.0     	36.9     	30.1     	27.1     	25.3     	24.6     	22.8     	23.5     	24.5     	25.8     	26.6     	28.7     
	2026-04-13  	11:11:53  	00:01:19  	         	19.2     	25.3     	24.1     	41.3     	44.1     	46.8     	55.5     	57.5     	67.6     	74.2     	73.1     	68.9     	55.4     	55.2     	52.2     	46.5     	51.1     	44.4     	42.5     	45.7     	42.7     	45.0     	44.5     	42.4     	38.3     	34.5     	27.7     	23.7     	23.2     	23.0     	22.7     	23.5     	24.1     	25.8     	26.7     	28.7     
	2026-04-13  	11:11:54  	00:01:20  	         	24.7     	23.9     	25.8     	44.0     	45.3     	46.2     	52.1     	56.9     	68.6     	73.9     	74.1     	73.8     	55.9     	55.3     	52.2     	46.9     	50.6     	46.2     	43.2     	42.6     	42.8     	45.1     	43.5     	40.7     	36.6     	34.4     	27.6     	23.4     	22.2     	23.0     	22.9     	23.5     	24.3     	25.8     	26.7     	28.8     
	2026-04-13  	11:11:55  	00:01:21  	         	30.5     	28.3     	30.2     	37.5     	42.4     	48.1     	57.1     	57.6     	70.1     	74.3     	72.7     	69.5     	54.7     	56.0     	52.6     	44.0     	50.3     	45.4     	41.5     	43.0     	45.8     	46.5     	44.5     	41.8     	37.3     	34.7     	27.8     	24.4     	22.7     	23.0     	22.7     	23.4     	24.4     	25.8     	26.7     	28.9     
	2026-04-13  	11:11:56  	00:01:22  	         	27.0     	24.7     	32.0     	39.0     	45.7     	47.9     	55.4     	57.7     	66.9     	74.0     	72.8     	70.3     	55.4     	54.2     	50.5     	43.1     	50.7     	45.5     	41.4     	45.6     	45.2     	47.7     	45.7     	41.5     	36.8     	34.6     	27.9     	24.0     	22.8     	22.9     	22.6     	23.4     	24.2     	25.8     	26.6     	28.8     
	2026-04-13  	11:11:57  	00:01:23  	         	26.3     	23.9     	28.0     	44.6     	46.1     	45.0     	54.0     	57.6     	65.2     	74.9     	73.9     	75.5     	54.1     	54.0     	51.3     	43.9     	50.8     	45.4     	41.9     	45.9     	44.9     	47.5     	43.9     	41.1     	36.0     	34.1     	27.1     	23.0     	22.1     	22.9     	22.7     	23.5     	24.3     	25.9     	26.6     	28.8     
	2026-04-13  	11:11:58  	00:01:24  	         	21.7     	22.8     	28.7     	45.2     	43.7     	45.0     	54.7     	57.4     	68.5     	74.1     	71.8     	67.7     	55.0     	55.9     	52.4     	48.0     	58.0     	55.1     	47.5     	52.0     	53.1     	52.6     	50.3     	49.3     	42.7     	38.1     	30.9     	26.8     	23.3     	23.6     	23.0     	23.5     	24.2     	25.7     	26.6     	28.7     
	2026-04-13  	11:11:59  	00:01:25  	         	24.7     	26.7     	35.1     	42.9     	42.1     	45.2     	52.8     	57.2     	64.2     	74.2     	72.8     	69.4     	53.5     	55.2     	53.2     	50.7     	56.6     	49.5     	47.6     	51.3     	51.7     	52.1     	53.3     	49.8     	43.2     	37.2     	31.3     	27.8     	23.7     	23.4     	22.8     	23.6     	24.4     	25.8     	26.5     	28.8     
	2026-04-13  	11:12:00  	00:01:26  	         	29.0     	28.7     	32.4     	42.5     	45.9     	46.1     	53.3     	57.3     	68.5     	73.9     	75.7     	73.5     	56.0     	55.9     	54.1     	49.1     	53.2     	48.6     	47.3     	52.7     	46.1     	50.7     	48.8     	45.8     	39.1     	35.9     	31.5     	27.4     	26.9     	25.4     	23.0     	23.5     	24.3     	25.8     	26.7     	28.9     
	2026-04-13  	11:12:01  	00:01:27  	         	29.1     	23.5     	22.6     	40.2     	42.7     	44.4     	53.7     	57.5     	69.3     	74.5     	74.0     	71.6     	54.0     	54.5     	52.4     	47.1     	52.6     	50.3     	45.8     	46.2     	48.1     	49.9     	50.0     	48.6     	42.6     	37.1     	30.7     	24.6     	23.5     	23.3     	22.9     	23.4     	24.4     	25.9     	26.6     	28.8     
	2026-04-13  	11:12:02  	00:01:28  	         	29.3     	24.6     	29.7     	39.1     	46.0     	46.8     	55.4     	57.1     	71.3     	73.4     	71.6     	68.3     	56.6     	57.0     	53.7     	47.2     	51.9     	50.4     	46.1     	45.7     	48.6     	54.0     	50.3     	45.7     	40.7     	36.1     	31.2     	27.7     	23.6     	23.2     	22.7     	23.5     	24.4     	25.8     	26.7     	28.8     
	2026-04-13  	11:12:03  	00:01:29  	         	21.8     	24.4     	29.5     	44.8     	46.2     	43.3     	55.1     	57.5     	63.0     	74.6     	72.5     	71.4     	55.0     	56.4     	53.4     	47.6     	52.4     	50.0     	49.6     	46.4     	49.7     	54.5     	48.3     	44.7     	40.7     	35.6     	30.6     	24.5     	23.0     	23.2     	22.8     	23.7     	24.2     	25.8     	26.7     	28.9     
	2026-04-13  	11:12:04  	00:01:30  	         	26.4     	23.8     	28.5     	43.6     	44.3     	49.6     	55.6     	57.4     	67.1     	74.4     	73.3     	69.0     	54.0     	54.7     	51.6     	47.0     	52.6     	48.9     	47.4     	45.6     	47.3     	54.8     	47.7     	45.7     	40.6     	36.3     	31.9     	26.7     	24.3     	23.4     	22.7     	23.5     	24.4     	25.9     	26.7     	28.8     
	2026-04-13  	11:12:05  	00:01:31  	         	25.8     	25.3     	36.1     	38.2     	45.1     	51.1     	54.6     	57.1     	69.3     	72.8     	73.7     	72.4     	55.6     	55.3     	51.9     	54.0     	59.8     	56.5     	51.7     	51.9     	55.3     	51.3     	49.2     	49.7     	41.2     	36.2     	29.1     	25.5     	24.4     	23.3     	22.6     	23.4     	24.4     	25.7     	26.7     	28.9     
	2026-04-13  	11:12:06  	00:01:32  	         	27.0     	25.4     	27.4     	42.0     	45.3     	47.5     	47.7     	57.4     	60.8     	74.9     	74.5     	71.5     	54.3     	53.8     	51.3     	48.7     	54.3     	52.8     	45.7     	48.4     	48.1     	50.6     	51.6     	44.4     	39.1     	36.2     	29.8     	24.9     	24.0     	23.4     	22.6     	23.7     	24.4     	25.8     	26.8     	28.8     
	2026-04-13  	11:12:07  	00:01:33  	         	18.6     	22.3     	31.4     	43.6     	43.5     	45.7     	52.4     	57.1     	66.5     	73.4     	72.6     	68.9     	55.3     	54.3     	50.3     	45.8     	51.4     	51.2     	46.4     	47.3     	45.7     	48.7     	47.9     	43.7     	40.0     	36.0     	29.9     	25.5     	22.7     	23.0     	22.9     	23.5     	24.2     	25.9     	26.8     	28.9     
	2026-04-13  	11:12:08  	00:01:34  	         	25.5     	23.3     	31.6     	41.6     	43.4     	42.6     	58.3     	58.8     	67.7     	74.4     	73.2     	69.8     	55.9     	54.8     	51.8     	47.3     	52.8     	50.8     	54.8     	64.2     	45.2     	59.5     	54.6     	63.6     	50.9     	46.4     	31.9     	33.7     	36.4     	28.6     	23.8     	23.7     	24.2     	25.9     	26.8     	28.8     
	2026-04-13  	11:12:09  	00:01:35  	         	26.3     	20.1     	34.4     	42.1     	44.0     	43.6     	58.4     	59.5     	67.2     	73.7     	73.5     	68.9     	54.6     	54.5     	52.3     	49.2     	54.1     	52.0     	53.5     	62.2     	45.2     	58.1     	56.7     	61.3     	48.9     	44.6     	32.8     	32.2     	34.2     	27.1     	23.5     	23.6     	24.3     	25.9     	26.7     	28.7     
	2026-04-13  	11:12:10  	00:01:36  	         	24.4     	18.7     	29.1     	42.8     	43.3     	44.7     	57.9     	57.6     	67.1     	73.7     	72.2     	68.9     	55.1     	55.2     	51.4     	51.5     	58.0     	58.9     	54.1     	62.0     	52.3     	58.6     	60.6     	61.1     	48.7     	45.0     	39.9     	43.0     	53.4     	64.6     	54.9     	34.8     	30.5     	26.7     	28.6     	28.9     
	2026-04-13  	11:12:11  	00:01:37  	         	24.5     	23.1     	32.1     	42.6     	43.0     	48.2     	58.0     	64.4     	73.9     	79.0     	83.8     	82.4     	56.1     	56.5     	54.2     	53.6     	60.0     	60.7     	54.0     	52.8     	49.7     	53.3     	57.0     	51.5     	44.3     	38.3     	36.1     	36.0     	47.9     	55.0     	44.4     	27.5     	25.5     	25.9     	26.9     	28.7     
	2026-04-13  	11:12:12  	00:01:38  	         	29.8     	25.2     	28.9     	37.4     	44.5     	47.5     	53.1     	58.1     	67.2     	74.9     	73.8     	71.5     	53.8     	55.0     	51.1     	46.2     	52.1     	47.3     	40.1     	41.5     	42.1     	45.4     	45.1     	43.1     	35.0     	32.8     	22.7     	21.1     	22.1     	22.5     	22.7     	23.5     	24.2     	25.8     	26.5     	28.7     
	2026-04-13  	11:12:13  	00:01:39  	         	29.2     	27.2     	30.8     	38.4     	44.8     	44.4     	51.5     	57.6     	68.4     	74.2     	73.2     	72.9     	56.2     	56.1     	51.7     	48.7     	53.1     	50.0     	42.7     	41.8     	38.9     	42.8     	40.3     	36.9     	32.3     	33.9     	23.0     	21.2     	21.9     	22.6     	22.7     	23.5     	24.4     	25.8     	26.8     	28.8     
	2026-04-13  	11:12:14  	00:01:40  	         	24.0     	27.4     	30.3     	42.3     	43.7     	44.6     	54.0     	57.5     	68.4     	74.3     	72.6     	69.8     	55.0     	54.5     	51.9     	48.1     	55.2     	51.7     	42.4     	41.6     	37.7     	40.4     	37.4     	33.6     	31.6     	33.6     	23.1     	22.6     	22.1     	22.7     	22.9     	23.8     	24.2     	25.9     	26.6     	28.9     
	2026-04-13  	11:12:15  	00:01:41  	         	29.8     	25.2     	33.8     	47.2     	44.6     	57.6     	59.4     	54.5     	73.5     	71.9     	73.3     	73.4     	59.2     	55.9     	55.0     	53.7     	54.9     	49.6     	42.6     	41.4     	39.2     	40.6     	38.0     	34.9     	32.0     	32.9     	23.3     	21.8     	22.3     	22.8     	22.8     	23.4     	24.2     	25.9     	26.7     	28.7     
	2026-04-13  	11:12:16  	00:01:42  	         	27.4     	22.3     	30.7     	44.5     	39.4     	57.9     	69.6     	63.8     	72.6     	72.0     	81.6     	85.8     	67.6     	66.8     	59.6     	58.5     	57.7     	52.1     	45.8     	44.8     	41.0     	42.0     	40.6     	36.1     	32.6     	32.6     	24.4     	22.9     	26.5     	33.0     	30.6     	25.0     	24.9     	26.3     	27.3     	28.8     
	2026-04-13  	11:12:17  	00:01:43  	         	27.7     	28.0     	31.6     	42.9     	40.6     	53.6     	61.9     	55.1     	88.8     	84.0     	76.1     	84.5     	73.0     	67.9     	64.1     	64.4     	61.3     	56.9     	48.2     	54.4     	50.3     	51.3     	44.2     	44.9     	41.0     	34.2     	28.5     	26.2     	24.4     	23.6     	23.0     	23.8     	24.3     	25.7     	26.8     	28.8     
	2026-04-13  	11:12:18  	00:01:44  	         	28.9     	35.6     	33.1     	43.1     	41.8     	46.1     	52.8     	48.2     	73.2     	85.6     	79.0     	75.9     	75.2     	77.6     	66.7     	64.7     	64.7     	55.2     	50.6     	53.1     	48.4     	50.2     	46.4     	46.7     	41.9     	34.7     	29.3     	26.1     	24.1     	23.6     	22.8     	23.9     	24.4     	25.8     	26.7     	28.9     
	2026-04-13  	11:12:19  	00:01:45  	         	25.5     	27.2     	27.6     	45.7     	40.9     	49.8     	60.5     	53.4     	77.8     	78.1     	93.7     	78.4     	67.4     	71.2     	67.6     	69.6     	67.8     	58.1     	49.9     	53.2     	49.0     	53.2     	50.5     	49.1     	44.4     	36.5     	29.5     	27.6     	25.4     	24.2     	23.1     	23.8     	24.4     	25.8     	26.6     	28.8     
	2026-04-13  	11:12:20  	00:01:46  	         	26.4     	23.2     	28.9     	42.5     	45.2     	46.9     	59.2     	52.3     	79.1     	81.2     	90.5     	83.6     	73.0     	71.1     	66.9     	65.9     	63.2     	54.3     	46.6     	47.9     	44.7     	44.0     	43.5     	41.6     	35.9     	33.8     	25.0     	22.5     	22.3     	23.4     	23.0     	23.8     	24.4     	25.9     	26.8     	28.7     
	2026-04-13  	11:12:21  	00:01:47  	         	31.7     	21.5     	27.1     	40.9     	44.9     	46.1     	55.1     	57.0     	90.8     	84.8     	80.5     	84.9     	72.5     	70.8     	61.9     	63.7     	62.0     	58.3     	48.3     	51.2     	52.9     	54.2     	53.1     	50.1     	42.7     	37.8     	28.7     	26.3     	23.3     	24.1     	23.0     	23.8     	24.4     	25.7     	26.7     	28.7     
	2026-04-13  	11:12:22  	00:01:48  	         	33.2     	22.4     	31.9     	45.5     	40.1     	45.2     	51.9     	52.4     	85.2     	85.9     	79.8     	80.1     	76.0     	70.9     	67.8     	63.6     	62.8     	54.6     	47.0     	49.0     	45.9     	45.5     	45.5     	43.2     	36.2     	33.6     	27.9     	23.0     	22.6     	23.2     	22.8     	23.6     	24.3     	25.8     	26.8     	28.8     
	2026-04-13  	11:12:23  	00:01:49  	         	29.0     	28.3     	31.0     	43.9     	42.4     	48.3     	58.5     	49.8     	79.0     	78.1     	89.6     	83.6     	71.2     	76.3     	66.2     	68.0     	64.5     	54.4     	47.6     	47.2     	44.9     	43.2     	44.0     	40.9     	36.8     	33.2     	26.0     	23.1     	22.5     	23.4     	23.0     	23.7     	24.3     	25.8     	26.6     	29.0     
	2026-04-13  	11:12:24  	00:01:50  	         	27.9     	26.9     	30.8     	40.7     	41.9     	54.5     	65.8     	56.8     	77.3     	72.8     	95.3     	82.1     	69.9     	70.2     	68.0     	66.7     	67.6     	55.8     	48.1     	48.0     	45.7     	43.6     	43.8     	39.5     	36.4     	34.5     	26.9     	25.7     	26.8     	31.0     	30.0     	24.7     	24.7     	26.0     	26.9     	28.8     
	2026-04-13  	11:12:25  	00:01:51  	         	30.9     	26.6     	22.1     	43.4     	42.4     	47.6     	57.6     	48.3     	74.0     	73.1     	91.8     	89.4     	66.0     	73.6     	74.0     	65.7     	66.1     	54.5     	49.9     	49.6     	45.5     	43.5     	43.7     	40.4     	37.7     	35.1     	26.2     	27.2     	23.3     	23.8     	23.0     	23.7     	24.6     	25.8     	26.6     	28.8     
	2026-04-13  	11:12:26  	00:01:52  	         	33.4     	30.2     	23.1     	43.4     	38.7     	53.6     	61.1     	50.3     	77.3     	82.3     	84.4     	78.5     	73.2     	70.2     	65.2     	64.3     	62.9     	51.6     	45.5     	47.8     	42.8     	39.8     	40.8     	36.7     	34.2     	33.5     	24.0     	22.6     	22.4     	22.8     	22.9     	23.8     	24.3     	25.7     	26.6     	28.8     
	2026-04-13  	11:12:27  	00:01:53  	         	29.8     	27.7     	24.6     	41.4     	43.0     	62.0     	71.6     	58.2     	71.3     	82.4     	85.7     	77.3     	73.8     	74.0     	66.6     	66.5     	65.4     	56.3     	48.3     	51.3     	53.6     	49.5     	51.7     	47.6     	43.4     	35.8     	32.1     	26.9     	30.9     	38.5     	36.2     	26.9     	25.3     	25.9     	26.7     	28.8     
	2026-04-13  	11:12:28  	00:01:54  	         	27.8     	24.5     	35.4     	46.2     	45.4     	52.0     	63.0     	55.2     	80.3     	79.2     	94.6     	87.8     	71.1     	71.1     	65.4     	67.1     	66.3     	56.5     	49.1     	49.1     	46.3     	43.5     	43.7     	40.4     	37.3     	35.4     	28.8     	25.9     	23.8     	23.7     	23.2     	23.8     	24.6     	25.9     	26.8     	28.8     
	2026-04-13  	11:12:29  	00:01:55  	         	24.5     	26.1     	31.9     	42.6     	44.3     	57.3     	66.7     	60.5     	76.0     	82.0     	92.6     	90.9     	74.6     	74.4     	71.1     	67.4     	67.4     	54.8     	49.4     	50.1     	46.7     	43.8     	44.1     	44.3     	38.7     	35.6     	27.7     	24.6     	26.7     	28.8     	29.6     	24.4     	24.5     	25.9     	27.0     	28.9     
	2026-04-13  	11:12:30  	00:01:56  	         	29.6     	24.8     	32.0     	46.8     	43.2     	55.2     	67.6     	54.8     	77.2     	80.8     	91.6     	82.6     	71.5     	75.6     	65.6     	66.6     	64.7     	51.6     	47.4     	48.8     	45.9     	44.1     	43.5     	40.0     	37.6     	35.4     	29.5     	28.2     	23.6     	23.3     	23.0     	23.9     	24.4     	25.9     	26.7     	28.8     
	2026-04-13  	11:12:31  	00:01:57  	         	29.4     	23.7     	30.2     	46.4     	40.6     	51.5     	58.9     	53.5     	79.0     	78.8     	83.9     	83.3     	73.6     	80.1     	63.6     	64.1     	62.7     	53.4     	48.6     	52.1     	47.0     	44.9     	43.0     	41.8     	38.0     	34.6     	28.1     	25.3     	29.4     	36.4     	35.9     	26.5     	25.1     	25.9     	26.8     	28.8     
	2026-04-13  	11:12:32  	00:01:58  	         	31.1     	26.1     	31.5     	44.9     	43.9     	62.2     	73.0     	60.1     	69.2     	77.9     	84.7     	85.2     	73.8     	73.1     	67.3     	63.5     	62.9     	58.5     	53.2     	50.0     	51.7     	53.3     	50.4     	49.2     	44.1     	35.5     	27.8     	25.2     	28.0     	33.4     	31.7     	25.2     	24.6     	25.9     	26.6     	28.8     
	2026-04-13  	11:12:33  	00:01:59  	         	27.4     	29.6     	32.1     	50.4     	48.2     	54.2     	66.2     	49.9     	70.0     	87.8     	82.4     	83.4     	77.6     	68.6     	69.0     	61.2     	62.7     	55.9     	45.3     	47.3     	55.1     	48.1     	51.2     	46.5     	40.1     	37.0     	28.4     	25.5     	23.0     	23.4     	23.0     	23.8     	24.5     	25.8     	26.6     	28.8     
	2026-04-13  	11:12:34  	00:02:00  	         	25.1     	25.8     	27.4     	41.7     	40.3     	53.8     	66.1     	60.7     	91.7     	87.1     	82.1     	86.4     	73.9     	69.5     	62.5     	62.6     	61.8     	52.0     	46.4     	50.0     	49.2     	48.9     	50.8     	48.1     	42.8     	36.0     	29.9     	25.4     	24.4     	25.2     	24.8     	24.0     	24.3     	25.7     	26.8     	28.8     
	2026-04-13  	11:12:35  	00:02:01  	         	23.3     	24.1     	31.6     	42.4     	39.0     	48.7     	53.4     	54.1     	75.2     	72.8     	80.7     	90.2     	72.8     	71.5     	60.9     	58.9     	59.0     	50.7     	46.4     	48.0     	45.8     	45.8     	43.7     	40.7     	35.2     	34.5     	25.2     	22.4     	22.1     	22.6     	23.0     	23.6     	24.5     	25.8     	26.7     	28.8     
	2026-04-13  	11:12:36  	00:02:02  	         	24.7     	29.3     	26.0     	43.6     	42.9     	52.8     	60.0     	60.5     	76.9     	71.6     	88.8     	95.8     	66.8     	65.2     	60.3     	55.6     	58.9     	49.3     	42.0     	41.3     	42.2     	41.6     	40.2     	37.3     	34.3     	33.1     	24.2     	22.4     	23.9     	25.7     	26.6     	24.2     	24.6     	25.9     	26.8     	28.8     
	2026-04-13  	11:12:37  	00:02:03  	         	22.9     	25.8     	32.2     	45.5     	39.0     	50.8     	60.5     	53.4     	81.8     	69.7     	80.7     	90.7     	70.2     	67.1     	61.5     	61.9     	58.4     	51.8     	44.1     	44.2     	41.1     	41.9     	42.3     	38.6     	33.8     	33.3     	24.1     	22.2     	22.3     	22.8     	22.9     	24.1     	24.5     	25.8     	26.9     	28.7     
	2026-04-13  	11:12:38  	00:02:04  	         	22.4     	28.4     	32.0     	43.5     	42.9     	43.5     	54.4     	58.8     	93.1     	88.2     	79.7     	83.7     	72.3     	67.1     	62.7     	62.8     	61.2     	50.9     	44.0     	43.8     	41.5     	41.5     	41.7     	38.6     	33.9     	33.4     	25.4     	23.4     	27.2     	34.7     	32.6     	25.4     	24.7     	25.9     	26.7     	28.8     
	2026-04-13  	11:12:39  	00:02:05  	         	27.2     	25.0     	29.7     	42.1     	40.5     	57.9     	67.6     	55.9     	74.2     	84.6     	73.4     	77.3     	73.6     	68.3     	64.9     	62.5     	63.2     	51.8     	48.8     	53.3     	50.0     	50.2     	51.5     	45.8     	42.9     	36.2     	27.3     	25.1     	23.7     	23.9     	22.8     	23.8     	24.4     	25.8     	26.6     	28.8     
	2026-04-13  	11:12:40  	00:02:06  	         	28.5     	18.7     	31.0     	47.3     	44.2     	47.2     	57.7     	46.4     	69.0     	76.7     	88.0     	79.8     	73.2     	78.2     	65.5     	67.4     	64.7     	55.3     	47.6     	51.7     	46.4     	45.6     	43.6     	40.1     	36.6     	34.2     	30.8     	27.3     	23.6     	24.3     	23.2     	23.9     	24.4     	25.8     	26.6     	28.8     
	2026-04-13  	11:12:41  	00:02:07  	         	25.7     	26.3     	27.5     	46.8     	42.6     	41.1     	51.8     	49.8     	79.2     	80.8     	87.0     	80.8     	70.8     	72.0     	64.7     	64.1     	62.7     	56.8     	49.7     	49.7     	50.5     	46.7     	43.1     	40.9     	37.9     	34.4     	29.9     	25.7     	23.9     	23.7     	22.8     	23.9     	24.5     	25.7     	26.6     	28.8     
	2026-04-13  	11:12:42  	00:02:08  	         	27.8     	28.6     	29.2     	41.1     	35.4     	46.3     	67.1     	64.3     	81.5     	78.9     	83.1     	86.1     	68.7     	66.7     	59.0     	58.4     	59.3     	46.1     	43.1     	45.5     	41.6     	40.5     	38.8     	37.4     	33.6     	34.1     	24.7     	22.3     	22.5     	23.5     	22.9     	23.8     	24.3     	25.7     	26.7     	28.8     
	2026-04-13  	11:12:43  	00:02:09  	         	30.2     	24.7     	32.9     	45.8     	40.6     	43.6     	58.1     	61.8     	76.8     	70.2     	85.0     	88.1     	70.2     	67.9     	61.3     	59.9     	60.3     	54.8     	49.3     	45.1     	49.3     	41.7     	45.8     	45.0     	36.1     	34.1     	28.7     	24.4     	23.3     	23.8     	23.0     	23.9     	24.6     	25.8     	26.7     	28.7     
	2026-04-13  	11:12:44  	00:02:10  	         	28.9     	26.4     	29.1     	47.8     	41.2     	43.8     	55.0     	56.7     	91.1     	85.4     	77.4     	87.0     	75.1     	68.2     	65.2     	63.9     	61.9     	51.1     	44.8     	46.1     	47.6     	44.7     	45.0     	42.4     	34.2     	33.6     	25.9     	22.9     	23.4     	23.3     	23.0     	23.8     	24.3     	25.9     	26.6     	28.9     
	2026-04-13  	11:12:45  	00:02:11  	         	31.3     	25.5     	28.3     	50.1     	42.1     	58.2     	69.6     	59.9     	75.8     	85.0     	78.6     	76.6     	74.3     	65.7     	66.2     	62.6     	62.4     	50.3     	46.5     	45.3     	47.2     	43.1     	44.4     	41.0     	35.7     	34.8     	26.5     	24.2     	25.1     	26.9     	28.0     	24.1     	24.4     	25.9     	26.9     	28.8     
	2026-04-13  	11:12:46  	00:02:12  	         	30.5     	27.9     	25.3     	49.1     	41.5     	55.6     	68.1     	59.1     	74.4     	77.1     	76.9     	76.0     	72.5     	72.0     	66.5     	64.8     	61.6     	54.9     	47.9     	45.6     	43.7     	41.8     	41.7     	39.2     	35.7     	34.1     	29.7     	28.2     	26.5     	33.4     	32.8     	25.0     	24.8     	26.0     	26.8     	28.9     
	2026-04-13  	11:12:47  	00:02:13  	         	28.2     	23.9     	28.1     	39.4     	38.0     	54.4     	65.3     	54.2     	77.0     	77.7     	82.6     	79.9     	72.3     	78.6     	65.1     	65.3     	64.5     	52.6     	46.5     	45.8     	43.3     	40.7     	42.4     	39.2     	35.9     	33.6     	24.6     	23.6     	22.5     	23.2     	22.7     	23.6     	24.2     	25.9     	26.7     	28.7     
	2026-04-13  	11:12:48  	00:02:14  	         	28.3     	21.6     	33.0     	37.1     	37.7     	54.7     	63.3     	57.1     	72.9     	75.2     	91.1     	78.7     	66.2     	68.7     	66.0     	67.2     	67.2     	52.8     	48.6     	48.4     	48.5     	43.5     	44.7     	40.1     	40.9     	36.6     	33.2     	33.2     	27.8     	32.8     	31.6     	25.1     	24.6     	25.9     	26.8     	28.7     
	2026-04-13  	11:12:49  	00:02:15  	         	29.3     	27.8     	30.0     	44.1     	40.0     	57.8     	67.5     	56.1     	78.1     	77.8     	93.3     	88.0     	76.8     	77.0     	74.3     	73.4     	70.1     	61.9     	55.6     	53.4     	50.3     	48.1     	45.5     	41.1     	39.9     	34.7     	28.8     	27.5     	24.8     	26.1     	26.9     	24.1     	24.3     	25.9     	26.8     	28.8     
	2026-04-13  	11:12:50  	00:02:16  	         	30.2     	31.4     	30.7     	46.5     	40.6     	59.6     	71.0     	63.7     	84.9     	82.9     	92.0     	90.7     	81.3     	80.9     	78.1     	76.2     	73.6     	65.0     	57.5     	55.2     	53.0     	50.8     	47.1     	42.4     	36.9     	35.0     	27.8     	27.1     	33.5     	42.4     	40.1     	29.4     	26.7     	26.5     	27.9     	28.8     
	2026-04-13  	11:12:51  	00:02:17  	         	30.0     	30.6     	29.9     	47.2     	45.1     	59.8     	70.8     	62.8     	87.8     	85.4     	93.1     	92.6     	81.5     	80.4     	76.0     	76.5     	74.2     	64.5     	56.3     	54.9     	51.9     	51.1     	48.5     	45.7     	37.6     	33.8     	28.5     	25.5     	28.9     	34.3     	33.6     	25.6     	25.2     	26.4     	27.9     	28.8     
	2026-04-13  	11:12:52  	00:02:18  	         	30.0     	27.3     	30.7     	44.6     	40.1     	59.9     	68.0     	60.6     	78.7     	84.8     	92.0     	92.6     	78.8     	78.4     	76.4     	76.8     	76.4     	65.3     	58.7     	57.0     	55.6     	53.6     	53.2     	49.4     	41.7     	39.1     	38.3     	37.5     	34.2     	35.0     	33.3     	25.8     	24.9     	26.0     	27.3     	28.8     
	2026-04-13  	11:12:53  	00:02:19  	         	32.0     	29.1     	29.6     	38.1     	41.0     	60.9     	66.5     	64.1     	85.6     	87.7     	92.3     	96.5     	83.6     	82.7     	76.6     	76.0     	74.1     	64.4     	57.6     	57.7     	56.4     	52.4     	50.6     	46.4     	41.8     	45.5     	46.3     	54.6     	59.1     	44.0     	36.2     	26.9     	25.8     	26.3     	27.8     	28.8     
	2026-04-13  	11:12:54  	00:02:20  	         	29.7     	28.8     	30.7     	44.2     	42.1     	63.3     	74.6     	63.5     	82.6     	84.6     	91.8     	92.1     	83.0     	81.6     	77.9     	76.3     	73.9     	64.9     	57.7     	58.5     	56.5     	56.0     	60.0     	59.1     	53.3     	50.8     	44.3     	49.1     	45.0     	42.2     	39.5     	28.8     	26.4     	26.4     	28.1     	28.9     
	2026-04-13  	11:12:55  	00:02:21  	         	22.4     	29.7     	32.7     	43.2     	41.1     	57.8     	67.9     	63.9     	88.7     	86.2     	89.0     	94.0     	82.3     	80.9     	76.9     	75.5     	74.9     	65.8     	56.4     	56.5     	55.2     	55.3     	58.2     	56.2     	55.6     	49.6     	42.3     	46.8     	53.3     	38.6     	31.5     	25.4     	24.9     	26.0     	27.2     	28.8     
	2026-04-13  	11:12:56  	00:02:22  	         	26.7     	26.7     	30.1     	46.3     	45.5     	61.7     	65.2     	61.1     	85.7     	85.0     	92.5     	88.0     	81.9     	83.0     	77.0     	75.7     	74.0     	64.6     	55.8     	54.8     	51.8     	51.2     	48.3     	44.6     	44.4     	36.0     	29.4     	28.6     	34.8     	40.8     	40.0     	28.7     	26.3     	26.4     	27.8     	28.9     
	2026-04-13  	11:12:57  	00:02:23  	         	31.4     	23.1     	31.8     	45.2     	45.3     	62.4     	69.4     	63.1     	84.0     	83.0     	93.8     	93.0     	79.6     	81.4     	77.6     	76.6     	75.0     	64.3     	56.9     	55.0     	51.7     	50.7     	47.0     	43.1     	38.5     	35.2     	28.4     	26.4     	33.1     	39.8     	38.9     	28.2     	26.1     	26.5     	28.1     	28.8     
	2026-04-13  	11:12:58  	00:02:24  	         	26.4     	24.8     	30.6     	43.5     	40.5     	62.4     	74.6     	64.6     	86.3     	81.3     	91.0     	92.0     	80.5     	79.2     	76.6     	76.7     	74.2     	64.7     	55.7     	54.7     	51.3     	49.7     	46.2     	43.1     	39.3     	34.2     	28.2     	26.0     	32.0     	38.3     	37.7     	27.4     	25.7     	26.2     	27.6     	28.8     
	2026-04-13  	11:12:59  	00:02:25  	         	31.3     	26.3     	27.3     	42.6     	40.3     	61.0     	70.5     	62.9     	83.1     	83.0     	90.7     	94.9     	80.5     	80.1     	75.7     	72.5     	73.3     	61.8     	52.7     	52.7     	50.6     	49.1     	45.0     	41.3     	36.7     	33.8     	25.4     	23.2     	26.2     	28.2     	29.1     	24.7     	24.8     	26.1     	27.2     	28.8     
	2026-04-13  	11:13:00  	00:02:26  	         	24.0     	24.9     	32.5     	40.8     	41.9     	63.0     	69.5     	61.2     	81.7     	81.5     	87.4     	93.0     	78.7     	76.7     	72.5     	71.2     	68.7     	59.7     	49.0     	47.6     	45.2     	45.0     	41.2     	39.5     	34.1     	32.5     	24.3     	22.5     	26.0     	29.0     	30.1     	24.3     	24.6     	26.0     	26.8     	28.8     
	2026-04-13  	11:13:01  	00:02:27  	         	30.3     	27.4     	28.4     	45.1     	43.7     	57.8     	65.1     	60.4     	77.8     	81.2     	84.2     	85.3     	74.7     	72.2     	67.0     	65.3     	63.5     	55.2     	48.1     	45.7     	42.2     	42.8     	39.5     	36.8     	33.1     	33.1     	23.8     	22.0     	23.4     	29.8     	27.1     	24.3     	24.5     	25.8     	26.6     	28.8     
	2026-04-13  	11:13:02  	00:02:28  	         	30.3     	29.1     	27.6     	48.9     	45.9     	50.3     	60.2     	58.1     	73.2     	76.1     	78.6     	79.6     	64.9     	60.4     	58.6     	55.3     	57.8     	52.4     	47.8     	46.0     	42.5     	44.3     	42.0     	39.8     	35.3     	34.2     	24.7     	22.2     	22.1     	22.8     	22.8     	23.7     	24.3     	25.9     	26.7     	28.7     
	2026-04-13  	11:13:03  	00:02:29  	         	32.2     	27.1     	28.7     	42.1     	46.2     	44.8     	52.6     	57.5     	65.3     	74.3     	73.4     	75.1     	54.8     	57.1     	51.6     	47.8     	52.8     	50.5     	47.1     	47.7     	46.2     	46.7     	46.2     	44.8     	36.9     	34.0     	25.8     	23.9     	22.8     	22.9     	22.7     	23.3     	24.3     	25.7     	26.6     	28.7     
	2026-04-13  	11:13:04  	00:02:30  	         	24.3     	26.8     	28.6     	42.2     	44.2     	46.1     	53.9     	57.3     	70.0     	73.5     	72.8     	72.0     	55.4     	56.2     	52.4     	48.5     	54.0     	54.2     	48.8     	45.4     	43.7     	46.5     	46.3     	43.8     	38.2     	38.1     	38.2     	42.5     	53.3     	64.6     	55.0     	34.8     	30.0     	26.7     	28.7     	28.9     
	2026-04-13  	11:13:05  	00:02:31  	         	20.7     	28.5     	29.2     	44.9     	44.8     	42.8     	54.2     	56.4     	71.0     	73.5     	72.1     	70.1     	55.4     	56.1     	54.0     	51.7     	55.3     	55.6     	49.4     	48.3     	45.6     	48.5     	47.1     	44.8     	39.2     	36.0     	33.9     	35.6     	47.9     	55.0     	44.4     	27.6     	25.4     	26.1     	26.9     	28.8     
	2026-04-13  	11:13:06  	00:02:32  	         	27.4     	25.2     	25.7     	42.8     	44.9     	47.5     	56.0     	56.8     	68.9     	74.0     	72.7     	68.8     	55.1     	56.8     	55.0     	51.5     	54.1     	53.7     	50.0     	51.4     	46.9     	49.9     	49.1     	47.1     	41.1     	36.0     	30.9     	26.1     	23.2     	22.8     	22.7     	23.5     	24.4     	26.0     	26.6     	28.8     
	2026-04-13  	11:13:07  	00:02:33  	         	21.7     	26.8     	21.9     	36.7     	43.6     	46.9     	56.0     	57.4     	67.9     	74.2     	73.0     	68.7     	55.0     	55.9     	52.0     	57.0     	57.1     	56.9     	49.2     	51.4     	46.0     	48.3     	47.1     	45.6     	40.0     	36.9     	31.5     	26.5     	23.7     	23.2     	22.6     	23.5     	24.3     	25.7     	26.6     	28.7     
	2026-04-13  	11:13:08  	00:02:34  	         	29.5     	20.6     	30.4     	43.3     	44.3     	45.8     	52.1     	57.6     	68.4     	73.9     	74.5     	73.7     	55.4     	55.3     	52.6     	50.5     	55.4     	55.4     	47.5     	48.8     	45.1     	47.2     	46.5     	44.0     	37.6     	34.9     	29.2     	24.7     	23.2     	23.2     	22.8     	23.6     	24.3     	25.9     	26.6     	28.8     
	2026-04-13  	11:13:09  	00:02:35  	         	26.2     	29.5     	35.1     	42.2     	44.7     	49.2     	57.4     	57.8     	70.0     	74.3     	72.7     	69.4     	54.7     	56.0     	53.7     	52.6     	57.5     	54.3     	49.4     	48.9     	47.1     	46.9     	45.2     	43.3     	38.6     	36.4     	29.8     	28.0     	25.2     	23.5     	22.8     	23.7     	24.3     	25.7     	26.7     	28.7     
	2026-04-13  	11:13:10  	00:02:36  	         	25.4     	24.7     	27.4     	44.4     	42.7     	47.4     	54.0     	57.6     	67.2     	73.9     	72.7     	70.2     	55.6     	55.1     	52.7     	51.7     	56.6     	55.8     	49.9     	49.4     	47.0     	48.6     	45.4     	43.8     	39.4     	35.9     	30.0     	27.8     	24.3     	23.4     	22.8     	23.5     	24.3     	25.9     	26.7     	28.9     
	2026-04-13  	11:13:11  	00:02:37  	         	28.2     	27.9     	34.0     	43.1     	42.7     	45.9     	53.5     	57.6     	64.8     	74.7     	74.0     	75.5     	54.6     	55.6     	52.9     	53.8     	58.3     	60.1     	54.2     	51.0     	48.2     	47.7     	47.5     	45.8     	41.6     	36.6     	30.3     	27.2     	26.9     	24.2     	22.9     	23.6     	24.4     	26.0     	26.7     	28.8     
	2026-04-13  	11:13:12  	00:02:38  	         	24.7     	32.6     	29.6     	39.0     	46.4     	46.8     	54.9     	57.3     	68.5     	74.1     	71.8     	67.7     	54.2     	55.9     	52.3     	51.9     	61.7     	59.5     	55.4     	51.9     	47.5     	45.6     	44.1     	43.8     	39.7     	36.4     	30.2     	26.3     	24.6     	23.4     	22.7     	23.6     	24.3     	25.8     	26.8     	28.8     
	2026-04-13  	11:13:13  	00:02:39  	         	31.2     	27.4     	32.6     	38.4     	42.6     	45.4     	52.0     	57.5     	63.9     	74.2     	72.9     	69.4     	53.5     	55.2     	54.9     	54.1     	61.8     	59.2     	54.0     	53.8     	47.3     	48.6     	45.6     	48.4     	41.1     	36.1     	32.1     	27.3     	24.9     	23.4     	22.8     	23.7     	24.4     	25.8     	26.7     	28.9     
	2026-04-13  	11:13:14  	00:02:40  	         	29.6     	28.7     	29.1     	39.1     	43.2     	47.1     	55.6     	57.4     	68.7     	73.8     	75.7     	73.6     	56.1     	55.1     	52.9     	54.3     	57.9     	54.8     	50.6     	50.5     	46.9     	46.4     	43.3     	40.6     	37.2     	35.3     	29.8     	26.7     	26.3     	23.8     	22.9     	23.6     	24.4     	25.8     	26.6     	28.7     
	2026-04-13  	11:13:15  	00:02:41  	         	18.2     	24.3     	29.8     	39.8     	43.5     	45.4     	55.5     	57.6     	68.7     	74.4     	74.2     	71.8     	53.6     	54.8     	52.8     	52.3     	56.0     	53.2     	48.4     	51.1     	44.6     	44.4     	42.4     	41.8     	36.1     	34.7     	28.9     	25.2     	24.4     	23.6     	22.8     	23.6     	24.3     	25.8     	26.7     	28.8     
	2026-04-13  	11:13:16  	00:02:42  	         	28.8     	25.2     	25.6     	41.4     	44.4     	46.6     	56.5     	58.1     	71.6     	73.2     	71.6     	68.3     	56.7     	58.3     	53.0     	52.3     	56.3     	52.3     	45.5     	49.3     	45.0     	46.7     	46.2     	44.8     	38.5     	35.5     	29.3     	25.2     	24.1     	23.1     	22.7     	23.4     	24.3     	25.9     	26.6     	28.7     
	2026-04-13  	11:13:17  	00:02:43  	         	33.6     	26.8     	25.1     	45.1     	43.5     	45.8     	55.5     	57.3     	61.8     	74.6     	72.6     	71.9     	55.8     	56.9     	54.0     	48.5     	55.4     	50.1     	44.7     	47.4     	47.4     	48.1     	47.5     	45.9     	38.6     	35.2     	27.9     	26.2     	24.0     	23.1     	22.7     	23.6     	24.4     	26.0     	26.6     	28.8     
	2026-04-13  	11:13:18  	00:02:44  	         	26.6     	29.6     	27.2     	43.0     	44.0     	50.3     	56.3     	57.7     	67.3     	74.4     	73.4     	68.9     	53.9     	55.7     	53.5     	47.3     	52.4     	49.6     	46.3     	46.6     	45.1     	46.3     	46.7     	44.3     	39.5     	35.7     	28.5     	25.7     	23.4     	23.0     	22.7     	23.3     	24.2     	25.9     	26.6     	28.8     
	2026-04-13  	11:13:19  	00:02:45  	         	32.3     	27.1     	30.1     	38.6     	42.6     	46.7     	54.0     	56.9     	69.3     	72.8     	73.8     	72.4     	55.3     	56.0     	53.7     	54.1     	53.7     	50.9     	47.6     	46.7     	45.9     	46.1     	43.7     	41.6     	37.3     	34.9     	29.0     	25.7     	23.3     	23.3     	22.9     	23.6     	24.3     	25.9     	26.6     	28.8     
	2026-04-13  	11:13:20  	00:02:46  	         	27.9     	27.8     	27.3     	36.8     	43.6     	45.2     	50.8     	57.7     	61.1     	75.0     	74.7     	71.6     	54.7     	53.7     	51.3     	49.2     	54.0     	49.0     	44.4     	44.2     	42.1     	44.5     	43.8     	41.7     	37.6     	34.3     	27.6     	23.8     	22.7     	23.1     	22.8     	23.6     	24.3     	25.6     	26.6     	28.9     
	2026-04-13  	11:13:21  	00:02:47  	         	23.1     	29.3     	32.4     	42.5     	43.4     	47.0     	54.7     	57.1     	66.3     	73.5     	72.7     	68.8     	55.7     	54.8     	51.4     	46.6     	53.3     	48.8     	42.0     	43.9     	48.5     	51.0     	46.0     	44.5     	37.5     	34.5     	27.4     	24.0     	22.7     	22.7     	22.7     	23.5     	24.3     	25.7     	26.6     	28.8     
	2026-04-13  	11:13:22  	00:02:48  	         	19.9     	25.3     	28.4     	46.3     	43.4     	44.2     	56.5     	58.6     	68.0     	74.3     	73.2     	69.8     	56.2     	55.2     	50.5     	44.0     	50.8     	45.0     	52.3     	61.5     	47.9     	57.0     	52.7     	60.7     	48.2     	43.7     	29.5     	31.4     	33.9     	26.7     	23.3     	23.4     	24.2     	25.6     	26.6     	28.7     
	2026-04-13  	11:13:23  	00:02:49  	         	25.5     	24.6     	32.0     	43.7     	42.8     	47.3     	59.0     	58.6     	67.2     	73.7     	73.4     	68.7     	54.4     	54.4     	51.8     	43.6     	51.9     	46.3     	52.2     	61.6     	42.3     	56.8     	52.0     	60.7     	48.2     	43.7     	30.5     	32.1     	34.0     	26.8     	23.1     	23.4     	24.4     	25.9     	26.7     	28.7     
	2026-04-13  	11:13:24  	00:02:50  	         	24.0     	30.0     	29.7     	36.2     	43.5     	45.4     	56.3     	58.1     	67.4     	73.8     	72.0     	69.1     	55.1     	55.2     	51.0     	45.1     	53.5     	44.8     	54.3     	64.0     	42.6     	59.3     	54.5     	63.4     	50.8     	46.2     	36.4     	40.2     	49.9     	61.4     	51.5     	31.9     	28.7     	26.3     	27.8     	28.8     
	2026-04-13  	11:13:25  	00:02:51  	         	29.0     	27.2     	28.6     	45.8     	45.9     	48.8     	59.0     	58.0     	64.7     	73.7     	72.3     	69.9     	53.0     	55.8     	51.5     	43.0     	50.8     	45.7     	49.0     	55.6     	41.5     	51.3     	46.6     	53.6     	42.7     	39.2     	37.0     	41.3     	52.6     	62.4     	52.8     	33.0     	28.0     	26.0     	27.8     	28.7     
	2026-04-13  	11:13:26  	00:02:52  	         	25.2     	26.2     	23.3     	46.1     	42.5     	50.3     	61.1     	64.9     	74.7     	80.5     	84.2     	81.7     	56.5     	55.1     	52.5     	47.9     	52.4     	50.6     	43.5     	44.8     	43.2     	45.8     	53.7     	46.6     	43.1     	36.9     	32.8     	30.2     	27.4     	26.2     	24.1     	23.7     	24.3     	25.7     	26.6     	28.8     
	2026-04-13  	11:13:27  	00:02:53  	         	30.6     	30.1     	28.0     	45.7     	46.5     	47.1     	50.6     	57.8     	68.2     	74.1     	73.2     	72.6     	56.2     	56.5     	51.9     	42.3     	50.8     	47.1     	39.3     	39.1     	39.1     	36.8     	36.7     	33.0     	32.7     	33.7     	24.2     	22.5     	22.5     	22.8     	22.7     	23.6     	24.3     	25.8     	26.7     	28.8     
	2026-04-13  	11:13:28  	00:02:54  	         	28.8     	26.6     	28.8     	43.4     	44.1     	44.4     	53.9     	57.3     	68.6     	74.3     	72.7     	69.6     	55.7     	54.4     	50.7     	42.5     	50.8     	45.8     	40.9     	41.3     	37.1     	37.8     	38.7     	35.1     	32.8     	33.6     	26.4     	25.5     	24.3     	22.7     	22.7     	23.6     	24.3     	25.8     	26.7     	28.8     
	2026-04-13  	11:13:29  	00:02:55  	         	24.6     	23.4     	25.0     	43.5     	43.9     	57.9     	59.0     	54.6     	73.5     	72.0     	73.3     	73.4     	59.3     	55.6     	54.5     	52.1     	49.8     	45.3     	42.9     	41.7     	40.2     	39.2     	38.9     	35.9     	33.6     	35.6     	26.2     	23.7     	23.6     	23.1     	22.9     	23.5     	24.2     	25.8     	26.7     	28.9     
	2026-04-13  	11:13:30  	00:02:56  	         	27.8     	26.1     	30.6     	38.8     	41.5     	57.5     	69.6     	63.7     	72.6     	71.9     	81.6     	85.8     	67.6     	66.7     	59.8     	58.0     	57.8     	52.0     	43.6     	45.8     	43.9     	43.8     	42.4     	37.1     	34.2     	34.0     	27.4     	25.4     	26.6     	33.1     	30.8     	25.0     	24.8     	26.1     	27.2     	28.8     
	2026-04-13  	11:13:31  	00:02:57  	         	25.0     	29.8     	31.1     	42.5     	41.0     	53.6     	61.5     	54.9     	88.8     	83.9     	76.1     	84.5     	72.9     	67.9     	64.1     	64.3     	60.9     	52.1     	44.7     	46.5     	44.4     	44.0     	43.0     	38.7     	34.3     	33.7     	24.8     	22.6     	23.0     	23.0     	22.8     	23.8     	24.3     	25.9     	26.7     	28.7     
	2026-04-13  	11:13:32  	00:02:58  	         	32.6     	25.9     	28.8     	47.1     	41.6     	46.0     	54.3     	47.6     	73.2     	85.5     	78.9     	76.0     	75.3     	77.7     	66.5     	64.6     	64.6     	54.7     	49.3     	46.8     	44.3     	43.7     	43.0     	40.3     	36.3     	34.3     	31.2     	28.5     	29.0     	23.5     	23.0     	23.7     	24.4     	25.8     	26.7     	28.8     
	2026-04-13  	11:13:33  	00:02:59  	         	31.6     	28.5     	33.3     	47.6     	42.7     	47.2     	59.7     	53.3     	77.8     	78.1     	93.7     	78.4     	67.6     	71.1     	67.9     	69.7     	67.5     	56.0     	49.3     	47.8     	45.1     	44.8     	45.5     	44.0     	37.8     	35.0     	31.0     	28.0     	30.9     	29.4     	26.8     	24.4     	24.4     	25.8     	26.7     	28.8     
	2026-04-13  	11:13:34  	00:03:00  	         	30.4     	25.0     	30.4     	46.3     	39.7     	45.4     	58.3     	52.7     	79.1     	81.2     	90.5     	83.6     	73.0     	71.0     	66.7     	65.7     	63.5     	52.5     	45.8     	45.8     	45.0     	45.2     	45.6     	44.1     	40.2     	34.2     	25.3     	23.4     	22.5     	23.4     	22.9     	23.8     	24.3     	25.6     	26.6     	28.8     
	2026-04-13  	11:13:35  	00:03:01  	         	31.0     	25.9     	32.7     	46.2     	39.3     	44.3     	54.9     	57.1     	90.8     	84.8     	80.5     	84.9     	72.4     	70.7     	61.9     	63.4     	61.2     	51.9     	44.6     	44.5     	41.4     	43.4     	43.0     	39.5     	36.8     	35.6     	26.6     	23.5     	22.8     	22.9     	22.8     	23.7     	24.5     	25.7     	26.6     	28.8     
	2026-04-13  	11:13:36  	00:03:02  	         	27.3     	29.2     	32.0     	37.9     	40.1     	41.4     	50.2     	52.0     	85.2     	85.9     	79.8     	80.0     	76.0     	70.9     	67.7     	63.5     	61.8     	51.5     	45.9     	45.1     	42.5     	41.4     	42.4     	39.5     	35.6     	34.7     	25.5     	23.3     	22.7     	23.2     	22.9     	23.8     	24.2     	25.8     	26.8     	28.7     
	2026-04-13  	11:13:37  	00:03:03  	         	33.4     	28.2     	23.8     	46.0     	41.3     	46.5     	57.6     	49.2     	79.0     	78.1     	89.6     	83.6     	71.2     	76.3     	66.3     	68.1     	64.3     	53.4     	47.7     	48.9     	44.8     	43.1     	43.9     	41.1     	37.5     	34.7     	26.7     	23.0     	22.8     	23.3     	23.0     	23.7     	24.3     	25.6     	26.7     	28.9     
	2026-04-13  	11:13:38  	00:03:04  	         	27.1     	28.5     	30.4     	49.2     	42.0     	54.1     	65.8     	57.2     	77.2     	72.7     	95.3     	82.1     	69.9     	70.2     	68.0     	66.9     	67.9     	56.3     	48.6     	48.0     	45.8     	44.1     	43.8     	41.4     	37.9     	35.4     	27.5     	26.1     	26.2     	31.0     	30.2     	24.5     	24.7     	25.9     	26.9     	28.8     
	2026-04-13  	11:13:39  	00:03:05  	         	14.6     	29.8     	33.7     	43.1     	43.9     	44.9     	57.0     	48.2     	74.0     	73.0     	91.8     	89.4     	66.0     	73.7     	74.0     	65.7     	66.2     	54.5     	49.7     	49.0     	45.8     	44.4     	45.7     	42.7     	39.5     	36.3     	28.2     	24.5     	24.0     	23.9     	23.0     	23.9     	24.3     	25.8     	26.6     	28.7     
	2026-04-13  	11:13:40  	00:03:06  	         	25.1     	30.2     	28.4     	42.6     	42.0     	51.3     	60.4     	49.4     	77.3     	82.3     	84.4     	78.5     	73.1     	70.1     	65.2     	64.0     	62.8     	52.4     	47.2     	47.6     	44.8     	45.0     	44.0     	42.1     	38.7     	34.3     	26.8     	24.9     	23.3     	23.2     	22.8     	23.8     	24.3     	25.8     	26.6     	28.8     
	2026-04-13  	11:13:41  	00:03:07  	         	28.0     	27.3     	26.6     	46.3     	41.3     	61.9     	71.6     	58.2     	71.4     	82.5     	85.7     	77.2     	73.9     	74.0     	66.5     	66.4     	65.2     	52.9     	49.2     	49.2     	44.4     	46.0     	43.1     	40.4     	37.3     	34.6     	27.6     	25.3     	30.7     	38.4     	36.2     	26.8     	25.2     	26.0     	26.8     	28.8     
	2026-04-13  	11:13:42  	00:03:08  	         	29.0     	24.8     	27.5     	42.2     	39.6     	51.7     	63.0     	55.6     	80.3     	79.2     	94.6     	87.8     	71.1     	71.2     	65.5     	67.1     	66.3     	57.4     	49.1     	48.0     	45.4     	44.0     	43.7     	40.4     	37.0     	34.8     	25.6     	23.2     	23.2     	23.5     	23.1     	23.9     	24.4     	25.9     	26.7     	28.8     
	2026-04-13  	11:13:43  	00:03:09  	         	29.0     	23.3     	26.4     	42.2     	41.8     	57.5     	66.7     	60.7     	76.0     	81.9     	92.6     	90.9     	74.6     	74.5     	71.0     	67.2     	67.3     	55.9     	51.1     	48.8     	45.4     	44.3     	44.5     	41.7     	39.1     	34.6     	29.7     	28.4     	29.3     	29.7     	30.0     	24.6     	24.7     	25.9     	27.0     	28.7     
	2026-04-13  	11:13:44  	00:03:10  	         	29.9     	25.0     	32.8     	47.6     	40.8     	55.5     	68.0     	54.9     	77.2     	80.8     	91.5     	82.6     	71.5     	75.5     	65.6     	66.5     	64.5     	52.1     	47.8     	47.2     	44.8     	42.6     	42.6     	39.3     	36.9     	34.6     	25.2     	23.4     	22.9     	23.3     	22.9     	23.8     	24.4     	25.8     	26.7     	28.8     
	2026-04-13  	11:13:45  	00:03:11  	         	27.5     	28.0     	31.1     	47.1     	39.0     	49.9     	58.5     	52.9     	78.9     	78.9     	83.9     	83.3     	73.7     	80.2     	63.5     	64.1     	61.8     	50.3     	46.4     	46.2     	43.3     	41.6     	42.1     	40.1     	36.4     	34.0     	26.1     	24.8     	29.1     	36.4     	36.0     	26.5     	25.0     	26.0     	26.8     	28.8     
	2026-04-13  	11:13:46  	00:03:12  	         	26.9     	27.3     	31.0     	47.7     	42.2     	62.4     	72.9     	60.1     	69.4     	77.8     	84.7     	85.2     	73.9     	73.1     	67.3     	63.3     	62.0     	51.2     	46.2     	47.5     	43.0     	42.7     	42.7     	39.7     	36.0     	34.9     	25.6     	24.0     	27.7     	33.5     	31.8     	25.0     	24.7     	25.7     	26.8     	28.9     
	2026-04-13  	11:13:47  	00:03:13  	         	27.6     	23.1     	26.5     	50.6     	42.9     	52.4     	65.8     	50.2     	69.9     	87.8     	82.3     	83.4     	77.6     	68.7     	68.9     	61.4     	62.6     	50.7     	44.6     	46.0     	42.5     	42.2     	43.8     	39.9     	35.7     	35.4     	25.4     	23.8     	23.0     	23.2     	22.7     	23.8     	24.4     	25.6     	26.7     	28.9     
	2026-04-13  	11:13:48  	00:03:14  	         	28.2     	29.1     	34.0     	43.3     	40.4     	52.8     	65.6     	60.7     	91.7     	87.1     	82.1     	86.4     	73.9     	69.6     	62.5     	62.5     	60.4     	50.1     	44.2     	45.0     	42.0     	43.1     	42.9     	39.5     	34.4     	33.2     	26.5     	24.4     	24.3     	24.6     	24.8     	24.1     	24.5     	25.9     	26.8     	28.8     
	2026-04-13  	11:13:49  	00:03:15  	         	28.6     	20.1     	31.8     	50.5     	43.8     	50.0     	52.7     	53.6     	75.1     	72.8     	80.8     	90.2     	72.8     	71.6     	60.8     	58.9     	58.9     	50.8     	45.4     	41.0     	41.1     	42.3     	43.0     	38.6     	33.6     	32.4     	24.8     	23.1     	23.3     	23.2     	22.9     	23.8     	24.4     	25.7     	26.6     	28.8     
	2026-04-13  	11:13:50  	00:03:16  	         	24.4     	27.2     	28.7     	49.9     	39.9     	53.3     	59.8     	60.2     	76.8     	71.6     	88.8     	95.8     	66.8     	65.3     	60.5     	55.9     	58.6     	49.7     	43.4     	41.6     	43.0     	42.4     	41.2     	37.5     	34.7     	34.9     	26.1     	26.0     	24.2     	25.7     	26.7     	24.3     	24.5     	25.6     	26.7     	28.7     
	2026-04-13  	11:13:51  	00:03:17  	         	32.8     	28.2     	30.9     	46.3     	37.2     	51.0     	61.6     	53.5     	81.8     	69.9     	80.7     	90.8     	70.2     	67.1     	61.5     	61.8     	59.0     	50.6     	49.7     	44.6     	42.9     	44.1     	42.7     	37.4     	34.7     	33.5     	24.1     	22.4     	22.8     	23.1     	23.0     	23.8     	24.4     	26.0     	26.7     	28.8     
	2026-04-13  	11:13:52  	00:03:18  	         	28.3     	25.8     	27.1     	46.8     	41.3     	45.9     	55.4     	58.7     	93.1     	88.2     	79.7     	83.7     	72.3     	67.2     	62.7     	62.8     	61.6     	50.8     	45.3     	43.2     	41.4     	41.6     	41.4     	36.4     	33.8     	34.0     	26.7     	32.7     	30.2     	34.9     	32.8     	25.7     	24.8     	26.0     	26.6     	28.8     
	2026-04-13  	11:13:53  	00:03:19  	         	28.6     	26.0     	30.1     	41.2     	38.6     	58.8     	67.8     	56.3     	74.2     	84.6     	73.3     	77.3     	73.6     	68.5     	65.0     	62.8     	62.6     	52.4     	47.3     	45.4     	43.9     	44.7     	45.5     	42.5     	36.9     	34.5     	28.1     	25.7     	33.2     	27.1     	24.8     	23.7     	24.4     	25.8     	26.7     	28.9     
	2026-04-13  	11:13:54  	00:03:20  	         	25.9     	28.2     	26.1     	39.6     	43.3     	48.8     	58.8     	45.7     	68.9     	76.7     	88.0     	79.8     	73.2     	78.2     	65.6     	67.4     	64.0     	52.7     	47.0     	47.2     	44.2     	44.7     	45.9     	40.3     	36.7     	34.2     	24.3     	22.9     	23.4     	23.3     	23.0     	23.7     	24.3     	25.9     	26.7     	28.8     

# RTA LOG Results over the whole log period
	2026-04-13  	11:13:54  	00:03:20  	         	28.5     	27.7     	30.8     	45.4     	43.1     	55.7     	65.9     	59.4     	82.7     	81.5     	89.0     	87.9     	75.5     	75.4     	70.6     	69.8     	68.4     	58.9     	51.8     	53.5     	50.1     	50.3     	49.9     	50.8     	43.6     	39.6     	35.4     	38.4     	41.9     	49.2     	40.0     	25.8     	25.0     	26.0     	27.0     	28.8     

#CheckSum
	F395553AA98B0D7B4861B888319AB434