XL2 RTA Spectrum Logging:		KU100\2026-04-14_SLM_000_RTA_3rd_Log.txt                                       
-------------------------


# Hardware Configuration
	Device Info:    	XL2, SNo. A2A-17501-E0, FW4.33
	Mic Sensitivity:	8.6 mV/Pa
	                	(User calibrated 2026-04-13  13:51)
	Time Zone:      	UTC+01:00 (Europe/Berlin)

# Measurement Setup
	Profile:        	Full mode
	Timer mode:     	continuous
	Timer set:      	--:--:--
	Log-Interval:   	00:00:01
	Resolution:     	1/3 Octave
	Range:          	40 - 140 dB

# Time
	Start:          	2026-04-14, 10:07:00
	End:            	2026-04-14, 10:07:32

# RTA LOG Results 
	            	          	          	         	LZeq_dt  	LZeq_dt  	LZeq_dt  	LZeq_dt  	LZeq_dt  	LZeq_dt  	LZeq_dt  	LZeq_dt  	LZeq_dt  	LZeq_dt  	LZeq_dt  	LZeq_dt  	LZeq_dt  	LZeq_dt  	LZeq_dt  	LZeq_dt  	LZeq_dt  	LZeq_dt  	LZeq_dt  	LZeq_dt  	LZeq_dt  	LZeq_dt  	LZeq_dt  	LZeq_dt  	LZeq_dt  	LZeq_dt  	LZeq_dt  	LZeq_dt  	LZeq_dt  	LZeq_dt  	LZeq_dt  	LZeq_dt  	LZeq_dt  	LZeq_dt  	LZeq_dt  	LZeq_dt  
	Date        	Time      	Timer     	Band [Hz]	6.3      	8.0      	10.0     	12.5     	16.0     	20.0     	25.0     	31.5     	40.0     	50.0     	63.0     	80.0     	100.0    	125.0    	160.0    	200.0    	250.0    	315.0    	400.0    	500.0    	630.0    	800.0    	1000.0   	1250.0   	1600.0   	2000.0   	2500.0   	3150.0   	4000.0   	5000.0   	6300.0   	8000.0   	10000.0  	12500.0  	16000.0  	20000.0  
	[YYYY-MM-DD]	[hh:mm:ss]	[hh:mm:ss]	         	[dB]     	[dB]     	[dB]     	[dB]     	[dB]     	[dB]     	[dB]     	[dB]     	[dB]     	[dB]     	[dB]     	[dB]     	[dB]     	[dB]     	[dB]     	[dB]     	[dB]     	[dB]     	[dB]     	[dB]     	[dB]     	[dB]     	[dB]     	[dB]     	[dB]     	[dB]     	[dB]     	[dB]     	[dB]     	[dB]     	[dB]     	[dB]     	[dB]     	[dB]     	[dB]     	[dB]     
	2026-04-14  	10:07:01  	00:00:01  	         	40.3     	34.8     	31.6     	38.9     	35.5     	29.6     	33.5     	31.5     	24.8     	28.3     	25.0     	24.2     	29.8     	21.5     	16.9     	19.3     	17.5     	18.2     	17.6     	17.4     	15.6     	15.5     	16.3     	18.3     	17.5     	17.7     	18.7     	19.5     	20.5     	21.4     	22.3     	23.4     	24.4     	25.9     	26.9     	29.0     
	2026-04-14  	10:07:02  	00:00:02  	         	36.9     	38.2     	36.4     	39.2     	32.5     	32.8     	33.3     	29.4     	26.0     	29.7     	25.0     	26.3     	29.6     	20.4     	17.3     	17.8     	18.5     	18.1     	17.9     	17.3     	15.5     	15.4     	16.4     	18.6     	17.6     	17.5     	18.9     	19.6     	20.5     	21.3     	22.2     	23.4     	24.6     	25.9     	26.8     	29.1     
	2026-04-14  	10:07:03  	00:00:03  	         	35.7     	33.1     	32.3     	40.2     	30.8     	33.8     	32.2     	30.4     	27.9     	27.0     	28.5     	23.5     	29.3     	20.7     	16.9     	17.2     	18.0     	17.6     	17.5     	17.5     	16.1     	15.9     	16.4     	18.4     	17.5     	17.6     	18.6     	19.6     	20.6     	21.2     	22.3     	23.5     	24.6     	25.9     	26.9     	29.1     
	2026-04-14  	10:07:04  	00:00:04  	         	36.8     	37.3     	34.4     	38.1     	32.6     	34.3     	30.6     	33.9     	26.0     	25.4     	26.4     	23.1     	28.5     	20.6     	17.7     	18.9     	17.2     	18.3     	17.7     	17.5     	16.4     	15.8     	16.4     	18.1     	17.6     	17.8     	18.3     	19.6     	20.3     	21.4     	22.3     	23.4     	24.6     	25.9     	26.9     	29.0     
	2026-04-14  	10:07:05  	00:00:05  	         	44.6     	37.8     	35.4     	39.3     	32.3     	34.7     	32.4     	31.9     	26.2     	28.4     	26.9     	23.9     	29.7     	20.1     	16.5     	17.8     	17.4     	18.0     	17.6     	17.6     	16.3     	16.7     	16.5     	18.3     	17.3     	17.6     	18.6     	19.5     	20.4     	21.3     	22.4     	23.4     	24.4     	26.0     	26.9     	29.0     
	2026-04-14  	10:07:06  	00:00:06  	         	42.9     	37.2     	38.3     	42.6     	36.1     	33.3     	32.5     	31.5     	25.1     	27.6     	26.7     	22.7     	29.7     	20.5     	17.3     	19.1     	17.8     	18.5     	18.5     	17.8     	16.7     	16.9     	17.0     	18.4     	17.9     	18.0     	18.7     	19.1     	20.2     	21.3     	22.4     	23.4     	24.5     	25.8     	26.9     	28.9     
	2026-04-14  	10:07:07  	00:00:07  	         	35.7     	34.5     	35.3     	42.8     	34.9     	37.4     	33.2     	32.4     	27.7     	26.7     	25.3     	23.1     	28.6     	19.2     	17.1     	19.6     	17.2     	17.1     	17.0     	17.5     	16.1     	15.9     	16.5     	18.1     	17.7     	18.1     	18.8     	19.3     	20.4     	21.3     	22.1     	23.4     	24.6     	26.2     	26.9     	29.1     
	2026-04-14  	10:07:08  	00:00:08  	         	42.9     	34.0     	34.9     	40.4     	34.3     	35.2     	29.3     	29.2     	26.9     	28.0     	24.8     	24.9     	30.4     	21.2     	17.5     	17.9     	18.0     	18.2     	17.7     	17.2     	15.5     	15.2     	16.6     	18.3     	17.6     	17.7     	18.5     	19.4     	20.3     	21.1     	22.3     	23.5     	24.6     	25.9     	26.9     	29.0     
	2026-04-14  	10:07:09  	00:00:09  	         	45.4     	41.8     	35.4     	40.3     	37.3     	30.8     	30.8     	30.3     	28.1     	26.7     	26.1     	24.7     	30.5     	21.1     	16.6     	18.2     	17.9     	17.8     	17.6     	17.3     	15.8     	15.9     	16.6     	18.1     	17.2     	17.9     	18.9     	19.3     	20.2     	21.2     	22.3     	23.4     	24.5     	26.0     	26.8     	29.1     
	2026-04-14  	10:07:10  	00:00:10  	         	35.6     	35.7     	36.7     	42.9     	34.9     	30.3     	33.8     	32.3     	28.9     	28.6     	25.8     	22.8     	29.3     	19.7     	16.3     	18.4     	17.2     	18.2     	17.7     	17.6     	15.9     	16.0     	16.0     	18.0     	17.6     	17.6     	18.7     	19.5     	20.5     	21.4     	22.1     	23.5     	24.5     	26.0     	26.9     	28.9     
	2026-04-14  	10:07:11  	00:00:11  	         	40.6     	36.6     	36.4     	39.2     	33.7     	31.6     	31.8     	29.8     	27.5     	26.8     	26.8     	22.9     	29.1     	20.8     	17.0     	17.1     	17.4     	18.6     	17.7     	17.8     	15.6     	15.7     	16.2     	18.0     	17.4     	17.8     	18.7     	19.4     	20.6     	21.1     	22.3     	23.6     	24.6     	26.0     	26.9     	29.0     
	2026-04-14  	10:07:12  	00:00:12  	         	41.7     	39.7     	38.0     	37.7     	30.3     	28.6     	33.4     	30.1     	31.1     	27.1     	28.7     	24.2     	29.0     	21.1     	16.7     	17.7     	17.1     	17.8     	17.5     	17.2     	15.6     	16.0     	16.4     	18.5     	17.4     	17.8     	18.6     	19.3     	20.3     	21.4     	22.2     	23.4     	24.3     	25.9     	26.7     	29.0     
	2026-04-14  	10:07:13  	00:00:13  	         	43.8     	33.6     	35.0     	40.0     	29.3     	32.2     	31.8     	30.9     	29.4     	27.8     	28.8     	23.5     	29.2     	19.9     	15.4     	18.1     	17.2     	18.3     	17.3     	17.5     	15.7     	15.7     	16.6     	17.9     	17.3     	17.8     	18.4     	19.4     	20.3     	21.5     	22.3     	23.5     	24.6     	26.0     	26.9     	29.1     
	2026-04-14  	10:07:14  	00:00:14  	         	38.2     	39.0     	30.6     	42.3     	32.6     	30.9     	30.8     	33.3     	26.6     	27.5     	25.1     	24.8     	29.0     	20.7     	17.3     	19.1     	17.4     	17.8     	17.0     	17.1     	16.0     	16.1     	16.3     	18.1     	17.5     	17.5     	18.2     	19.4     	20.5     	21.3     	22.3     	23.3     	24.4     	25.9     	26.9     	29.1     
	2026-04-14  	10:07:15  	00:00:15  	         	43.7     	38.7     	36.5     	43.1     	28.9     	32.4     	31.1     	32.2     	28.7     	27.2     	25.0     	23.8     	29.3     	20.1     	16.0     	18.5     	17.4     	17.4     	17.3     	17.2     	16.0     	15.7     	16.9     	18.4     	17.4     	17.9     	18.7     	19.6     	20.5     	21.5     	22.6     	23.5     	24.7     	26.2     	27.0     	29.1     
	2026-04-14  	10:07:16  	00:00:16  	         	36.5     	39.7     	35.9     	42.6     	34.8     	32.6     	29.6     	29.9     	24.9     	28.9     	27.6     	24.2     	29.5     	20.1     	16.9     	18.9     	18.6     	18.7     	17.9     	17.0     	16.5     	16.3     	16.3     	18.2     	17.8     	18.3     	18.8     	20.1     	20.8     	21.7     	22.9     	23.8     	25.0     	26.3     	27.3     	29.4     
	2026-04-14  	10:07:17  	00:00:17  	         	39.5     	40.2     	34.1     	41.4     	34.7     	35.0     	31.9     	29.7     	24.4     	27.4     	28.9     	25.2     	29.6     	21.5     	17.6     	17.2     	18.1     	17.3     	17.4     	17.6     	15.8     	16.1     	16.9     	18.5     	18.1     	17.9     	19.1     	19.9     	20.9     	21.4     	22.6     	23.8     	24.8     	26.2     	27.3     	29.1     
	2026-04-14  	10:07:18  	00:00:18  	         	40.1     	37.7     	35.0     	39.2     	35.1     	31.8     	32.5     	33.1     	28.6     	27.2     	27.3     	25.8     	29.5     	21.6     	17.1     	18.7     	19.9     	18.0     	17.6     	17.5     	16.5     	16.3     	16.9     	18.7     	17.7     	17.9     	18.8     	19.4     	20.5     	21.5     	22.6     	23.7     	24.6     	26.2     	27.0     	29.1     
	2026-04-14  	10:07:19  	00:00:19  	         	37.9     	31.0     	30.1     	39.6     	34.4     	35.1     	29.2     	32.3     	29.5     	27.5     	29.7     	24.7     	29.6     	21.3     	17.3     	18.9     	19.0     	17.2     	17.3     	17.6     	16.5     	16.4     	15.8     	18.5     	17.7     	17.8     	18.9     	19.7     	20.5     	21.3     	22.4     	23.7     	24.6     	26.1     	27.0     	29.3     
	2026-04-14  	10:07:20  	00:00:20  	         	31.7     	39.2     	36.8     	38.3     	37.1     	34.2     	27.1     	30.7     	27.0     	28.0     	26.1     	23.7     	29.4     	21.8     	15.9     	17.3     	18.2     	18.1     	18.0     	17.9     	16.0     	15.7     	16.3     	18.8     	17.6     	17.8     	18.7     	19.5     	20.7     	21.3     	22.7     	23.6     	24.8     	26.0     	27.2     	29.1     
	2026-04-14  	10:07:21  	00:00:21  	         	43.8     	36.2     	34.0     	38.3     	29.6     	34.3     	30.3     	32.3     	27.1     	28.5     	26.5     	25.1     	29.6     	20.4     	16.7     	18.4     	18.5     	18.5     	17.6     	17.6     	16.2     	16.3     	16.8     	18.3     	17.5     	17.8     	18.8     	19.9     	20.6     	21.1     	22.4     	23.7     	24.7     	26.0     	27.0     	29.1     
	2026-04-14  	10:07:22  	00:00:22  	         	44.7     	35.1     	34.1     	42.9     	32.4     	34.6     	31.5     	28.0     	25.2     	29.7     	29.4     	25.5     	29.1     	20.0     	16.6     	16.8     	18.1     	18.0     	18.4     	17.8     	15.9     	16.7     	16.2     	18.4     	17.8     	17.9     	18.9     	19.2     	20.5     	21.5     	22.2     	23.6     	24.7     	26.1     	27.0     	29.1     
	2026-04-14  	10:07:23  	00:00:23  	         	43.7     	41.9     	35.2     	39.1     	30.1     	33.8     	27.9     	31.3     	28.7     	26.3     	26.2     	24.2     	29.2     	21.5     	16.2     	17.7     	18.1     	18.4     	17.0     	16.8     	16.2     	15.8     	16.2     	18.4     	17.4     	17.9     	18.9     	19.4     	20.4     	21.3     	22.6     	23.8     	24.7     	26.0     	27.1     	29.1     
	2026-04-14  	10:07:24  	00:00:24  	         	39.7     	36.5     	32.0     	37.6     	31.1     	32.9     	33.0     	30.6     	29.4     	28.8     	27.2     	24.5     	29.9     	21.1     	17.0     	18.5     	18.1     	17.8     	17.6     	17.4     	16.0     	15.9     	15.8     	18.5     	17.9     	17.8     	18.7     	19.6     	20.5     	21.5     	22.5     	23.7     	24.7     	26.1     	27.0     	29.1     
	2026-04-14  	10:07:25  	00:00:25  	         	39.1     	38.1     	36.7     	39.4     	31.8     	32.3     	33.9     	29.9     	26.1     	28.3     	28.6     	23.7     	29.5     	21.6     	16.3     	18.6     	17.9     	18.3     	17.2     	17.2     	16.2     	16.0     	16.8     	18.0     	17.6     	18.1     	18.5     	19.4     	20.7     	21.5     	22.4     	23.5     	24.7     	26.1     	27.1     	29.2     
	2026-04-14  	10:07:26  	00:00:26  	         	45.0     	41.3     	37.5     	42.5     	32.9     	34.6     	32.2     	31.1     	27.2     	28.0     	26.7     	22.8     	29.0     	20.5     	17.9     	18.4     	16.6     	17.7     	17.6     	17.6     	15.6     	16.2     	16.2     	18.5     	18.0     	17.7     	18.9     	19.6     	20.6     	21.5     	22.2     	23.5     	24.7     	26.2     	27.0     	29.1     
	2026-04-14  	10:07:27  	00:00:27  	         	42.2     	40.4     	35.7     	36.6     	31.1     	33.5     	32.4     	31.5     	27.5     	26.5     	26.3     	24.5     	29.4     	21.2     	17.7     	18.2     	17.8     	17.1     	18.2     	17.7     	15.8     	15.2     	16.4     	18.2     	17.7     	17.7     	18.9     	19.4     	20.5     	21.3     	22.4     	23.5     	24.5     	26.0     	26.8     	29.1     
	2026-04-14  	10:07:28  	00:00:28  	         	42.8     	39.7     	33.4     	39.3     	31.7     	33.6     	31.7     	30.6     	28.9     	27.1     	27.1     	23.9     	29.6     	20.4     	17.1     	19.2     	17.4     	17.9     	16.7     	17.0     	15.8     	15.9     	16.5     	18.6     	17.9     	17.6     	18.2     	19.2     	20.4     	21.4     	22.5     	23.6     	24.5     	25.9     	26.8     	29.0     
	2026-04-14  	10:07:29  	00:00:29  	         	48.0     	43.2     	42.5     	46.4     	39.9     	39.2     	32.7     	31.3     	28.9     	29.3     	27.1     	23.2     	28.6     	21.1     	17.5     	17.0     	17.5     	18.1     	17.2     	17.6     	15.6     	15.4     	16.4     	18.9     	17.3     	17.7     	18.5     	19.3     	20.1     	21.5     	22.2     	23.4     	24.6     	25.9     	26.9     	29.0     
	2026-04-14  	10:07:30  	00:00:30  	         	53.8     	41.8     	39.2     	53.7     	37.2     	35.2     	29.9     	30.4     	26.3     	27.4     	25.7     	25.6     	29.3     	20.0     	17.2     	17.9     	17.5     	17.6     	17.6     	17.5     	15.7     	16.0     	16.4     	18.4     	17.1     	17.9     	18.7     	19.6     	20.4     	21.5     	22.3     	23.6     	24.6     	25.9     	26.9     	29.0     
	2026-04-14  	10:07:31  	00:00:31  	         	44.8     	38.0     	34.4     	40.3     	26.9     	33.3     	28.1     	29.5     	28.1     	29.4     	27.5     	23.5     	29.2     	19.7     	16.4     	17.0     	18.0     	18.5     	17.9     	16.9     	15.8     	15.3     	16.7     	18.2     	17.3     	18.0     	18.5     	19.5     	20.4     	21.3     	22.4     	23.4     	24.4     	25.9     	26.9     	29.1     
	2026-04-14  	10:07:32  	00:00:32  	         	42.1     	37.4     	35.0     	43.3     	32.3     	36.3     	33.6     	30.8     	24.7     	29.8     	27.2     	24.2     	29.6     	23.2     	19.8     	21.4     	18.8     	18.4     	19.5     	18.0     	16.2     	18.3     	18.5     	18.9     	17.7     	18.2     	18.6     	19.4     	20.3     	21.1     	22.3     	23.4     	24.5     	26.0     	27.0     	29.0     

# RTA LOG Results over the whole log period
	2026-04-14  	10:07:32  	00:00:32  	         	43.7     	38.7     	36.0     	42.9     	34.0     	34.0     	31.8     	31.2     	27.6     	28.0     	27.1     	24.2     	29.4     	20.9     	17.1     	18.4     	17.9     	18.0     	17.7     	17.4     	16.0     	16.1     	16.5     	18.4     	17.6     	17.8     	18.7     	19.5     	20.5     	21.4     	22.4     	23.5     	24.6     	26.0     	26.9     	29.1     

#CheckSum
	79CE2EE714D3D61CCA161AEBFC99FBC6