XL2 RTA Spectrum Logging:		KU1000WFS\2026-04-14_SLM_002_RTA_3rd_Log.txt                                   
-------------------------


# Hardware Configuration
	Device Info:    	XL2, SNo. A2A-17501-E0, FW4.33
	Mic Sensitivity:	8.6 mV/Pa
	                	(User calibrated 2026-04-13  13:51)
	Time Zone:      	UTC+01:00 (Europe/Berlin)

# Measurement Setup
	Profile:        	Full mode
	Timer mode:     	continuous
	Timer set:      	--:--:--
	Log-Interval:   	00:00:01
	Resolution:     	1/3 Octave
	Range:          	40 - 140 dB

# Time
	Start:          	2026-04-14, 16:09:32
	End:            	2026-04-14, 16:12:43

# RTA LOG Results 
	            	          	          	         	LZeq_dt  	LZeq_dt  	LZeq_dt  	LZeq_dt  	LZeq_dt  	LZeq_dt  	LZeq_dt  	LZeq_dt  	LZeq_dt  	LZeq_dt  	LZeq_dt  	LZeq_dt  	LZeq_dt  	LZeq_dt  	LZeq_dt  	LZeq_dt  	LZeq_dt  	LZeq_dt  	LZeq_dt  	LZeq_dt  	LZeq_dt  	LZeq_dt  	LZeq_dt  	LZeq_dt  	LZeq_dt  	LZeq_dt  	LZeq_dt  	LZeq_dt  	LZeq_dt  	LZeq_dt  	LZeq_dt  	LZeq_dt  	LZeq_dt  	LZeq_dt  	LZeq_dt  	LZeq_dt  
	Date        	Time      	Timer     	Band [Hz]	6.3      	8.0      	10.0     	12.5     	16.0     	20.0     	25.0     	31.5     	40.0     	50.0     	63.0     	80.0     	100.0    	125.0    	160.0    	200.0    	250.0    	315.0    	400.0    	500.0    	630.0    	800.0    	1000.0   	1250.0   	1600.0   	2000.0   	2500.0   	3150.0   	4000.0   	5000.0   	6300.0   	8000.0   	10000.0  	12500.0  	16000.0  	20000.0  
	[YYYY-MM-DD]	[hh:mm:ss]	[hh:mm:ss]	         	[dB]     	[dB]     	[dB]     	[dB]     	[dB]     	[dB]     	[dB]     	[dB]     	[dB]     	[dB]     	[dB]     	[dB]     	[dB]     	[dB]     	[dB]     	[dB]     	[dB]     	[dB]     	[dB]     	[dB]     	[dB]     	[dB]     	[dB]     	[dB]     	[dB]     	[dB]     	[dB]     	[dB]     	[dB]     	[dB]     	[dB]     	[dB]     	[dB]     	[dB]     	[dB]     	[dB]     
	2026-04-14  	16:09:33  	00:00:01  	         	36.4     	29.3     	32.4     	42.4     	44.7     	47.8     	57.8     	56.2     	67.5     	67.2     	59.2     	56.4     	43.2     	43.7     	42.7     	29.3     	30.5     	27.0     	35.9     	39.0     	27.5     	36.0     	32.0     	40.6     	30.5     	30.8     	26.5     	23.3     	22.1     	21.6     	22.6     	23.5     	24.5     	26.2     	27.0     	29.1     
	2026-04-14  	16:09:34  	00:00:02  	         	33.1     	26.9     	30.7     	43.6     	49.0     	47.2     	60.8     	57.9     	62.7     	65.5     	58.8     	58.5     	41.3     	42.9     	42.2     	27.6     	30.0     	25.5     	40.5     	44.8     	27.9     	39.4     	35.8     	46.9     	35.3     	35.0     	29.8     	26.2     	25.3     	22.0     	22.8     	23.7     	24.5     	26.0     	27.1     	29.0     
	2026-04-14  	16:09:35  	00:00:03  	         	29.8     	25.0     	30.9     	43.1     	47.5     	48.1     	59.4     	56.9     	64.2     	65.7     	59.9     	56.4     	41.6     	43.8     	42.6     	27.5     	30.8     	26.9     	38.9     	43.2     	29.9     	38.6     	35.5     	45.4     	34.4     	33.5     	29.7     	27.2     	24.2     	21.9     	22.7     	23.7     	24.6     	26.2     	27.0     	29.1     
	2026-04-14  	16:09:36  	00:00:04  	         	32.7     	29.9     	30.0     	42.5     	46.1     	44.4     	58.6     	56.1     	62.4     	63.8     	57.6     	54.9     	42.2     	44.4     	42.8     	29.3     	31.3     	27.2     	38.7     	42.7     	30.2     	39.3     	35.2     	46.1     	34.4     	34.4     	34.1     	36.6     	40.4     	53.7     	47.4     	32.6     	26.2     	26.4     	27.0     	29.1     
	2026-04-14  	16:09:37  	00:00:05  	         	33.6     	25.2     	30.9     	42.2     	45.8     	46.9     	55.1     	59.0     	67.7     	66.7     	66.6     	64.8     	44.5     	43.9     	43.0     	32.9     	31.2     	29.0     	29.0     	27.3     	30.1     	32.0     	36.8     	31.8     	28.2     	27.7     	28.3     	26.0     	29.9     	37.6     	31.0     	24.1     	24.6     	26.1     	27.1     	29.1     
	2026-04-14  	16:09:38  	00:00:06  	         	33.3     	27.6     	33.7     	45.3     	46.7     	46.4     	53.9     	54.3     	57.8     	60.3     	55.9     	52.6     	42.8     	44.7     	42.9     	29.9     	31.1     	24.3     	24.0     	25.7     	27.3     	28.8     	29.0     	28.1     	22.3     	22.6     	22.8     	20.7     	20.6     	21.4     	22.6     	23.6     	24.5     	26.1     	27.1     	29.0     
	2026-04-14  	16:09:39  	00:00:07  	         	34.2     	26.3     	30.3     	43.7     	46.7     	45.1     	52.0     	52.6     	52.9     	58.5     	52.5     	52.7     	41.3     	44.5     	42.5     	31.4     	30.9     	24.6     	24.2     	27.0     	28.1     	28.8     	28.6     	29.5     	22.7     	22.7     	22.9     	21.2     	20.8     	21.6     	22.7     	23.8     	24.5     	26.0     	27.0     	29.1     
	2026-04-14  	16:09:40  	00:00:08  	         	32.0     	32.4     	32.6     	41.8     	44.8     	50.3     	54.1     	52.1     	61.0     	58.3     	53.5     	54.0     	44.0     	44.3     	42.0     	34.4     	30.0     	25.8     	23.7     	26.6     	26.0     	27.0     	25.4     	23.4     	21.6     	22.4     	22.5     	21.7     	20.5     	21.4     	22.5     	23.7     	24.6     	26.0     	27.1     	29.1     
	2026-04-14  	16:09:41  	00:00:09  	         	31.3     	33.3     	32.2     	41.5     	40.5     	61.2     	68.3     	59.4     	69.9     	62.4     	61.0     	65.5     	56.6     	51.7     	48.4     	41.8     	36.9     	29.5     	26.6     	27.0     	26.3     	25.8     	24.0     	22.3     	21.7     	21.9     	21.1     	20.9     	21.1     	21.8     	22.8     	23.8     	24.5     	26.1     	27.0     	29.1     
	2026-04-14  	16:09:42  	00:00:10  	         	31.0     	30.9     	30.8     	42.3     	40.0     	51.3     	59.7     	51.1     	77.8     	69.0     	60.6     	70.3     	55.8     	53.9     	49.3     	45.2     	41.0     	35.2     	30.7     	28.2     	28.8     	29.1     	29.2     	28.5     	21.8     	22.7     	20.8     	20.5     	20.7     	21.7     	22.8     	23.9     	24.4     	26.2     	27.1     	29.1     
	2026-04-14  	16:09:43  	00:00:11  	         	35.3     	32.2     	35.2     	48.0     	47.7     	51.6     	62.1     	55.1     	80.3     	76.9     	57.4     	60.5     	60.6     	56.2     	52.8     	46.1     	40.6     	35.5     	33.3     	32.9     	31.0     	29.8     	30.2     	28.4     	23.5     	23.1     	21.8     	21.1     	21.0     	21.6     	22.9     	24.1     	24.7     	26.3     	27.1     	29.2     
	2026-04-14  	16:09:44  	00:00:12  	         	29.1     	33.3     	32.0     	46.4     	41.6     	54.6     	64.5     	50.7     	71.5     	72.5     	60.2     	61.6     	58.2     	53.4     	51.7     	46.4     	41.0     	35.3     	35.1     	31.8     	31.4     	28.4     	29.8     	27.8     	23.4     	23.3     	21.8     	20.4     	20.8     	21.7     	22.8     	23.8     	24.6     	26.0     	27.0     	29.0     
	2026-04-14  	16:09:45  	00:00:13  	         	29.1     	33.3     	30.8     	38.5     	44.4     	47.4     	51.3     	44.4     	65.9     	62.3     	66.8     	63.5     	55.6     	60.5     	50.1     	46.2     	42.7     	34.9     	33.8     	33.6     	31.8     	28.0     	29.3     	28.2     	24.4     	23.1     	21.6     	21.3     	20.8     	21.6     	22.7     	23.7     	24.6     	25.9     	27.0     	29.1     
	2026-04-14  	16:09:46  	00:00:14  	         	35.5     	30.0     	32.1     	43.7     	42.6     	49.5     	54.2     	48.3     	65.3     	59.7     	67.0     	63.7     	53.6     	56.5     	54.6     	51.6     	43.7     	35.9     	34.1     	36.2     	32.9     	30.1     	29.2     	27.5     	25.4     	23.3     	21.0     	20.5     	20.4     	21.5     	22.5     	23.8     	24.4     	26.1     	27.0     	29.1     
	2026-04-14  	16:09:47  	00:00:15  	         	35.6     	33.0     	31.3     	43.7     	41.0     	45.8     	57.9     	52.5     	65.2     	61.2     	75.0     	66.0     	54.8     	60.1     	57.8     	50.3     	46.0     	38.7     	37.4     	35.4     	33.3     	31.7     	31.4     	29.3     	25.9     	24.1     	21.5     	20.4     	20.8     	21.6     	22.7     	23.9     	24.5     	26.0     	27.1     	29.1     
	2026-04-14  	16:09:48  	00:00:16  	         	35.3     	33.4     	33.8     	42.3     	40.6     	50.4     	62.0     	51.8     	71.3     	66.5     	70.4     	77.2     	55.4     	57.4     	57.5     	51.3     	45.0     	39.4     	38.0     	37.0     	35.8     	32.2     	33.3     	30.7     	27.4     	25.5     	22.7     	21.0     	21.1     	21.6     	22.6     	23.7     	24.6     	26.2     	27.0     	29.0     
	2026-04-14  	16:09:49  	00:00:17  	         	33.4     	35.6     	33.0     	49.1     	47.7     	49.5     	56.7     	47.3     	67.2     	67.8     	60.8     	64.1     	60.7     	55.9     	52.7     	44.9     	40.8     	35.5     	33.6     	33.5     	33.0     	32.6     	31.0     	30.4     	25.7     	23.8     	21.7     	20.6     	20.8     	21.5     	22.5     	23.9     	24.5     	26.0     	27.0     	29.0     
	2026-04-14  	16:09:50  	00:00:18  	         	26.8     	30.5     	32.5     	43.3     	42.6     	48.6     	59.1     	48.7     	61.5     	69.6     	61.8     	65.5     	57.9     	56.9     	52.8     	46.5     	40.6     	34.5     	34.2     	35.3     	32.0     	31.8     	30.0     	29.5     	25.0     	23.9     	21.5     	20.8     	20.8     	21.6     	22.7     	23.9     	24.3     	26.0     	27.1     	29.1     
	2026-04-14  	16:09:51  	00:00:19  	         	31.8     	29.8     	34.9     	51.8     	56.2     	49.2     	57.6     	49.0     	64.0     	63.3     	63.3     	54.0     	56.4     	59.4     	50.0     	46.0     	42.0     	38.8     	37.9     	34.4     	41.0     	37.5     	37.6     	36.9     	30.5     	26.3     	24.5     	21.7     	20.9     	21.6     	22.9     	23.8     	24.5     	26.0     	27.1     	29.1     
	2026-04-14  	16:09:52  	00:00:20  	         	33.1     	32.5     	33.5     	49.4     	45.4     	52.7     	63.1     	53.6     	71.4     	67.6     	64.4     	58.6     	56.6     	61.7     	49.4     	45.7     	40.5     	35.2     	35.3     	38.6     	39.7     	38.2     	37.2     	37.8     	30.3     	27.0     	24.2     	21.6     	21.1     	21.7     	22.5     	23.6     	24.5     	26.0     	27.0     	29.1     
	2026-04-14  	16:09:53  	00:00:21  	         	29.9     	27.0     	29.5     	39.7     	38.8     	47.3     	59.2     	47.1     	67.2     	62.8     	65.8     	64.5     	53.3     	57.5     	53.7     	49.2     	43.8     	35.4     	32.8     	35.6     	36.5     	33.7     	34.9     	33.4     	29.4     	27.3     	23.8     	21.4     	20.8     	21.6     	22.7     	23.7     	24.6     	26.1     	27.1     	29.1     
	2026-04-14  	16:09:54  	00:00:22  	         	33.1     	30.9     	33.0     	49.2     	46.3     	50.1     	59.7     	50.5     	66.8     	61.7     	74.5     	65.2     	57.9     	57.9     	51.9     	48.2     	43.2     	40.1     	37.9     	35.3     	42.2     	39.2     	34.3     	32.5     	28.5     	26.7     	24.3     	22.8     	21.2     	21.8     	22.9     	23.8     	24.5     	26.2     	27.1     	29.1     
	2026-04-14  	16:09:55  	00:00:23  	         	33.3     	26.5     	34.9     	45.8     	44.9     	51.1     	60.5     	53.2     	75.3     	68.1     	59.1     	67.9     	55.7     	56.1     	49.2     	43.8     	41.0     	35.9     	35.5     	39.3     	39.6     	39.1     	37.8     	36.3     	30.9     	29.8     	26.1     	22.5     	22.0     	28.6     	30.5     	25.9     	24.7     	26.1     	27.0     	29.1     
	2026-04-14  	16:09:56  	00:00:24  	         	28.2     	32.6     	31.8     	48.9     	46.9     	60.5     	70.3     	54.3     	77.6     	75.1     	54.8     	57.6     	59.8     	53.3     	52.1     	44.0     	41.5     	37.5     	32.1     	35.5     	35.2     	34.9     	34.0     	31.8     	27.2     	26.3     	24.0     	22.1     	20.9     	21.6     	22.4     	23.6     	24.5     	25.9     	27.1     	29.1     
	2026-04-14  	16:09:57  	00:00:25  	         	30.8     	29.8     	33.1     	40.9     	43.3     	51.8     	59.1     	51.5     	64.7     	67.4     	64.7     	67.6     	58.0     	59.7     	51.9     	46.4     	40.9     	35.6     	34.3     	34.1     	32.1     	29.2     	29.4     	28.7     	25.2     	25.0     	23.0     	20.9     	20.6     	21.6     	22.6     	23.7     	24.5     	26.2     	27.0     	29.0     
	2026-04-14  	16:09:58  	00:00:26  	         	31.2     	31.4     	34.6     	42.8     	43.3     	54.3     	60.0     	47.5     	60.6     	61.1     	67.9     	60.8     	55.0     	59.8     	51.5     	49.0     	43.1     	35.8     	34.5     	35.7     	36.8     	32.3     	30.8     	30.0     	32.1     	27.0     	30.2     	27.4     	21.6     	23.4     	25.0     	23.9     	24.5     	26.0     	27.0     	29.1     
	2026-04-14  	16:09:59  	00:00:27  	         	34.5     	30.2     	34.2     	49.0     	42.6     	54.5     	67.9     	57.0     	68.4     	67.4     	73.5     	68.6     	55.4     	58.8     	56.0     	49.9     	44.3     	36.4     	35.8     	36.3     	33.7     	31.7     	31.3     	30.0     	27.6     	25.4     	24.0     	21.9     	21.2     	22.2     	24.9     	24.1     	24.6     	26.2     	26.9     	29.1     
	2026-04-14  	16:10:00  	00:00:28  	         	33.5     	34.2     	36.4     	46.2     	42.3     	57.0     	67.5     	57.5     	74.2     	67.8     	77.2     	69.2     	61.3     	58.6     	55.4     	51.1     	46.0     	39.6     	36.3     	34.3     	33.1     	32.2     	32.0     	30.1     	27.0     	25.3     	22.8     	21.5     	21.5     	22.9     	26.2     	24.3     	24.6     	26.1     	27.1     	29.0     
	2026-04-14  	16:10:01  	00:00:29  	         	31.4     	34.8     	31.6     	45.9     	43.0     	55.8     	61.9     	53.6     	71.3     	67.3     	69.0     	71.7     	56.2     	58.4     	54.0     	49.6     	46.8     	38.6     	38.4     	37.7     	34.4     	32.0     	32.0     	31.1     	26.9     	25.4     	22.8     	21.2     	20.6     	21.5     	22.6     	23.9     	24.6     	26.1     	27.1     	29.0     
	2026-04-14  	16:10:02  	00:00:30  	         	32.4     	25.5     	28.9     	49.1     	41.8     	55.4     	65.5     	57.7     	74.7     	69.5     	66.3     	65.8     	56.2     	57.5     	54.1     	49.6     	47.5     	41.5     	37.4     	37.6     	41.9     	39.3     	35.1     	34.6     	30.5     	32.3     	26.5     	22.6     	21.4     	22.1     	23.9     	23.7     	24.6     	26.2     	27.1     	29.0     
	2026-04-14  	16:10:03  	00:00:31  	         	34.2     	33.5     	35.1     	46.0     	42.2     	56.2     	60.6     	52.2     	69.6     	64.9     	66.9     	64.7     	56.1     	54.5     	53.6     	48.5     	47.2     	38.9     	38.1     	36.8     	35.0     	34.4     	32.2     	31.9     	27.7     	26.3     	23.6     	21.7     	20.9     	21.6     	22.8     	23.8     	24.5     	26.2     	27.0     	29.0     
	2026-04-14  	16:10:04  	00:00:32  	         	35.5     	32.4     	32.3     	45.2     	43.0     	60.5     	68.4     	58.4     	66.8     	61.7     	65.2     	62.7     	55.9     	58.3     	54.4     	48.6     	47.0     	39.9     	36.4     	39.5     	37.4     	36.3     	33.5     	31.9     	30.5     	31.5     	27.6     	23.0     	22.6     	28.2     	30.1     	25.6     	24.7     	26.2     	26.9     	29.2     
	2026-04-14  	16:10:05  	00:00:33  	         	25.4     	30.3     	32.1     	41.3     	43.5     	58.0     	69.4     	57.9     	68.7     	66.0     	66.7     	65.1     	57.5     	57.5     	53.9     	47.4     	46.9     	39.7     	37.1     	38.5     	44.2     	38.9     	40.2     	38.5     	33.1     	27.0     	26.2     	22.9     	21.6     	22.6     	26.1     	24.2     	24.6     	26.2     	27.1     	29.0     
	2026-04-14  	16:10:06  	00:00:34  	         	31.6     	32.1     	32.0     	47.2     	41.2     	51.4     	62.0     	48.1     	64.9     	62.8     	68.2     	68.3     	54.9     	56.7     	53.2     	49.4     	47.1     	40.9     	38.6     	36.6     	36.5     	36.8     	37.0     	34.3     	30.6     	29.1     	25.6     	23.5     	21.3     	21.7     	22.6     	23.8     	24.7     	26.1     	27.1     	29.1     
	2026-04-14  	16:10:07  	00:00:35  	         	34.3     	27.6     	31.8     	44.1     	41.0     	48.8     	55.6     	42.3     	57.8     	56.3     	67.6     	63.6     	57.8     	57.2     	53.9     	49.1     	46.9     	37.9     	38.2     	36.2     	39.4     	39.0     	39.6     	39.5     	35.4     	31.1     	25.9     	22.0     	21.6     	21.9     	22.6     	23.8     	24.5     	26.0     	27.0     	29.1     
	2026-04-14  	16:10:08  	00:00:36  	         	26.3     	33.4     	34.3     	46.1     	43.5     	44.1     	58.5     	48.7     	64.9     	60.8     	67.3     	68.3     	57.9     	55.6     	54.1     	49.7     	47.5     	39.0     	37.0     	36.3     	33.3     	35.7     	35.5     	34.4     	29.3     	26.6     	23.1     	21.5     	21.2     	21.8     	22.7     	23.9     	24.5     	26.1     	27.1     	29.1     
	2026-04-14  	16:10:09  	00:00:37  	         	29.3     	31.9     	35.6     	46.0     	41.4     	52.5     	64.0     	56.2     	70.5     	65.6     	69.5     	67.5     	60.3     	56.5     	52.6     	49.5     	46.8     	37.8     	36.9     	35.9     	32.6     	32.0     	31.9     	31.5     	28.1     	25.6     	23.5     	21.7     	21.2     	22.3     	25.0     	24.1     	24.7     	26.1     	27.0     	29.1     
	2026-04-14  	16:10:10  	00:00:38  	         	25.1     	31.9     	36.7     	45.3     	46.0     	62.8     	69.9     	58.8     	75.1     	70.4     	68.3     	72.2     	67.6     	65.8     	62.5     	58.5     	54.4     	46.6     	42.7     	42.1     	39.6     	38.1     	33.2     	31.6     	28.2     	26.1     	24.5     	22.1     	22.3     	26.8     	29.3     	25.4     	24.8     	26.2     	26.9     	29.1     
	2026-04-14  	16:10:11  	00:00:39  	         	32.8     	33.6     	37.6     	43.5     	44.2     	63.2     	72.7     	61.8     	77.3     	72.1     	71.2     	74.2     	67.1     	65.9     	62.4     	58.8     	54.3     	47.4     	43.6     	42.3     	40.0     	38.6     	34.5     	33.0     	29.6     	26.7     	25.7     	23.7     	24.1     	31.9     	33.1     	27.4     	25.2     	26.8     	27.2     	29.1     
	2026-04-14  	16:10:12  	00:00:40  	         	32.3     	35.4     	38.5     	42.1     	45.7     	59.9     	69.1     	60.6     	77.9     	75.1     	69.1     	75.6     	68.0     	65.1     	62.2     	59.1     	55.0     	46.9     	43.1     	42.6     	39.9     	38.9     	35.1     	33.1     	28.9     	27.0     	24.8     	22.6     	22.7     	28.1     	30.1     	25.9     	25.0     	26.5     	27.0     	29.0     
	2026-04-14  	16:10:13  	00:00:41  	         	35.7     	34.9     	33.7     	45.5     	44.9     	60.9     	68.2     	62.2     	81.4     	78.4     	68.1     	72.0     	67.2     	67.5     	63.8     	58.7     	54.3     	48.9     	45.0     	43.5     	45.3     	43.7     	43.2     	40.6     	34.6     	31.7     	26.8     	24.6     	23.3     	28.4     	30.5     	26.0     	24.9     	26.6     	27.1     	29.0     
	2026-04-14  	16:10:14  	00:00:42  	         	36.6     	31.0     	34.3     	47.9     	44.5     	58.0     	69.9     	59.2     	79.7     	75.7     	72.0     	71.1     	68.2     	67.3     	63.3     	58.4     	54.1     	46.6     	43.5     	43.0     	40.4     	39.1     	35.6     	33.2     	29.6     	26.7     	24.8     	23.3     	23.1     	28.3     	30.8     	25.7     	25.0     	26.4     	27.1     	29.0     
	2026-04-14  	16:10:15  	00:00:43  	         	31.7     	34.3     	36.5     	47.5     	43.4     	62.0     	68.6     	60.5     	79.8     	73.2     	69.6     	74.6     	68.8     	66.1     	63.3     	58.3     	53.5     	47.8     	43.9     	41.4     	40.9     	39.6     	36.2     	33.4     	30.6     	28.8     	24.7     	23.1     	22.3     	27.0     	29.2     	25.5     	25.0     	26.3     	27.0     	29.1     
	2026-04-14  	16:10:16  	00:00:44  	         	32.9     	34.2     	37.1     	42.4     	41.6     	63.4     	73.0     	62.1     	78.9     	71.4     	71.2     	70.5     	65.8     	64.8     	63.0     	59.1     	53.2     	46.7     	43.5     	44.2     	43.0     	41.0     	36.3     	36.2     	31.4     	28.2     	27.4     	24.2     	25.0     	32.1     	34.6     	28.2     	25.3     	26.5     	27.0     	29.0     
	2026-04-14  	16:10:17  	00:00:45  	         	32.5     	29.9     	36.8     	43.7     	46.0     	61.3     	73.7     	61.2     	78.4     	74.1     	70.9     	72.9     	65.4     	65.0     	62.7     	58.8     	54.6     	47.2     	43.4     	43.2     	41.7     	39.2     	35.3     	34.4     	31.1     	28.0     	25.7     	23.6     	23.1     	28.0     	29.8     	25.7     	24.9     	26.4     	27.2     	29.1     
	2026-04-14  	16:10:18  	00:00:46  	         	27.4     	30.6     	34.6     	52.1     	45.5     	55.9     	63.5     	60.4     	74.4     	71.4     	72.1     	76.1     	68.1     	67.3     	63.6     	58.8     	53.6     	47.8     	43.8     	42.6     	39.8     	38.9     	34.4     	33.4     	30.1     	28.0     	24.9     	22.9     	22.9     	27.0     	29.3     	25.4     	24.9     	26.4     	27.0     	29.1     
	2026-04-14  	16:10:19  	00:00:47  	         	31.4     	27.4     	34.0     	44.6     	44.0     	61.5     	70.2     	60.5     	79.5     	72.2     	70.9     	71.8     	65.1     	67.1     	63.9     	59.2     	53.8     	46.5     	42.7     	42.2     	40.2     	39.7     	35.0     	33.4     	29.8     	28.0     	25.7     	24.1     	23.6     	29.1     	30.9     	26.1     	25.0     	26.6     	27.2     	29.1     
	2026-04-14  	16:10:20  	00:00:48  	         	30.1     	29.5     	31.2     	41.1     	44.0     	58.7     	67.5     	62.9     	79.8     	74.8     	70.0     	70.8     	66.0     	66.5     	63.3     	56.9     	53.8     	47.7     	43.9     	42.7     	40.7     	39.1     	35.1     	34.0     	30.2     	27.4     	25.5     	24.0     	22.9     	29.5     	30.5     	26.2     	25.0     	26.4     	27.1     	29.1     
	2026-04-14  	16:10:21  	00:00:49  	         	31.1     	27.5     	30.8     	47.1     	41.4     	64.0     	70.8     	61.6     	75.9     	70.1     	70.9     	70.3     	67.3     	64.8     	62.5     	58.8     	53.7     	46.7     	44.8     	42.1     	40.0     	39.3     	36.1     	34.8     	32.8     	28.0     	26.8     	23.6     	23.5     	27.9     	30.8     	25.7     	24.8     	26.5     	27.1     	29.1     
	2026-04-14  	16:10:22  	00:00:50  	         	36.2     	36.1     	35.1     	46.5     	45.9     	63.3     	72.3     	62.5     	78.5     	74.0     	72.9     	72.5     	67.9     	65.5     	61.5     	58.8     	54.3     	47.6     	43.9     	41.2     	39.1     	37.6     	34.6     	33.6     	29.8     	28.1     	26.2     	24.4     	24.9     	32.5     	35.0     	28.3     	25.5     	26.6     	27.2     	29.1     
	2026-04-14  	16:10:23  	00:00:51  	         	31.8     	31.4     	34.3     	52.4     	43.1     	61.2     	72.4     	61.8     	75.3     	75.2     	72.6     	74.2     	68.3     	64.7     	62.6     	59.0     	53.8     	46.6     	42.2     	41.8     	41.4     	38.0     	35.1     	34.6     	30.4     	28.1     	26.6     	24.4     	24.8     	32.4     	33.5     	27.9     	25.5     	26.8     	27.0     	29.1     
	2026-04-14  	16:10:24  	00:00:52  	         	31.4     	32.5     	36.6     	49.3     	45.2     	59.8     	69.1     	59.4     	78.5     	75.0     	72.2     	76.9     	69.6     	66.2     	61.6     	58.6     	53.0     	47.3     	45.0     	45.2     	45.8     	43.9     	40.2     	38.7     	38.2     	38.8     	45.8     	48.0     	48.0     	32.8     	31.4     	26.4     	25.1     	26.4     	27.0     	29.1     
	2026-04-14  	16:10:25  	00:00:53  	         	23.0     	33.0     	35.8     	48.8     	46.5     	61.9     	70.5     	60.6     	76.3     	71.4     	73.1     	73.5     	67.4     	66.2     	64.4     	58.4     	53.3     	47.5     	44.5     	44.9     	45.8     	45.3     	45.6     	47.9     	46.6     	42.1     	41.3     	45.6     	37.0     	33.6     	32.9     	27.5     	25.3     	26.6     	27.1     	29.1     
	2026-04-14  	16:10:26  	00:00:54  	         	29.4     	26.8     	35.6     	49.7     	45.2     	62.1     	71.4     	58.9     	81.1     	74.3     	70.1     	70.7     	68.5     	66.1     	62.9     	60.6     	54.9     	48.6     	46.8     	43.1     	43.2     	43.6     	45.7     	47.3     	48.3     	40.3     	36.9     	40.5     	37.3     	29.6     	31.4     	26.0     	25.0     	26.5     	27.2     	29.1     
	2026-04-14  	16:10:27  	00:00:55  	         	29.7     	30.7     	27.3     	47.4     	41.2     	63.5     	72.2     	61.0     	81.1     	74.5     	70.4     	75.8     	68.0     	67.7     	62.0     	57.9     	54.9     	47.3     	45.1     	44.1     	43.7     	42.4     	48.8     	43.5     	47.9     	41.4     	40.3     	31.4     	34.4     	34.4     	34.2     	27.7     	25.2     	26.4     	27.1     	29.1     
	2026-04-14  	16:10:28  	00:00:56  	         	34.7     	34.6     	33.2     	44.2     	46.1     	60.8     	69.9     	59.2     	80.5     	76.0     	71.8     	75.2     	67.1     	66.3     	63.0     	58.4     	55.3     	47.1     	45.3     	44.8     	44.5     	43.7     	43.8     	47.6     	45.9     	43.4     	44.3     	40.1     	32.4     	29.9     	31.3     	26.1     	25.1     	26.5     	27.1     	29.1     
	2026-04-14  	16:10:29  	00:00:57  	         	31.2     	30.8     	30.5     	47.8     	44.1     	61.2     	71.2     	62.3     	80.5     	74.9     	70.8     	73.7     	68.9     	64.5     	63.0     	59.3     	54.6     	48.1     	45.9     	45.5     	45.4     	41.5     	49.6     	46.1     	46.6     	44.1     	44.0     	43.4     	36.1     	28.3     	32.1     	26.1     	24.9     	26.4     	27.0     	29.0     
	2026-04-14  	16:10:30  	00:00:58  	         	32.0     	32.5     	28.6     	50.5     	46.7     	59.4     	69.5     	62.3     	79.2     	75.6     	71.3     	70.7     	69.2     	67.6     	64.1     	59.3     	55.5     	47.9     	45.0     	44.0     	44.5     	42.4     	50.0     	43.9     	45.3     	40.5     	41.3     	38.6     	29.7     	30.0     	30.9     	26.1     	25.0     	26.3     	27.1     	29.1     
	2026-04-14  	16:10:31  	00:00:59  	         	34.0     	31.7     	33.7     	46.6     	47.8     	59.3     	70.3     	62.3     	80.3     	77.6     	73.3     	69.9     	65.8     	66.4     	62.6     	58.4     	53.2     	48.3     	44.5     	45.9     	46.2     	44.7     	45.2     	40.3     	37.8     	39.9     	43.1     	41.2     	32.0     	29.4     	30.3     	25.8     	25.0     	26.2     	27.1     	29.0     
	2026-04-14  	16:10:32  	00:01:00  	         	32.2     	35.2     	28.9     	50.4     	41.7     	58.4     	67.6     	60.2     	80.2     	75.9     	73.8     	69.3     	66.2     	63.9     	61.8     	58.3     	55.6     	48.3     	45.4     	43.8     	44.6     	41.7     	39.4     	37.6     	34.5     	34.0     	31.3     	31.5     	32.2     	32.4     	31.9     	26.7     	25.1     	26.3     	27.1     	29.0     
	2026-04-14  	16:10:33  	00:01:01  	         	34.7     	31.5     	25.5     	45.5     	45.2     	58.9     	65.0     	59.8     	77.9     	73.0     	72.4     	72.1     	66.7     	66.0     	62.9     	59.1     	53.9     	47.8     	46.7     	44.9     	42.6     	41.2     	45.8     	43.9     	44.4     	37.1     	35.2     	37.0     	34.7     	33.9     	30.0     	25.8     	25.1     	26.4     	27.1     	29.0     
	2026-04-14  	16:10:34  	00:01:02  	         	36.5     	34.2     	36.5     	43.5     	46.2     	58.3     	69.7     	60.2     	78.5     	73.0     	73.3     	76.4     	67.5     	66.6     	62.5     	59.0     	54.3     	47.6     	44.5     	43.2     	43.2     	41.7     	39.9     	39.4     	38.2     	38.2     	40.5     	45.8     	41.5     	31.9     	31.0     	26.3     	24.9     	26.4     	27.1     	29.2     
	2026-04-14  	16:10:35  	00:01:03  	         	28.2     	34.5     	34.0     	49.3     	45.2     	60.6     	75.5     	64.5     	77.4     	71.5     	72.1     	72.0     	69.2     	68.6     	65.4     	59.0     	54.0     	49.6     	44.1     	42.6     	41.1     	41.1     	38.5     	37.2     	38.3     	35.3     	34.6     	30.7     	26.4     	30.6     	34.2     	27.2     	25.3     	26.4     	27.0     	29.2     
	2026-04-14  	16:10:36  	00:01:04  	         	35.7     	36.6     	33.9     	53.8     	43.2     	57.9     	68.7     	63.0     	77.9     	73.6     	72.0     	76.5     	67.6     	67.1     	64.1     	60.4     	56.5     	49.8     	44.0     	42.9     	41.3     	39.3     	34.9     	32.5     	28.2     	26.5     	24.3     	23.3     	23.8     	28.9     	32.0     	26.4     	25.2     	26.6     	27.1     	29.0     
	2026-04-14  	16:10:37  	00:01:05  	         	33.3     	32.2     	33.3     	51.1     	46.2     	60.7     	72.7     	59.7     	77.4     	71.9     	73.3     	74.4     	64.7     	66.3     	61.0     	56.3     	51.4     	46.4     	43.6     	41.1     	39.7     	39.0     	39.0     	38.8     	31.6     	28.8     	26.2     	23.7     	24.8     	32.1     	34.7     	27.7     	25.2     	26.3     	27.0     	29.1     
	2026-04-14  	16:10:38  	00:01:06  	         	33.4     	34.3     	37.3     	37.2     	40.2     	52.0     	65.8     	52.8     	63.1     	65.6     	74.5     	73.3     	63.5     	59.9     	55.9     	50.8     	46.3     	40.6     	36.1     	36.0     	38.9     	38.6     	36.0     	38.5     	30.6     	28.3     	25.2     	22.9     	21.6     	21.6     	22.5     	23.8     	24.5     	26.1     	27.1     	29.0     
	2026-04-14  	16:10:39  	00:01:07  	         	28.8     	28.7     	28.1     	41.9     	40.4     	55.5     	65.9     	55.9     	71.1     	69.5     	69.4     	67.8     	60.0     	62.7     	54.8     	49.3     	45.7     	37.6     	36.8     	34.5     	33.8     	30.8     	30.9     	29.8     	27.8     	25.6     	23.4     	21.0     	21.2     	21.7     	22.7     	23.8     	24.6     	26.1     	27.1     	29.1     
	2026-04-14  	16:10:40  	00:01:08  	         	31.1     	30.2     	33.8     	49.6     	41.6     	51.2     	61.8     	49.5     	69.9     	68.0     	62.6     	66.1     	60.2     	55.4     	53.6     	48.0     	44.2     	37.2     	37.5     	35.2     	32.9     	30.3     	30.8     	29.4     	26.8     	25.9     	25.0     	22.0     	21.0     	21.7     	22.7     	23.6     	24.5     	26.0     	27.0     	29.1     
	2026-04-14  	16:10:41  	00:01:09  	         	27.2     	32.6     	31.1     	50.2     	45.0     	54.6     	65.7     	55.0     	65.2     	69.7     	65.7     	67.9     	61.4     	54.6     	50.0     	45.2     	41.0     	34.0     	33.8     	33.9     	31.0     	29.6     	30.5     	28.7     	25.4     	24.1     	21.7     	20.5     	20.7     	21.6     	22.6     	23.9     	24.6     	26.2     	27.1     	29.1     
	2026-04-14  	16:10:42  	00:01:10  	         	34.1     	30.7     	32.0     	47.0     	39.3     	49.6     	62.4     	51.7     	78.5     	75.9     	54.4     	65.1     	60.4     	54.5     	51.1     	45.8     	44.1     	36.9     	35.8     	41.4     	42.4     	41.1     	33.2     	36.7     	28.7     	27.2     	25.6     	21.8     	21.0     	21.8     	22.8     	23.8     	24.5     	26.1     	27.1     	29.1     
	2026-04-14  	16:10:43  	00:01:11  	         	30.4     	31.2     	34.4     	47.4     	43.4     	57.8     	67.8     	58.6     	68.1     	64.5     	58.6     	64.6     	53.1     	50.4     	44.9     	38.7     	38.6     	31.8     	34.1     	45.1     	38.8     	36.5     	41.3     	39.8     	33.3     	28.8     	24.9     	22.2     	21.0     	21.7     	22.4     	23.6     	24.6     	26.0     	27.0     	29.1     
	2026-04-14  	16:10:44  	00:01:12  	         	27.4     	31.4     	34.9     	45.9     	46.4     	57.0     	62.0     	55.1     	64.5     	61.2     	54.9     	54.2     	42.4     	44.0     	40.4     	28.9     	37.9     	40.4     	27.8     	33.6     	43.0     	41.6     	37.9     	39.7     	32.7     	24.7     	22.5     	21.5     	21.0     	21.6     	22.7     	23.7     	24.4     	26.1     	27.1     	29.1     
	2026-04-14  	16:10:45  	00:01:13  	         	24.2     	26.4     	32.8     	43.9     	46.4     	51.0     	55.0     	55.0     	58.4     	61.1     	51.3     	53.6     	42.4     	44.0     	40.8     	26.5     	31.0     	29.5     	29.1     	30.8     	28.0     	31.8     	27.4     	23.8     	27.6     	25.6     	24.2     	21.2     	20.8     	21.7     	22.3     	23.7     	24.4     	26.0     	27.0     	29.1     
	2026-04-14  	16:10:46  	00:01:14  	         	28.9     	23.9     	25.1     	44.5     	46.8     	44.5     	51.5     	54.5     	57.4     	59.8     	54.8     	55.9     	41.7     	43.8     	41.7     	27.0     	31.8     	29.3     	27.2     	31.6     	35.7     	29.2     	37.4     	27.8     	23.9     	23.7     	22.8     	21.1     	20.9     	21.3     	22.7     	23.7     	24.5     	26.1     	27.1     	29.1     
	2026-04-14  	16:10:47  	00:01:15  	         	34.0     	29.3     	26.1     	45.6     	47.0     	45.0     	52.8     	53.8     	59.3     	60.3     	51.9     	53.0     	43.5     	43.1     	41.1     	28.6     	32.7     	29.4     	27.7     	29.7     	28.8     	30.8     	29.7     	29.4     	27.7     	29.6     	33.8     	38.5     	43.5     	53.8     	47.6     	32.6     	26.1     	26.4     	27.0     	29.1     
	2026-04-14  	16:10:48  	00:01:16  	         	33.3     	30.6     	29.9     	43.7     	47.6     	44.9     	52.2     	54.3     	56.2     	59.9     	52.3     	55.5     	43.4     	45.2     	41.9     	30.0     	32.5     	29.0     	28.7     	28.8     	29.6     	33.4     	31.4     	30.5     	26.3     	24.5     	25.4     	27.0     	31.3     	38.0     	31.2     	24.2     	24.6     	26.1     	26.9     	29.1     
	2026-04-14  	16:10:49  	00:01:17  	         	28.9     	25.5     	28.8     	43.5     	47.1     	46.5     	53.3     	55.1     	61.3     	62.0     	51.6     	52.2     	41.7     	44.2     	42.2     	31.7     	34.9     	38.2     	35.5     	35.5     	37.9     	39.5     	42.5     	41.0     	33.4     	28.7     	25.5     	24.4     	21.2     	21.5     	22.5     	23.8     	24.5     	26.0     	27.2     	29.0     
	2026-04-14  	16:10:50  	00:01:18  	         	32.7     	32.9     	32.8     	46.3     	47.6     	46.1     	53.5     	54.9     	61.7     	62.1     	51.2     	49.8     	41.8     	44.5     	42.8     	31.7     	36.3     	33.0     	31.1     	35.7     	39.1     	36.6     	35.0     	33.8     	28.9     	27.7     	25.0     	22.0     	21.3     	21.5     	22.7     	23.6     	24.4     	26.1     	27.1     	29.0     
	2026-04-14  	16:10:51  	00:01:19  	         	31.4     	28.0     	34.2     	47.3     	47.0     	47.2     	54.4     	54.8     	59.8     	62.6     	52.2     	51.4     	41.4     	43.3     	41.7     	32.2     	32.5     	29.5     	30.3     	32.2     	29.3     	32.9     	32.2     	31.1     	28.3     	25.4     	23.2     	21.2     	20.8     	21.4     	22.5     	23.7     	24.5     	26.1     	27.0     	29.0     
	2026-04-14  	16:10:52  	00:01:20  	         	32.1     	25.8     	32.9     	46.3     	45.6     	46.8     	52.5     	54.5     	62.8     	61.8     	52.8     	55.1     	42.9     	44.0     	41.5     	30.5     	32.0     	29.6     	28.7     	28.0     	28.6     	32.6     	30.9     	29.0     	26.6     	24.9     	22.7     	21.0     	20.9     	21.4     	22.7     	23.7     	24.6     	26.0     	26.9     	29.0     
	2026-04-14  	16:10:53  	00:01:21  	         	30.5     	32.6     	30.4     	46.5     	45.3     	50.6     	56.2     	54.8     	61.4     	61.6     	51.6     	51.4     	40.8     	43.9     	42.1     	29.9     	32.4     	29.6     	28.3     	29.2     	31.8     	33.1     	31.1     	29.7     	26.9     	25.0     	23.4     	21.7     	20.8     	21.7     	22.7     	23.7     	24.4     	26.0     	27.1     	29.1     
	2026-04-14  	16:10:54  	00:01:22  	         	27.3     	26.8     	30.3     	47.9     	46.9     	48.3     	54.1     	55.0     	60.8     	61.1     	52.8     	53.6     	42.8     	42.9     	41.1     	28.8     	32.7     	29.6     	27.5     	30.9     	31.3     	34.9     	32.7     	30.3     	26.6     	25.6     	24.0     	21.6     	20.7     	21.4     	22.5     	23.6     	24.6     	26.0     	27.1     	29.1     
	2026-04-14  	16:10:55  	00:01:23  	         	34.8     	33.5     	34.5     	45.3     	47.8     	47.3     	54.3     	54.7     	56.4     	61.4     	53.9     	56.8     	41.5     	43.7     	42.0     	30.1     	34.4     	32.0     	29.3     	31.6     	32.6     	36.2     	33.2     	36.5     	28.0     	27.4     	23.4     	21.3     	20.7     	21.5     	22.5     	23.7     	24.5     	26.3     	27.0     	29.1     
	2026-04-14  	16:10:56  	00:01:24  	         	35.2     	29.3     	32.5     	38.0     	46.2     	46.1     	56.7     	54.8     	60.6     	60.9     	51.1     	50.9     	42.3     	45.3     	42.7     	34.6     	38.7     	37.2     	33.7     	37.9     	41.2     	40.9     	39.4     	36.5     	33.9     	30.2     	26.4     	22.6     	20.8     	21.5     	22.7     	23.8     	24.4     	26.1     	27.0     	29.0     
	2026-04-14  	16:10:57  	00:01:25  	         	30.8     	31.9     	31.2     	42.3     	46.7     	46.7     	52.0     	54.9     	57.2     	61.4     	52.3     	51.0     	40.9     	44.0     	42.7     	35.4     	35.2     	33.0     	33.7     	35.0     	36.3     	37.7     	35.6     	35.7     	30.6     	27.1     	25.5     	23.3     	21.0     	21.6     	22.5     	23.8     	24.5     	26.0     	26.9     	29.0     
	2026-04-14  	16:10:58  	00:01:26  	         	25.3     	32.0     	33.2     	49.5     	48.3     	46.8     	55.7     	54.6     	61.6     	61.9     	54.9     	56.5     	43.1     	44.6     	42.6     	32.8     	34.6     	32.8     	32.6     	37.7     	31.7     	37.3     	36.4     	36.1     	30.5     	27.0     	25.8     	22.3     	21.5     	21.7     	22.6     	23.9     	24.5     	26.1     	27.0     	29.1     
	2026-04-14  	16:10:59  	00:01:27  	         	24.6     	27.2     	30.7     	49.3     	46.9     	44.5     	53.0     	54.8     	62.1     	61.9     	53.6     	52.8     	41.5     	43.2     	42.1     	31.9     	34.0     	33.8     	31.4     	30.4     	34.6     	36.5     	35.1     	33.9     	30.0     	28.3     	25.2     	21.9     	21.1     	21.5     	22.8     	23.8     	24.6     	26.1     	27.0     	29.0     
	2026-04-14  	16:11:00  	00:01:28  	         	26.6     	28.7     	32.7     	41.6     	44.1     	48.7     	57.1     	55.2     	64.4     	61.9     	50.8     	51.0     	44.0     	45.4     	43.3     	32.3     	33.9     	33.2     	31.8     	31.0     	34.0     	40.5     	36.0     	32.4     	28.5     	26.3     	26.0     	23.6     	21.1     	21.7     	22.6     	23.7     	24.6     	26.1     	27.0     	29.1     
	2026-04-14  	16:11:01  	00:01:29  	         	29.9     	31.1     	28.7     	42.8     	46.5     	49.1     	54.3     	55.1     	57.3     	62.1     	51.4     	53.3     	41.5     	44.8     	42.6     	31.5     	33.9     	33.5     	35.3     	31.3     	34.9     	39.6     	34.8     	32.0     	29.3     	26.8     	25.6     	21.6     	21.0     	21.5     	22.7     	23.7     	24.4     	26.1     	27.1     	28.9     
	2026-04-14  	16:11:02  	00:01:30  	         	30.9     	29.0     	34.4     	45.9     	48.2     	51.2     	54.9     	54.7     	60.4     	62.4     	53.0     	50.6     	40.9     	43.4     	42.2     	31.0     	34.2     	31.9     	33.9     	30.9     	32.4     	40.2     	33.6     	32.4     	28.6     	26.6     	26.8     	23.5     	21.3     	21.7     	22.6     	23.7     	24.5     	26.0     	26.9     	29.2     
	2026-04-14  	16:11:03  	00:01:31  	         	32.1     	35.2     	35.7     	48.4     	45.8     	50.5     	53.8     	54.9     	62.4     	61.2     	54.3     	54.3     	43.6     	44.2     	42.2     	36.8     	39.0     	38.0     	35.4     	37.5     	42.6     	38.9     	35.6     	37.9     	29.8     	26.8     	24.2     	21.9     	20.9     	21.4     	22.7     	23.6     	24.6     	26.0     	27.0     	29.0     
	2026-04-14  	16:11:04  	00:01:32  	         	28.9     	32.2     	30.5     	42.7     	46.0     	45.4     	49.3     	55.1     	53.6     	62.4     	54.3     	53.0     	41.6     	43.9     	42.3     	32.8     	32.5     	32.6     	30.7     	32.3     	32.8     	36.4     	36.5     	31.8     	28.0     	26.8     	24.6     	22.2     	21.3     	21.6     	22.6     	23.7     	24.6     	26.2     	27.0     	29.1     
	2026-04-14  	16:11:05  	00:01:33  	         	20.7     	32.8     	30.8     	46.7     	46.4     	46.6     	53.2     	55.0     	59.9     	61.0     	52.0     	51.7     	43.0     	43.4     	41.9     	29.7     	33.0     	34.4     	38.6     	41.0     	31.6     	38.9     	36.2     	45.6     	34.5     	30.7     	26.3     	24.3     	23.7     	21.5     	22.7     	23.7     	24.6     	26.0     	27.1     	29.1     
	2026-04-14  	16:11:06  	00:01:34  	         	33.8     	30.9     	31.3     	47.9     	47.0     	42.5     	58.7     	57.5     	61.7     	62.0     	52.1     	52.7     	43.2     	43.9     	42.1     	31.6     	34.1     	32.5     	42.7     	47.0     	31.0     	42.7     	39.3     	51.4     	39.0     	35.1     	28.4     	27.8     	27.6     	22.0     	22.7     	23.7     	24.4     	26.1     	27.2     	29.1     
	2026-04-14  	16:11:07  	00:01:35  	         	30.8     	30.1     	32.8     	46.1     	47.7     	47.8     	58.6     	57.3     	60.5     	61.7     	53.0     	50.4     	42.2     	44.6     	43.1     	32.6     	36.3     	37.0     	41.3     	45.4     	35.0     	42.2     	42.7     	49.4     	37.3     	33.9     	29.3     	27.2     	26.3     	21.8     	22.7     	23.8     	24.5     	26.1     	27.0     	29.1     
	2026-04-14  	16:11:08  	00:01:36  	         	23.5     	25.1     	32.4     	47.8     	47.8     	46.7     	57.3     	56.0     	60.1     	61.6     	50.8     	49.8     	42.8     	44.6     	42.2     	35.0     	37.6     	41.4     	42.9     	45.3     	37.0     	43.8     	45.9     	49.6     	37.5     	34.9     	34.1     	38.0     	42.4     	54.2     	47.8     	32.7     	26.2     	26.4     	27.0     	29.0     
	2026-04-14  	16:11:09  	00:01:37  	         	33.4     	28.6     	34.4     	41.7     	47.4     	50.5     	56.8     	62.4     	68.0     	67.8     	64.6     	63.4     	42.2     	44.8     	44.0     	35.1     	38.6     	40.7     	38.3     	38.4     	35.6     	39.2     	42.4     	38.3     	33.0     	28.7     	28.5     	27.1     	31.1     	38.2     	31.3     	24.5     	24.6     	26.2     	27.0     	29.1     
	2026-04-14  	16:11:10  	00:01:38  	         	32.2     	27.9     	31.2     	44.2     	46.1     	48.4     	49.5     	55.6     	61.8     	62.4     	53.6     	52.5     	42.0     	44.3     	42.7     	29.3     	32.0     	27.9     	25.3     	26.2     	28.4     	30.5     	31.0     	30.0     	23.4     	21.8     	19.8     	20.1     	20.6     	21.6     	22.5     	23.6     	24.6     	26.0     	27.1     	29.2     
	2026-04-14  	16:11:11  	00:01:39  	         	29.6     	32.4     	31.0     	42.3     	46.2     	45.9     	53.0     	55.4     	62.0     	62.7     	52.0     	53.8     	42.7     	44.7     	42.7     	30.8     	32.9     	33.3     	28.2     	26.1     	24.7     	28.7     	26.6     	24.1     	21.3     	22.5     	20.3     	20.2     	20.7     	21.3     	22.5     	23.8     	24.6     	26.1     	27.0     	29.1     
	2026-04-14  	16:11:12  	00:01:40  	         	29.8     	29.1     	32.2     	42.9     	45.5     	45.6     	55.2     	55.2     	61.7     	62.4     	51.7     	52.5     	41.8     	43.8     	42.6     	31.5     	35.5     	34.5     	27.8     	26.9     	25.4     	26.6     	24.6     	22.9     	20.9     	22.0     	20.2     	20.4     	20.4     	21.4     	22.7     	23.6     	24.6     	26.1     	27.2     	29.1     
	2026-04-14  	16:11:13  	00:01:41  	         	29.1     	30.3     	28.2     	46.6     	46.1     	59.4     	64.6     	51.7     	67.8     	64.0     	54.7     	57.7     	49.3     	44.9     	44.0     	38.0     	35.2     	33.3     	29.8     	28.6     	26.7     	27.5     	24.9     	23.5     	20.9     	21.5     	20.0     	20.0     	20.5     	21.4     	22.6     	23.8     	24.5     	26.0     	27.0     	29.0     
	2026-04-14  	16:11:14  	00:01:42  	         	32.9     	30.4     	27.8     	44.5     	45.6     	58.9     	69.3     	62.4     	67.9     	61.9     	63.3     	70.4     	56.0     	55.6     	50.4     	45.2     	43.1     	37.7     	34.4     	31.8     	29.6     	29.3     	28.5     	27.2     	23.5     	23.0     	21.6     	21.0     	21.3     	25.8     	27.3     	24.8     	24.9     	26.2     	27.0     	29.0     
	2026-04-14  	16:11:15  	00:01:43  	         	32.2     	29.2     	33.6     	43.4     	34.5     	50.2     	60.7     	48.7     	81.8     	77.5     	57.5     	65.6     	60.4     	55.9     	53.8     	48.9     	45.3     	42.9     	39.5     	42.7     	41.0     	42.6     	34.6     	36.8     	33.1     	24.9     	23.4     	21.9     	21.2     	21.8     	22.7     	23.8     	24.7     	26.2     	27.0     	29.1     
	2026-04-14  	16:11:16  	00:01:44  	         	24.7     	28.8     	30.2     	42.9     	41.4     	44.9     	54.9     	45.4     	67.2     	74.1     	65.6     	56.8     	58.9     	60.9     	51.4     	48.2     	46.5     	39.4     	38.9     	40.9     	36.0     	39.5     	34.3     	33.1     	29.9     	27.7     	24.4     	22.5     	21.0     	21.5     	22.7     	23.7     	24.5     	26.2     	27.1     	29.0     
	2026-04-14  	16:11:17  	00:01:45  	         	30.9     	26.5     	33.3     	40.2     	40.8     	49.4     	60.3     	52.1     	72.2     	69.6     	78.4     	63.4     	56.1     	57.4     	55.4     	53.2     	49.8     	43.0     	38.0     	40.6     	36.9     	42.2     	37.9     	37.5     	33.4     	26.1     	23.5     	22.1     	21.7     	21.7     	22.7     	23.9     	24.5     	26.1     	27.1     	29.0     
	2026-04-14  	16:11:18  	00:01:46  	         	29.5     	29.5     	33.0     	36.4     	35.8     	47.3     	57.9     	49.7     	77.0     	73.7     	72.3     	69.2     	61.5     	57.7     	53.3     	49.1     	45.7     	42.3     	37.6     	35.6     	33.5     	33.2     	33.6     	31.9     	26.6     	24.6     	21.7     	21.0     	20.7     	21.8     	22.7     	23.7     	24.7     	26.1     	27.0     	29.0     
	2026-04-14  	16:11:19  	00:01:47  	         	29.9     	29.0     	31.7     	42.2     	42.2     	48.2     	54.5     	51.2     	84.2     	78.1     	62.0     	67.1     	61.4     	58.0     	51.3     	48.9     	46.1     	41.1     	37.7     	40.8     	42.3     	44.8     	42.6     	39.7     	32.7     	31.0     	23.9     	22.4     	21.0     	21.7     	22.8     	23.9     	24.7     	26.1     	27.0     	29.2     
	2026-04-14  	16:11:20  	00:01:48  	         	29.9     	23.7     	33.6     	42.2     	39.2     	46.8     	54.7     	50.3     	74.5     	75.0     	63.4     	65.0     	60.8     	56.5     	53.6     	48.0     	45.3     	40.3     	37.3     	37.6     	35.6     	35.2     	34.4     	32.5     	27.5     	25.1     	24.8     	20.8     	20.9     	21.6     	22.7     	23.8     	24.7     	26.0     	27.0     	29.1     
	2026-04-14  	16:11:21  	00:01:49  	         	33.6     	25.1     	30.8     	44.0     	40.4     	47.7     	57.4     	44.8     	70.7     	65.9     	75.6     	65.8     	58.3     	61.1     	53.4     	51.3     	47.9     	40.9     	37.4     	38.0     	35.2     	33.3     	33.0     	31.6     	28.8     	26.4     	23.8     	21.6     	21.7     	24.2     	26.7     	24.6     	24.7     	26.3     	27.0     	29.1     
	2026-04-14  	16:11:22  	00:01:50  	         	34.5     	33.5     	26.6     	41.6     	41.2     	53.7     	65.6     	55.1     	69.5     	63.2     	79.0     	68.2     	59.6     	60.7     	59.1     	52.9     	50.7     	42.7     	40.5     	37.9     	35.8     	34.3     	33.7     	31.3     	28.1     	26.7     	24.1     	23.5     	21.3     	21.7     	22.8     	23.9     	24.6     	26.1     	27.1     	29.1     
	2026-04-14  	16:11:23  	00:01:51  	         	27.1     	28.9     	35.8     	42.2     	38.7     	50.2     	58.3     	47.1     	66.1     	62.4     	72.8     	71.8     	53.5     	60.2     	60.1     	52.2     	48.7     	42.8     	40.8     	39.3     	37.1     	35.1     	34.0     	32.7     	29.4     	26.3     	23.8     	24.6     	21.1     	21.6     	22.7     	23.9     	24.5     	26.1     	27.0     	29.2     
	2026-04-14  	16:11:24  	00:01:52  	         	29.0     	32.2     	29.1     	41.6     	35.7     	51.6     	59.6     	47.1     	71.6     	74.8     	65.2     	59.2     	61.4     	56.8     	52.7     	48.3     	44.9     	37.8     	35.7     	37.0     	33.1     	31.6     	31.8     	28.8     	26.4     	25.3     	23.0     	21.7     	22.5     	29.2     	30.5     	25.8     	24.9     	26.1     	27.0     	29.1     
	2026-04-14  	16:11:25  	00:01:53  	         	29.5     	30.8     	32.4     	48.0     	44.1     	62.8     	72.6     	58.3     	63.6     	68.3     	69.4     	61.1     	57.0     	59.2     	53.1     	49.8     	48.3     	42.4     	38.5     	38.9     	44.7     	41.9     	40.9     	38.1     	35.9     	29.2     	28.2     	23.3     	21.7     	26.1     	26.4     	24.6     	24.6     	26.1     	27.0     	29.2     
	2026-04-14  	16:11:26  	00:01:54  	         	35.2     	30.6     	31.2     	42.2     	43.7     	51.0     	63.0     	54.8     	72.7     	69.2     	77.9     	74.1     	61.7     	61.4     	55.7     	51.9     	49.0     	42.0     	39.9     	38.2     	35.9     	35.1     	34.0     	32.5     	29.6     	27.5     	26.1     	23.1     	21.6     	21.7     	22.6     	23.8     	24.6     	26.1     	27.1     	29.1     
	2026-04-14  	16:11:27  	00:01:55  	         	35.2     	27.3     	30.0     	50.2     	44.5     	58.7     	68.2     	58.9     	69.4     	70.6     	74.0     	72.9     	61.2     	62.5     	60.2     	53.1     	50.4     	41.8     	40.3     	40.6     	38.4     	35.8     	35.4     	35.1     	31.5     	28.6     	26.9     	23.9     	22.4     	23.1     	26.6     	24.2     	24.7     	26.3     	27.2     	29.1     
	2026-04-14  	16:11:28  	00:01:56  	         	33.4     	27.1     	30.1     	46.9     	42.5     	55.2     	67.4     	53.1     	71.4     	69.5     	74.3     	66.7     	58.0     	62.3     	54.6     	50.4     	47.4     	38.9     	39.1     	37.6     	36.7     	36.7     	34.0     	31.9     	30.2     	27.3     	26.0     	24.0     	21.2     	21.7     	22.7     	23.9     	24.5     	26.1     	27.0     	29.2     
	2026-04-14  	16:11:29  	00:01:57  	         	30.8     	23.1     	29.7     	42.5     	43.4     	53.7     	60.7     	54.7     	72.8     	68.7     	67.5     	63.7     	57.0     	63.4     	50.2     	47.9     	44.7     	39.7     	37.5     	39.6     	36.5     	35.8     	34.2     	34.7     	30.3     	27.6     	25.2     	23.4     	23.4     	30.5     	32.0     	26.5     	25.0     	26.0     	27.1     	29.1     
	2026-04-14  	16:11:30  	00:01:58  	         	30.1     	27.7     	32.3     	45.7     	41.4     	63.6     	73.8     	59.6     	63.6     	71.1     	68.6     	66.4     	58.7     	57.0     	52.4     	47.3     	46.0     	42.4     	40.4     	37.4     	41.4     	43.5     	40.0     	39.0     	34.4     	28.2     	24.3     	22.3     	21.2     	21.7     	22.9     	23.9     	24.6     	26.1     	27.0     	29.1     
	2026-04-14  	16:11:31  	00:01:59  	         	28.3     	34.2     	30.8     	50.5     	45.2     	50.4     	65.2     	48.3     	65.5     	77.6     	63.0     	61.7     	62.5     	54.7     	55.1     	46.7     	45.5     	42.4     	33.3     	35.7     	45.4     	39.4     	39.9     	37.2     	33.2     	30.3     	25.1     	23.1     	21.2     	21.7     	23.3     	23.8     	24.5     	26.2     	27.0     	29.1     
	2026-04-14  	16:11:32  	00:02:00  	         	23.1     	29.7     	30.1     	46.6     	39.6     	54.0     	66.6     	58.3     	85.2     	80.5     	66.6     	74.1     	61.2     	55.5     	51.6     	47.5     	44.1     	38.0     	34.6     	37.6     	37.4     	39.4     	39.9     	38.9     	34.4     	28.2     	26.5     	22.5     	21.5     	21.8     	22.7     	23.9     	24.5     	26.0     	27.1     	29.0     
	2026-04-14  	16:11:33  	00:02:01  	         	29.3     	32.2     	31.3     	43.2     	39.6     	51.2     	52.3     	51.9     	68.6     	63.9     	61.3     	71.7     	57.6     	58.8     	50.7     	44.7     	44.6     	38.7     	35.5     	35.2     	33.9     	33.2     	30.8     	28.3     	26.0     	26.4     	22.5     	21.0     	20.9     	21.6     	22.9     	23.9     	24.5     	26.0     	27.0     	29.1     
	2026-04-14  	16:11:34  	00:02:02  	         	28.8     	32.8     	35.2     	47.7     	43.2     	53.8     	62.4     	57.2     	71.5     	63.9     	72.7     	79.8     	56.0     	56.8     	53.3     	44.9     	44.1     	40.2     	35.5     	32.6     	32.2     	31.2     	30.8     	28.9     	27.5     	25.7     	22.4     	21.3     	21.4     	22.0     	24.5     	24.0     	24.6     	26.1     	27.1     	29.2     
	2026-04-14  	16:11:35  	00:02:03  	         	29.2     	35.5     	34.0     	43.5     	44.1     	49.3     	56.8     	49.7     	79.1     	68.0     	60.4     	73.1     	56.3     	56.4     	52.7     	48.4     	46.3     	41.9     	36.8     	36.6     	32.9     	33.1     	33.0     	31.3     	27.0     	26.0     	22.4     	21.4     	21.2     	21.8     	22.8     	24.0     	24.7     	26.0     	27.1     	29.2     
	2026-04-14  	16:11:36  	00:02:04  	         	32.2     	23.3     	34.5     	44.9     	42.3     	51.5     	61.7     	56.2     	85.7     	81.5     	62.6     	67.1     	60.9     	57.3     	52.1     	47.8     	44.7     	41.3     	37.3     	35.7     	33.5     	32.7     	32.6     	30.5     	27.2     	26.1     	23.3     	22.0     	22.4     	27.4     	28.7     	25.1     	24.7     	26.2     	27.1     	29.1     
	2026-04-14  	16:11:37  	00:02:05  	         	27.1     	25.9     	31.2     	41.7     	44.6     	57.7     	66.9     	52.2     	67.2     	74.4     	60.6     	60.6     	60.0     	54.1     	52.1     	48.3     	46.0     	41.7     	41.6     	43.4     	41.3     	42.0     	42.6     	37.6     	35.7     	30.5     	24.7     	22.8     	21.3     	21.6     	22.4     	23.8     	24.5     	26.1     	27.0     	29.2     
	2026-04-14  	16:11:38  	00:02:06  	         	28.8     	25.9     	32.6     	48.8     	46.9     	48.6     	59.2     	45.4     	63.3     	62.4     	72.7     	62.9     	58.5     	62.7     	53.1     	49.7     	46.7     	44.0     	40.2     	42.5     	37.8     	34.8     	33.2     	31.7     	29.3     	27.5     	27.3     	24.0     	21.4     	21.6     	22.6     	23.8     	24.7     	26.1     	27.0     	29.1     
	2026-04-14  	16:11:39  	00:02:07  	         	34.9     	27.8     	34.4     	46.2     	37.5     	44.5     	51.9     	53.0     	76.7     	73.7     	69.3     	66.4     	58.8     	59.6     	51.8     	46.9     	45.3     	39.7     	38.4     	38.6     	40.7     	37.0     	32.5     	32.2     	30.2     	27.2     	25.8     	22.7     	21.1     	21.8     	22.6     	23.9     	24.7     	26.2     	27.0     	29.1     
	2026-04-14  	16:11:40  	00:02:08  	         	30.5     	29.7     	34.8     	46.9     	44.5     	50.3     	67.1     	63.7     	68.9     	67.1     	66.4     	69.4     	57.4     	53.8     	49.0     	44.3     	43.6     	33.9     	31.2     	33.6     	30.9     	31.2     	30.7     	28.8     	26.2     	26.4     	23.0     	21.6     	21.1     	21.5     	22.6     	23.8     	24.6     	26.2     	27.1     	29.2     
	2026-04-14  	16:11:41  	00:02:09  	         	33.6     	29.6     	31.8     	46.7     	42.5     	42.2     	55.3     	58.4     	75.2     	64.1     	67.3     	75.3     	61.0     	56.6     	52.5     	47.5     	44.3     	45.6     	39.6     	34.8     	40.6     	33.1     	37.5     	35.8     	30.0     	27.0     	26.3     	22.6     	21.3     	21.8     	22.7     	23.7     	24.6     	26.0     	27.0     	29.1     
	2026-04-14  	16:11:42  	00:02:10  	         	38.5     	31.6     	30.2     	44.8     	43.0     	43.7     	55.3     	50.4     	84.4     	78.9     	57.8     	67.8     	62.7     	58.1     	55.2     	50.5     	46.3     	41.5     	37.0     	36.4     	37.5     	37.6     	35.9     	35.4     	27.2     	25.8     	22.9     	21.8     	21.3     	21.7     	22.9     	24.0     	24.6     	26.1     	27.0     	29.0     
	2026-04-14  	16:11:43  	00:02:11  	         	28.8     	30.4     	31.4     	47.8     	41.9     	59.4     	70.2     	58.9     	70.1     	75.1     	62.6     	59.8     	60.7     	53.3     	53.2     	48.3     	45.1     	38.6     	37.5     	35.8     	37.1     	36.1     	34.6     	32.1     	29.0     	27.9     	24.4     	22.1     	21.5     	22.5     	25.4     	24.0     	24.6     	26.1     	27.0     	29.1     
	2026-04-14  	16:11:44  	00:02:12  	         	22.4     	24.8     	33.2     	47.4     	43.5     	56.7     	68.1     	58.6     	69.2     	67.2     	64.3     	58.3     	56.8     	56.8     	52.2     	48.5     	45.1     	40.8     	39.2     	36.0     	35.0     	32.4     	31.8     	30.7     	28.0     	25.8     	26.5     	25.2     	22.0     	26.0     	28.2     	24.7     	24.7     	26.1     	26.9     	29.0     
	2026-04-14  	16:11:45  	00:02:13  	         	30.1     	31.4     	32.7     	41.0     	40.5     	55.2     	65.2     	53.0     	71.7     	68.4     	68.6     	61.5     	55.5     	61.4     	52.1     	50.4     	47.3     	38.4     	35.6     	35.9     	33.2     	31.5     	32.5     	30.9     	28.3     	25.8     	22.3     	22.0     	21.1     	21.8     	22.7     	23.7     	24.6     	26.1     	27.0     	29.0     
	2026-04-14  	16:11:46  	00:02:14  	         	29.2     	27.1     	29.6     	45.1     	41.8     	57.5     	65.3     	56.5     	66.9     	62.9     	74.6     	66.2     	56.1     	56.0     	52.7     	51.1     	49.9     	40.2     	37.8     	38.3     	39.8     	35.0     	33.7     	32.0     	34.5     	29.4     	31.4     	29.2     	22.8     	25.6     	27.4     	24.6     	24.7     	26.2     	27.0     	29.1     
	2026-04-14  	16:11:47  	00:02:15  	         	31.1     	33.3     	28.9     	42.9     	43.4     	56.8     	68.4     	54.8     	73.8     	67.8     	76.8     	76.4     	67.5     	66.7     	62.6     	58.7     	54.7     	51.2     	47.5     	44.5     	41.9     	40.2     	35.2     	33.0     	29.4     	26.7     	25.1     	22.7     	21.4     	22.1     	24.8     	24.0     	24.7     	26.3     	27.0     	29.1     
	2026-04-14  	16:11:48  	00:02:16  	         	32.2     	26.8     	33.0     	40.3     	39.2     	61.7     	72.1     	63.6     	79.7     	76.0     	74.6     	71.3     	67.5     	67.1     	65.0     	61.5     	56.7     	50.6     	47.7     	45.0     	42.8     	41.2     	37.2     	35.1     	29.7     	27.4     	25.5     	24.7     	25.6     	34.1     	34.9     	28.7     	25.4     	26.5     	27.2     	29.1     
	2026-04-14  	16:11:49  	00:02:17  	         	29.3     	35.2     	35.8     	44.6     	43.8     	59.4     	70.5     	60.8     	81.6     	76.9     	76.7     	76.6     	67.0     	67.1     	63.8     	59.8     	57.1     	50.6     	45.7     	44.5     	43.3     	43.1     	42.8     	41.7     	34.3     	32.1     	26.5     	24.2     	23.0     	26.4     	28.4     	25.0     	24.9     	26.3     	27.1     	29.2     
	2026-04-14  	16:11:50  	00:02:18  	         	29.0     	32.2     	33.5     	44.9     	45.9     	60.7     	68.0     	59.9     	75.0     	75.7     	74.5     	74.8     	67.7     	66.2     	64.6     	61.1     	57.8     	50.9     	48.0     	46.6     	45.7     	42.5     	38.8     	37.5     	32.8     	31.7     	41.2     	41.1     	34.8     	29.4     	30.9     	26.1     	24.9     	26.3     	27.2     	29.1     
	2026-04-14  	16:11:51  	00:02:19  	         	33.3     	32.8     	35.8     	46.6     	41.9     	62.0     	66.4     	62.9     	79.4     	78.7     	74.0     	79.8     	70.6     	69.5     	64.8     	60.5     	57.0     	50.1     	45.6     	45.7     	44.2     	43.1     	39.7     	37.4     	36.0     	38.9     	40.3     	50.1     	55.1     	36.1     	34.5     	28.2     	25.4     	26.7     	27.1     	29.0     
	2026-04-14  	16:11:52  	00:02:20  	         	30.1     	33.2     	32.9     	45.6     	42.5     	64.3     	75.7     	64.0     	79.8     	77.5     	75.7     	73.3     	68.0     	67.4     	66.1     	60.5     	57.2     	51.0     	47.3     	46.4     	46.0     	46.2     	50.9     	48.7     	48.6     	45.1     	41.6     	44.4     	38.4     	27.9     	27.4     	25.0     	24.9     	26.6     	26.9     	29.0     
	2026-04-14  	16:11:53  	00:02:21  	         	32.7     	31.2     	36.9     	49.2     	41.4     	58.5     	68.1     	62.0     	84.0     	79.4     	74.0     	75.8     	67.6     	66.1     	63.7     	59.6     	57.2     	50.3     	46.8     	46.2     	44.8     	45.9     	48.2     	46.6     	50.6     	44.1     	39.2     	42.3     	46.4     	30.0     	28.0     	24.9     	24.9     	26.2     	27.0     	29.1     
	2026-04-14  	16:11:54  	00:02:22  	         	33.3     	31.1     	30.1     	47.6     	46.8     	62.6     	65.4     	59.9     	78.4     	75.3     	75.7     	70.5     	67.5     	68.5     	64.6     	59.9     	56.4     	49.9     	45.0     	44.2     	41.6     	40.6     	37.2     	34.5     	30.7     	28.2     	26.2     	24.0     	26.1     	32.5     	35.2     	27.8     	25.2     	26.6     	27.0     	29.2     
	2026-04-14  	16:11:55  	00:02:23  	         	33.4     	29.2     	35.0     	49.5     	45.2     	63.6     	72.1     	62.5     	78.5     	75.9     	77.4     	77.0     	67.5     	68.0     	63.8     	61.9     	58.7     	51.9     	45.3     	44.4     	41.3     	39.8     	37.4     	35.5     	31.6     	28.6     	26.5     	24.1     	25.4     	31.8     	34.4     	27.6     	25.4     	26.6     	27.1     	29.2     
	2026-04-14  	16:11:56  	00:02:24  	         	30.8     	32.4     	34.6     	49.1     	45.2     	63.1     	74.7     	64.2     	81.4     	73.8     	72.8     	74.7     	68.5     	65.1     	63.0     	59.2     	56.2     	49.8     	45.1     	43.0     	40.8     	40.0     	36.9     	35.1     	32.4     	28.5     	26.0     	23.8     	24.6     	29.9     	32.8     	26.5     	25.1     	26.3     	27.1     	29.2     
	2026-04-14  	16:11:57  	00:02:25  	         	29.4     	32.0     	30.5     	41.9     	43.0     	61.9     	70.0     	61.9     	76.6     	74.0     	73.5     	78.2     	68.0     	66.9     	63.7     	58.4     	55.9     	48.5     	43.2     	41.2     	39.4     	39.0     	34.8     	33.7     	30.7     	27.0     	23.7     	22.0     	21.8     	22.9     	25.8     	24.3     	24.8     	26.2     	27.0     	29.2     
	2026-04-14  	16:11:58  	00:02:26  	         	34.9     	30.8     	36.6     	42.6     	43.6     	64.2     	69.9     	59.4     	75.7     	73.0     	68.9     	75.7     	65.5     	63.8     	61.0     	55.9     	52.4     	45.5     	40.7     	38.4     	35.2     	35.5     	32.6     	31.5     	27.6     	25.5     	22.7     	21.6     	22.0     	23.6     	26.8     	24.3     	24.6     	26.1     	27.1     	29.0     
	2026-04-14  	16:11:59  	00:02:27  	         	24.5     	29.2     	33.1     	42.4     	46.2     	58.3     	65.8     	58.7     	71.9     	71.6     	66.5     	68.7     	62.2     	58.0     	55.3     	49.8     	47.0     	42.3     	39.3     	36.8     	33.9     	33.9     	32.0     	30.3     	27.6     	26.4     	22.3     	21.7     	21.4     	24.0     	23.6     	24.1     	24.6     	26.1     	26.9     	29.0     
	2026-04-14  	16:12:00  	00:02:28  	         	29.5     	28.5     	30.9     	46.7     	45.1     	50.1     	60.4     	56.0     	66.1     	65.7     	59.4     	62.1     	51.5     	47.0     	45.4     	38.8     	40.2     	38.0     	37.4     	36.8     	34.2     	35.8     	35.0     	33.5     	30.0     	26.9     	23.6     	21.4     	20.6     	21.5     	22.7     	23.8     	24.5     	26.0     	26.9     	29.1     
	2026-04-14  	16:12:01  	00:02:29  	         	31.0     	30.1     	31.8     	40.3     	45.0     	48.6     	55.1     	55.2     	59.4     	63.2     	56.2     	58.6     	43.2     	46.9     	43.1     	35.9     	36.8     	37.0     	35.5     	36.4     	36.9     	36.8     	37.5     	37.1     	31.2     	27.4     	23.7     	22.1     	21.4     	21.4     	22.6     	23.7     	24.5     	26.0     	27.1     	29.1     
	2026-04-14  	16:12:02  	00:02:30  	         	31.6     	27.9     	33.0     	41.3     	46.1     	48.6     	55.8     	55.4     	65.0     	62.9     	55.6     	56.2     	44.4     	46.1     	44.1     	34.9     	38.2     	39.0     	37.2     	34.4     	32.6     	35.9     	35.8     	34.3     	32.5     	32.5     	34.9     	39.1     	44.3     	55.0     	48.1     	32.4     	26.0     	26.4     	27.0     	29.1     
	2026-04-14  	16:12:03  	00:02:31  	         	29.4     	31.2     	34.8     	41.0     	46.0     	45.6     	55.4     	54.3     	64.8     	63.8     	54.0     	53.1     	43.9     	45.2     	44.2     	37.0     	37.6     	39.5     	36.7     	36.0     	34.9     	37.6     	36.2     	34.5     	31.3     	28.9     	28.1     	27.2     	32.0     	39.1     	31.6     	24.2     	24.6     	26.2     	27.0     	29.0     
	2026-04-14  	16:12:04  	00:02:32  	         	29.0     	29.2     	31.4     	44.8     	46.1     	49.2     	55.4     	55.6     	63.6     	64.8     	54.9     	51.7     	41.7     	45.6     	43.8     	36.4     	36.9     	38.2     	36.4     	38.2     	35.4     	38.1     	37.0     	36.0     	32.3     	28.3     	26.3     	22.6     	20.9     	21.4     	22.5     	23.6     	24.6     	26.0     	26.9     	29.0     
	2026-04-14  	16:12:05  	00:02:33  	         	27.3     	21.8     	30.7     	43.9     	47.7     	48.6     	56.5     	55.9     	61.9     	65.3     	55.6     	52.9     	41.6     	44.2     	41.9     	38.8     	39.5     	40.9     	35.5     	37.5     	34.5     	36.2     	34.4     	33.9     	30.4     	28.1     	26.5     	23.0     	21.2     	21.5     	22.6     	23.7     	24.6     	26.0     	27.0     	29.1     
	2026-04-14  	16:12:06  	00:02:34  	         	22.7     	29.7     	32.1     	41.6     	45.9     	49.1     	52.8     	55.9     	64.5     	64.1     	56.9     	57.5     	43.8     	44.7     	42.8     	34.3     	37.2     	39.0     	34.8     	34.8     	32.2     	34.6     	33.8     	32.4     	28.0     	25.9     	24.3     	21.8     	20.9     	21.4     	22.6     	23.7     	24.4     	26.0     	27.1     	29.1     
	2026-04-14  	16:12:07  	00:02:35  	         	28.8     	26.5     	27.9     	41.5     	45.5     	48.7     	56.0     	56.2     	62.9     	64.3     	55.4     	53.1     	42.3     	46.1     	43.5     	35.8     	39.4     	38.5     	37.1     	35.8     	35.2     	35.1     	33.4     	31.8     	29.4     	27.3     	25.7     	23.6     	21.4     	21.7     	22.8     	23.8     	24.5     	26.0     	27.0     	29.1     
	2026-04-14  	16:12:08  	00:02:36  	         	30.3     	26.4     	29.0     	42.1     	46.8     	47.8     	53.7     	56.3     	63.0     	63.8     	55.4     	55.0     	43.6     	44.8     	43.3     	34.9     	38.5     	39.7     	37.0     	35.8     	34.6     	36.1     	33.1     	32.6     	29.8     	27.4     	25.6     	23.6     	21.5     	21.6     	22.5     	23.7     	24.7     	26.1     	27.1     	29.1     
	2026-04-14  	16:12:09  	00:02:37  	         	35.5     	36.7     	35.5     	45.2     	47.0     	45.7     	53.9     	55.8     	58.2     	64.4     	56.7     	58.8     	43.6     	46.2     	44.0     	37.7     	40.4     	44.2     	40.6     	37.9     	36.7     	34.9     	34.5     	33.1     	31.6     	27.2     	25.7     	22.9     	21.6     	21.7     	22.7     	23.7     	24.5     	26.2     	27.0     	29.2     
	2026-04-14  	16:12:10  	00:02:38  	         	30.4     	28.7     	32.5     	44.4     	45.9     	45.5     	54.3     	55.8     	63.1     	64.1     	54.3     	52.1     	42.5     	46.3     	43.6     	34.6     	42.2     	40.8     	41.6     	37.9     	33.4     	33.7     	32.3     	34.0     	29.2     	27.1     	25.7     	22.9     	21.4     	21.9     	22.7     	23.8     	24.6     	25.9     	27.1     	29.0     
	2026-04-14  	16:12:11  	00:02:39  	         	29.4     	31.6     	29.3     	46.8     	46.8     	47.7     	53.3     	56.3     	59.2     	64.8     	56.1     	52.5     	41.7     	45.4     	44.6     	38.2     	42.9     	42.7     	38.6     	39.8     	35.7     	36.2     	32.5     	35.6     	30.7     	28.4     	27.8     	24.1     	23.2     	22.4     	22.8     	23.8     	24.5     	26.0     	27.0     	29.2     
	2026-04-14  	16:12:12  	00:02:40  	         	32.6     	30.0     	31.3     	42.9     	45.6     	49.8     	57.1     	55.6     	63.9     	64.8     	58.7     	58.1     	43.5     	45.1     	43.3     	36.5     	39.2     	36.8     	35.9     	37.0     	34.1     	33.8     	32.3     	32.0     	31.6     	31.8     	29.7     	28.2     	26.8     	25.3     	24.7     	24.2     	24.7     	26.2     	27.1     	29.1     
	2026-04-14  	16:12:13  	00:02:41  	         	26.3     	28.1     	32.9     	45.1     	45.6     	44.4     	53.7     	56.3     	63.6     	64.5     	57.3     	55.0     	42.6     	44.9     	43.1     	35.9     	38.5     	38.2     	33.2     	37.3     	32.4     	32.4     	30.9     	30.7     	26.5     	25.3     	24.7     	21.7     	21.0     	21.5     	22.7     	23.9     	24.5     	25.9     	27.0     	28.9     
	2026-04-14  	16:12:14  	00:02:42  	         	34.0     	32.4     	27.8     	46.1     	46.3     	46.4     	56.8     	56.3     	66.3     	64.4     	54.6     	53.3     	45.0     	47.7     	43.4     	36.6     	38.3     	36.4     	32.7     	34.2     	34.1     	34.8     	34.1     	33.3     	28.3     	25.9     	24.2     	22.0     	21.4     	21.7     	22.7     	23.9     	24.5     	26.1     	27.1     	29.1     
	2026-04-14  	16:12:15  	00:02:43  	         	36.3     	24.8     	32.5     	44.8     	46.8     	49.4     	55.4     	56.1     	57.6     	64.7     	55.4     	55.5     	43.4     	45.8     	44.9     	33.9     	37.7     	34.9     	31.7     	33.6     	33.3     	35.4     	35.3     	34.3     	28.1     	25.4     	24.0     	21.9     	21.3     	21.4     	22.7     	23.9     	24.6     	26.1     	27.0     	29.1     
	2026-04-14  	16:12:16  	00:02:44  	         	30.5     	25.5     	29.3     	46.2     	46.9     	49.5     	55.9     	56.0     	62.2     	64.8     	56.2     	52.4     	42.1     	45.2     	44.1     	34.6     	35.6     	35.6     	33.4     	32.7     	32.0     	33.5     	32.7     	31.9     	28.6     	25.7     	24.2     	22.5     	21.1     	21.6     	22.6     	23.8     	24.5     	26.2     	26.9     	29.0     
	2026-04-14  	16:12:17  	00:02:45  	         	28.8     	24.5     	29.8     	45.1     	45.8     	50.4     	55.4     	55.8     	63.8     	63.2     	57.1     	56.5     	44.1     	45.3     	43.6     	39.3     	37.5     	36.0     	35.4     	33.3     	32.9     	33.9     	31.0     	29.9     	27.0     	25.5     	24.7     	22.4     	21.1     	21.7     	22.5     	23.9     	24.7     	26.0     	26.9     	29.0     
	2026-04-14  	16:12:18  	00:02:46  	         	34.4     	26.9     	31.3     	44.9     	46.6     	42.4     	49.8     	55.7     	55.1     	64.4     	57.8     	55.6     	43.4     	45.2     	43.0     	33.8     	37.4     	35.0     	30.6     	31.2     	29.5     	32.4     	31.4     	30.2     	27.1     	24.9     	23.4     	21.2     	20.9     	21.5     	22.7     	23.6     	24.4     	26.1     	27.0     	29.1     
	2026-04-14  	16:12:19  	00:02:47  	         	31.0     	31.7     	33.0     	43.3     	45.8     	46.4     	53.4     	55.6     	61.2     	63.2     	55.7     	53.9     	44.8     	44.5     	43.0     	32.3     	35.9     	34.4     	30.4     	30.9     	34.6     	39.0     	34.1     	33.0     	27.2     	24.7     	23.4     	21.4     	20.8     	21.7     	22.6     	23.7     	24.6     	26.1     	27.0     	29.0     
	2026-04-14  	16:12:20  	00:02:48  	         	28.4     	29.1     	24.7     	39.7     	45.1     	43.3     	57.4     	56.9     	63.2     	63.9     	56.3     	55.3     	44.8     	44.2     	42.2     	30.0     	34.5     	31.9     	42.4     	46.9     	36.4     	42.2     	40.5     	50.9     	39.0     	34.2     	26.9     	26.5     	26.2     	22.0     	22.6     	23.7     	24.6     	26.1     	27.0     	29.1     
	2026-04-14  	16:12:21  	00:02:49  	         	30.4     	30.7     	31.0     	41.5     	46.6     	47.2     	59.0     	57.2     	61.6     	63.8     	57.0     	53.1     	43.4     	45.4     	43.7     	29.2     	35.8     	32.7     	43.6     	47.7     	29.7     	43.2     	40.5     	51.9     	40.1     	35.3     	27.9     	26.8     	27.1     	22.1     	22.5     	23.7     	24.6     	26.1     	27.1     	29.0     
	2026-04-14  	16:12:22  	00:02:50  	         	27.4     	27.4     	29.7     	46.2     	47.0     	46.3     	58.3     	57.2     	61.7     	63.5     	54.6     	52.9     	44.0     	45.0     	42.6     	31.5     	36.7     	31.5     	44.3     	49.0     	30.9     	44.2     	41.7     	53.2     	41.3     	36.6     	32.8     	36.5     	41.5     	53.0     	46.4     	31.4     	25.7     	26.1     	27.1     	29.1     
	2026-04-14  	16:12:23  	00:02:51  	         	28.5     	31.0     	32.3     	49.6     	46.5     	51.0     	58.6     	56.6     	59.5     	63.6     	56.0     	54.1     	41.9     	45.7     	43.7     	33.2     	35.4     	36.1     	34.0     	33.1     	31.6     	34.7     	40.0     	35.6     	32.9     	29.7     	31.9     	34.8     	40.1     	49.9     	43.6     	28.9     	25.2     	26.2     	27.0     	29.1     
	2026-04-14  	16:12:24  	00:02:52  	         	31.7     	26.9     	33.8     	45.6     	46.3     	52.5     	60.7     	63.2     	69.6     	70.1     	67.8     	66.2     	45.4     	45.3     	43.6     	33.9     	35.9     	34.7     	30.5     	31.4     	28.5     	29.3     	35.4     	31.0     	28.5     	25.2     	24.1     	23.3     	21.4     	21.9     	22.5     	23.8     	24.6     	26.1     	27.1     	29.1     
	2026-04-14  	16:12:25  	00:02:53  	         	31.2     	30.3     	31.1     	45.0     	47.4     	44.5     	52.9     	55.8     	62.9     	64.2     	56.2     	57.2     	44.2     	46.2     	43.8     	29.2     	35.0     	34.1     	27.4     	25.3     	28.7     	25.2     	25.4     	22.6     	22.0     	22.5     	21.0     	20.5     	20.6     	21.6     	22.7     	23.7     	24.4     	26.1     	27.1     	29.0     
	2026-04-14  	16:12:26  	00:02:54  	         	28.1     	27.6     	30.9     	37.7     	45.3     	43.0     	53.2     	55.8     	62.8     	63.9     	56.0     	55.3     	44.4     	45.3     	43.5     	31.4     	35.3     	32.4     	29.5     	30.3     	27.9     	27.0     	27.4     	24.7     	23.4     	25.2     	24.0     	21.9     	21.1     	21.5     	22.5     	23.7     	24.5     	26.1     	27.0     	29.1     
	2026-04-14  	16:12:27  	00:02:55  	         	23.4     	26.5     	32.4     	45.6     	42.3     	58.5     	64.8     	52.0     	68.8     	65.2     	58.3     	60.6     	50.8     	45.7     	45.0     	40.5     	35.7     	33.2     	32.4     	28.4     	30.1     	27.8     	26.9     	24.8     	23.4     	23.1     	22.1     	20.9     	20.9     	21.7     	22.7     	23.8     	24.7     	26.1     	27.0     	29.0     
	2026-04-14  	16:12:28  	00:02:56  	         	31.7     	27.9     	32.5     	42.6     	40.9     	59.1     	69.5     	62.8     	69.2     	63.5     	66.1     	72.5     	57.4     	57.0     	52.2     	47.6     	45.4     	40.6     	34.4     	34.2     	33.2     	32.9     	31.7     	27.6     	24.7     	24.7     	24.6     	21.7     	21.8     	25.8     	27.4     	24.8     	24.7     	26.2     	27.0     	29.1     
	2026-04-14  	16:12:29  	00:02:57  	         	34.2     	28.4     	25.1     	50.6     	42.2     	50.6     	60.4     	50.1     	83.6     	79.0     	60.2     	67.3     	61.6     	57.1     	55.1     	50.8     	47.2     	42.4     	38.6     	36.9     	34.2     	33.6     	32.8     	29.7     	25.8     	23.7     	21.5     	21.0     	21.0     	21.6     	22.7     	23.7     	24.5     	26.1     	27.1     	29.0     
	2026-04-14  	16:12:30  	00:02:58  	         	31.6     	27.7     	32.0     	44.7     	43.5     	43.4     	54.9     	46.8     	68.1     	75.7     	67.2     	59.9     	61.1     	63.5     	53.0     	49.8     	48.8     	42.4     	40.1     	37.0     	35.1     	33.3     	32.6     	31.1     	28.5     	25.2     	26.6     	24.8     	25.1     	21.7     	23.1     	23.9     	24.6     	26.1     	27.1     	29.0     
	2026-04-14  	16:12:31  	00:02:59  	         	29.0     	30.1     	31.1     	39.7     	41.0     	49.4     	61.0     	52.8     	72.5     	69.9     	80.7     	66.0     	58.3     	59.3     	57.2     	54.8     	51.8     	43.1     	39.0     	38.7     	36.1     	35.7     	35.8     	35.2     	29.9     	26.0     	26.3     	22.7     	24.2     	23.3     	24.9     	24.6     	24.5     	26.2     	27.1     	29.1     
	2026-04-14  	16:12:32  	00:03:00  	         	30.8     	33.0     	30.2     	42.4     	40.6     	43.8     	57.9     	49.8     	78.5     	75.5     	74.5     	70.7     	62.7     	59.0     	54.6     	50.4     	47.7     	40.9     	38.1     	36.0     	36.1     	35.8     	36.0     	35.2     	32.2     	25.2     	22.7     	21.3     	20.9     	21.7     	22.6     	23.8     	24.5     	26.1     	26.9     	29.0     
	2026-04-14  	16:12:33  	00:03:01  	         	22.8     	28.5     	32.6     	40.2     	38.1     	48.5     	57.1     	52.7     	85.6     	79.4     	64.6     	69.1     	62.8     	59.7     	53.0     	49.8     	46.8     	41.3     	37.1     	36.5     	33.6     	33.7     	32.8     	30.5     	29.1     	27.3     	24.1     	21.4     	21.2     	21.8     	22.9     	23.8     	24.6     	26.0     	27.0     	29.0     
	2026-04-14  	16:12:34  	00:03:02  	         	25.8     	30.2     	32.6     	43.2     	36.8     	44.0     	55.8     	50.6     	75.9     	77.1     	66.3     	67.2     	62.1     	57.9     	55.3     	49.7     	47.0     	40.3     	39.3     	37.5     	35.6     	33.1     	33.0     	31.4     	28.0     	26.3     	23.4     	21.4     	21.2     	21.7     	22.7     	23.9     	24.6     	26.0     	27.0     	29.1     
	2026-04-14  	16:12:35  	00:03:03  	         	24.4     	33.9     	31.6     	38.7     	44.8     	45.2     	56.8     	44.2     	72.1     	67.5     	78.2     	67.7     	59.4     	62.6     	54.9     	52.9     	49.8     	42.1     	40.1     	41.2     	37.6     	35.8     	34.8     	33.4     	31.1     	27.3     	25.5     	22.0     	22.0     	24.5     	26.7     	24.3     	24.7     	26.2     	27.0     	29.0     
	2026-04-14  	16:12:36  	00:03:04  	         	25.1     	30.0     	28.6     	42.4     	45.6     	54.9     	65.9     	55.7     	71.3     	65.2     	81.1     	70.5     	61.1     	62.1     	60.5     	54.6     	53.0     	46.7     	42.5     	39.7     	38.1     	36.4     	35.8     	34.5     	31.4     	28.8     	25.4     	23.0     	21.4     	21.9     	22.7     	23.8     	24.7     	26.2     	27.1     	29.1     
	2026-04-14  	16:12:37  	00:03:05  	         	28.5     	27.4     	29.3     	41.0     	39.4     	50.1     	58.6     	48.0     	67.6     	64.2     	75.5     	73.9     	54.8     	61.4     	61.3     	53.8     	50.5     	44.7     	42.2     	41.2     	39.7     	37.6     	37.1     	35.2     	32.8     	29.1     	26.1     	23.4     	21.9     	21.9     	22.7     	23.8     	24.5     	26.1     	27.0     	29.1     
	2026-04-14  	16:12:38  	00:03:06  	         	30.5     	25.0     	31.9     	43.2     	39.5     	49.7     	58.9     	47.4     	73.2     	76.8     	68.4     	61.3     	62.4     	58.0     	53.9     	49.6     	47.1     	41.8     	39.0     	38.3     	36.7     	37.3     	35.5     	34.2     	32.3     	28.2     	25.3     	23.1     	23.2     	29.6     	30.7     	25.9     	24.9     	26.1     	27.0     	29.1     
	2026-04-14  	16:12:39  	00:03:07  	         	31.0     	31.6     	33.0     	46.1     	40.5     	63.2     	72.6     	58.4     	65.0     	70.5     	72.8     	63.4     	57.8     	59.5     	54.0     	51.3     	49.6     	41.6     	40.1     	39.5     	36.9     	36.8     	34.0     	33.1     	30.5     	27.4     	24.8     	22.5     	22.3     	26.4     	26.5     	24.7     	24.6     	26.1     	26.9     	29.2     
	2026-04-14  	16:12:40  	00:03:08  	         	25.3     	29.8     	34.9     	44.2     	41.2     	52.8     	63.6     	55.7     	74.2     	71.3     	80.8     	76.1     	63.1     	62.8     	57.5     	54.3     	52.3     	46.2     	41.2     	38.8     	36.4     	35.5     	34.8     	33.3     	30.1     	28.1     	24.0     	21.9     	21.4     	21.8     	23.0     	24.0     	24.5     	26.1     	27.0     	29.0     
	2026-04-14  	16:12:41  	00:03:09  	         	25.6     	23.5     	33.0     	46.3     	43.4     	59.2     	68.4     	59.0     	70.6     	72.6     	77.0     	75.2     	62.8     	63.7     	61.3     	54.9     	52.7     	45.7     	42.9     	41.0     	38.8     	37.4     	36.9     	34.9     	33.4     	28.6     	28.4     	26.0     	25.1     	23.6     	26.8     	24.5     	24.7     	26.3     	27.2     	29.2     
	2026-04-14  	16:12:42  	00:03:10  	         	28.9     	36.5     	31.6     	41.2     	37.2     	54.4     	67.2     	53.3     	72.9     	71.4     	77.2     	69.0     	59.3     	63.5     	56.2     	52.9     	49.9     	40.6     	39.9     	37.9     	37.2     	34.7     	33.5     	32.5     	30.2     	27.6     	23.7     	21.7     	21.3     	21.7     	22.8     	23.9     	24.6     	26.1     	27.0     	29.1     
	2026-04-14  	16:12:43  	00:03:11  	         	35.1     	29.7     	31.7     	45.3     	41.0     	53.6     	61.4     	54.9     	74.2     	70.4     	70.2     	66.4     	58.0     	64.4     	51.6     	49.9     	46.3     	38.7     	37.6     	37.7     	36.0     	34.0     	34.1     	32.7     	29.3     	27.4     	24.9     	23.4     	23.9     	30.7     	32.3     	26.7     	24.9     	26.1     	27.0     	29.1     

# RTA LOG Results over the whole log period
	2026-04-14  	16:12:43  	00:03:11  	         	31.8     	31.1     	32.9     	46.1     	45.1     	56.7     	66.2     	57.7     	75.4     	71.8     	70.7     	70.0     	62.1     	61.2     	57.7     	53.4     	49.6     	43.4     	40.4     	40.3     	38.9     	38.5     	38.6     	39.9     	36.1     	32.2     	31.8     	33.6     	35.1     	38.8     	33.3     	25.2     	24.7     	26.2     	27.0     	29.1     

#CheckSum
	386F3852F811EDC69B3E500221F231E5