XL2 RTA Spectrum Logging:		KU100\2026-04-14_SLM_001_RTA_3rd_Log.txt                                       
-------------------------


# Hardware Configuration
	Device Info:    	XL2, SNo. A2A-17501-E0, FW4.33
	Mic Sensitivity:	8.6 mV/Pa
	                	(User calibrated 2026-04-13  13:51)
	Time Zone:      	UTC+01:00 (Europe/Berlin)

# Measurement Setup
	Profile:        	Full mode
	Timer mode:     	continuous
	Timer set:      	--:--:--
	Log-Interval:   	00:00:01
	Resolution:     	1/3 Octave
	Range:          	40 - 140 dB

# Time
	Start:          	2026-04-14, 10:08:42
	End:            	2026-04-14, 10:09:14

# RTA LOG Results 
	            	          	          	         	LZeq_dt  	LZeq_dt  	LZeq_dt  	LZeq_dt  	LZeq_dt  	LZeq_dt  	LZeq_dt  	LZeq_dt  	LZeq_dt  	LZeq_dt  	LZeq_dt  	LZeq_dt  	LZeq_dt  	LZeq_dt  	LZeq_dt  	LZeq_dt  	LZeq_dt  	LZeq_dt  	LZeq_dt  	LZeq_dt  	LZeq_dt  	LZeq_dt  	LZeq_dt  	LZeq_dt  	LZeq_dt  	LZeq_dt  	LZeq_dt  	LZeq_dt  	LZeq_dt  	LZeq_dt  	LZeq_dt  	LZeq_dt  	LZeq_dt  	LZeq_dt  	LZeq_dt  	LZeq_dt  
	Date        	Time      	Timer     	Band [Hz]	6.3      	8.0      	10.0     	12.5     	16.0     	20.0     	25.0     	31.5     	40.0     	50.0     	63.0     	80.0     	100.0    	125.0    	160.0    	200.0    	250.0    	315.0    	400.0    	500.0    	630.0    	800.0    	1000.0   	1250.0   	1600.0   	2000.0   	2500.0   	3150.0   	4000.0   	5000.0   	6300.0   	8000.0   	10000.0  	12500.0  	16000.0  	20000.0  
	[YYYY-MM-DD]	[hh:mm:ss]	[hh:mm:ss]	         	[dB]     	[dB]     	[dB]     	[dB]     	[dB]     	[dB]     	[dB]     	[dB]     	[dB]     	[dB]     	[dB]     	[dB]     	[dB]     	[dB]     	[dB]     	[dB]     	[dB]     	[dB]     	[dB]     	[dB]     	[dB]     	[dB]     	[dB]     	[dB]     	[dB]     	[dB]     	[dB]     	[dB]     	[dB]     	[dB]     	[dB]     	[dB]     	[dB]     	[dB]     	[dB]     	[dB]     
	2026-04-14  	10:08:43  	00:00:01  	         	41.6     	40.3     	39.7     	42.9     	31.8     	37.5     	45.2     	51.2     	58.2     	60.9     	62.8     	63.1     	60.7     	61.5     	63.0     	61.7     	64.5     	61.6     	63.6     	63.8     	63.7     	64.2     	62.5     	64.2     	63.2     	62.6     	59.2     	57.1     	61.1     	65.4     	64.8     	61.5     	67.6     	64.7     	54.1     	54.9     
	2026-04-14  	10:08:44  	00:00:02  	         	44.4     	39.7     	33.6     	40.8     	34.5     	36.6     	41.7     	53.8     	55.6     	62.9     	62.8     	63.5     	62.6     	62.6     	64.1     	62.0     	64.6     	61.1     	63.3     	62.8     	63.8     	64.1     	62.4     	63.6     	63.1     	62.5     	59.2     	57.4     	60.9     	65.5     	64.9     	61.7     	67.3     	64.8     	54.0     	54.8     
	2026-04-14  	10:08:45  	00:00:03  	         	41.1     	35.7     	37.5     	43.1     	30.9     	34.2     	40.4     	54.6     	58.8     	61.9     	64.0     	62.3     	61.3     	62.1     	60.7     	60.5     	63.9     	60.5     	63.3     	63.0     	64.2     	63.5     	62.6     	64.0     	63.3     	62.3     	59.2     	57.3     	61.0     	65.5     	65.0     	61.5     	67.6     	64.9     	54.0     	54.8     
	2026-04-14  	10:08:46  	00:00:04  	         	33.8     	38.2     	36.8     	44.3     	33.4     	32.1     	44.2     	53.2     	56.9     	60.1     	60.6     	63.6     	62.0     	61.7     	61.6     	61.0     	64.8     	61.1     	63.5     	62.7     	63.5     	63.8     	62.8     	63.9     	63.3     	62.4     	59.1     	57.4     	60.9     	65.5     	64.8     	61.5     	67.5     	64.8     	54.0     	54.8     
	2026-04-14  	10:08:47  	00:00:05  	         	36.6     	40.4     	35.4     	36.2     	33.7     	38.2     	43.3     	52.3     	60.2     	61.1     	61.7     	63.8     	62.2     	62.1     	61.2     	61.5     	62.8     	60.8     	63.9     	63.4     	64.0     	63.3     	61.8     	64.1     	63.3     	62.6     	59.1     	57.1     	61.0     	65.5     	64.8     	61.7     	67.4     	64.8     	54.1     	54.8     
	2026-04-14  	10:08:48  	00:00:06  	         	34.5     	34.3     	38.9     	41.9     	36.6     	33.2     	42.3     	49.0     	60.1     	61.2     	62.0     	62.2     	61.2     	62.4     	62.2     	60.6     	63.3     	60.5     	63.3     	62.9     	64.1     	64.2     	62.9     	64.0     	63.2     	62.5     	58.8     	57.1     	61.0     	65.7     	64.9     	61.8     	67.5     	65.0     	53.9     	54.8     
	2026-04-14  	10:08:49  	00:00:07  	         	38.0     	32.6     	33.0     	43.0     	33.8     	36.1     	40.3     	54.4     	56.8     	61.7     	63.2     	63.1     	61.0     	61.6     	61.9     	60.7     	63.2     	60.7     	63.4     	63.4     	64.1     	63.8     	62.2     	63.9     	63.2     	62.2     	59.2     	57.2     	60.7     	65.8     	64.9     	61.5     	67.5     	64.8     	54.1     	54.8     
	2026-04-14  	10:08:50  	00:00:08  	         	41.6     	35.5     	35.7     	40.3     	31.1     	32.9     	44.9     	51.5     	60.0     	61.3     	61.8     	61.1     	61.3     	62.3     	63.2     	62.2     	64.3     	60.7     	63.3     	63.2     	64.4     	64.2     	62.5     	64.0     	63.3     	62.2     	59.2     	57.2     	61.0     	65.7     	64.8     	61.7     	67.5     	64.9     	54.1     	54.9     
	2026-04-14  	10:08:51  	00:00:09  	         	43.6     	43.1     	36.8     	39.6     	34.1     	35.1     	40.4     	53.8     	57.6     	60.7     	60.2     	62.1     	61.9     	62.7     	62.6     	61.3     	63.7     	61.5     	63.7     	62.9     	63.7     	64.5     	62.7     	63.7     	63.1     	62.6     	58.9     	56.9     	60.9     	65.7     	65.1     	61.8     	67.7     	65.1     	54.0     	54.7     
	2026-04-14  	10:08:52  	00:00:10  	         	43.4     	41.1     	37.2     	42.5     	34.4     	37.1     	42.9     	56.6     	57.0     	62.7     	61.9     	63.9     	60.0     	60.6     	61.6     	61.5     	64.2     	61.3     	64.3     	63.7     	63.4     	64.0     	62.3     	63.7     	62.8     	62.6     	59.0     	56.8     	60.9     	65.5     	64.9     	61.8     	67.5     	64.9     	53.9     	54.9     
	2026-04-14  	10:08:53  	00:00:11  	         	42.6     	38.7     	39.3     	41.5     	31.4     	34.1     	44.1     	51.7     	57.8     	61.2     	64.4     	61.7     	59.7     	60.7     	61.7     	61.9     	62.6     	60.8     	63.8     	63.4     	64.3     	64.0     	62.1     	63.9     	63.4     	62.5     	59.0     	56.8     	61.1     	65.5     	64.8     	61.4     	67.6     	65.0     	54.2     	54.8     
	2026-04-14  	10:08:54  	00:00:12  	         	41.8     	37.9     	38.1     	42.2     	32.6     	36.1     	40.2     	51.9     	59.2     	62.6     	63.3     	64.0     	62.8     	60.6     	62.5     	62.0     	63.1     	61.3     	64.1     	62.9     	64.2     	64.0     	63.0     	64.4     	63.3     	62.5     	58.8     	56.9     	60.9     	65.4     	64.9     	61.5     	67.5     	64.9     	54.0     	54.8     
	2026-04-14  	10:08:55  	00:00:13  	         	41.7     	43.7     	36.3     	44.6     	35.6     	35.9     	45.6     	52.7     	55.6     	60.8     	62.7     	62.5     	61.7     	60.7     	62.9     	61.6     	63.4     	60.5     	63.0     	63.9     	64.0     	63.5     	62.7     	64.6     	63.0     	62.4     	59.1     	57.0     	60.9     	65.7     	65.0     	61.5     	67.7     	64.7     	54.2     	54.8     
	2026-04-14  	10:08:56  	00:00:14  	         	39.9     	42.1     	39.5     	43.9     	34.4     	36.2     	43.0     	54.3     	57.7     	59.6     	64.1     	63.4     	62.3     	61.6     	61.5     	60.8     	63.5     	60.6     	63.3     	63.2     	64.0     	63.6     	62.6     	64.1     	63.2     	62.4     	58.8     	57.0     	60.9     	65.5     	64.9     	61.6     	67.5     	64.8     	54.0     	54.8     
	2026-04-14  	10:08:57  	00:00:15  	         	37.5     	37.4     	31.9     	38.6     	32.1     	35.7     	40.0     	55.1     	60.1     	60.9     	64.5     	62.7     	61.8     	60.2     	63.9     	61.5     	63.4     	60.8     	63.6     	63.2     	64.0     	64.1     	62.5     	64.0     	63.0     	62.2     	59.0     	57.2     	60.8     	65.5     	64.9     	61.8     	67.7     	64.8     	54.1     	54.7     
	2026-04-14  	10:08:58  	00:00:16  	         	37.7     	35.9     	41.4     	43.7     	36.9     	40.1     	41.2     	52.8     	59.2     	59.5     	62.0     	63.7     	61.4     	62.7     	61.9     	61.9     	63.5     	60.6     	62.6     	63.7     	64.2     	63.6     	62.6     	64.3     	63.2     	62.7     	58.7     	57.0     	61.0     	65.5     	64.9     	61.6     	67.5     	65.0     	53.9     	54.8     
	2026-04-14  	10:08:59  	00:00:17  	         	38.6     	34.4     	37.0     	43.2     	39.1     	33.1     	42.5     	53.3     	59.7     	60.2     	62.9     	65.3     	61.0     	61.5     	63.5     	61.1     	63.6     	61.6     	63.1     	63.3     	64.1     	63.6     	62.4     	63.9     	63.0     	62.2     	58.9     	57.0     	61.0     	65.7     	64.8     	61.5     	67.5     	64.9     	54.0     	54.7     
	2026-04-14  	10:09:00  	00:00:18  	         	42.6     	37.7     	31.8     	42.6     	37.0     	37.1     	44.1     	54.0     	60.0     	60.6     	62.0     	63.2     	61.3     	61.1     	61.8     	60.6     	64.4     	60.7     	63.0     	63.2     	64.4     	63.5     	62.5     	63.9     	63.3     	62.4     	59.0     	57.2     	61.1     	65.5     	64.9     	61.4     	67.6     	64.8     	54.1     	54.9     
	2026-04-14  	10:09:01  	00:00:19  	         	35.9     	34.8     	37.9     	38.6     	36.2     	37.4     	45.2     	52.5     	58.0     	61.7     	62.4     	63.0     	59.0     	59.7     	62.4     	61.2     	62.7     	60.7     	63.5     	63.1     	64.1     	64.0     	62.7     	64.3     	62.9     	62.6     	58.8     	57.0     	61.3     	65.5     	64.8     	61.6     	67.7     	64.9     	54.0     	54.9     
	2026-04-14  	10:09:02  	00:00:20  	         	38.0     	36.0     	36.5     	40.5     	32.6     	32.5     	45.1     	55.2     	57.2     	59.8     	62.1     	64.0     	61.3     	61.6     	62.2     	61.9     	63.7     	60.0     	63.1     	63.5     	64.2     	63.8     	62.6     	64.4     	63.5     	62.2     	59.1     	57.0     	61.0     	65.5     	64.7     	61.5     	67.5     	65.0     	54.1     	54.8     
	2026-04-14  	10:09:03  	00:00:21  	         	42.7     	35.2     	34.8     	39.7     	32.8     	34.6     	41.5     	52.2     	59.7     	60.8     	62.2     	63.5     	62.4     	61.3     	61.8     	61.4     	63.1     	60.4     	63.2     	62.9     	63.2     	64.4     	62.5     	64.4     	63.1     	62.6     	59.1     	57.1     	60.8     	65.7     	64.9     	61.7     	67.6     	64.9     	53.9     	54.8     
	2026-04-14  	10:09:04  	00:00:22  	         	43.4     	38.1     	34.6     	40.4     	34.5     	35.7     	43.0     	53.7     	60.4     	60.7     	63.1     	61.8     	60.8     	60.0     	62.2     	61.4     	63.3     	61.1     	63.1     	62.8     	64.1     	63.9     	62.6     	64.5     	63.4     	62.4     	59.1     	57.3     	61.5     	65.4     	64.7     	61.6     	67.6     	65.0     	53.9     	54.9     
	2026-04-14  	10:09:05  	00:00:23  	         	39.9     	39.3     	38.7     	44.3     	32.7     	33.5     	43.1     	53.5     	57.9     	60.3     	62.0     	64.8     	59.7     	60.5     	60.9     	61.0     	63.9     	61.6     	63.9     	63.5     	63.8     	64.0     	62.6     	64.7     	63.3     	62.4     	58.8     	56.9     	60.9     	65.6     	64.9     	61.8     	67.6     	64.7     	54.1     	54.8     
	2026-04-14  	10:09:06  	00:00:24  	         	43.4     	37.1     	38.4     	42.2     	33.5     	36.8     	44.2     	54.4     	56.4     	60.9     	64.7     	62.4     	60.0     	61.1     	60.4     	62.0     	64.3     	60.9     	63.4     	63.3     	63.8     	63.8     	62.7     	63.9     	63.6     	62.6     	59.2     	57.3     	61.2     	65.6     	64.9     	61.6     	67.5     	65.0     	54.1     	54.9     
	2026-04-14  	10:09:07  	00:00:25  	         	39.3     	35.9     	35.4     	38.7     	33.0     	38.3     	42.4     	55.7     	56.4     	60.0     	62.4     	62.1     	61.6     	60.8     	63.5     	60.4     	63.8     	61.9     	63.2     	63.0     	63.8     	63.8     	62.6     	64.7     	62.9     	62.9     	59.2     	57.2     	61.2     	65.6     	64.9     	61.6     	67.4     	64.8     	54.1     	54.7     
	2026-04-14  	10:09:08  	00:00:26  	         	39.8     	37.2     	38.5     	42.1     	33.0     	35.3     	45.1     	54.2     	58.8     	61.5     	63.1     	65.0     	62.2     	62.6     	62.6     	60.9     	64.5     	61.4     	63.4     	63.4     	63.4     	64.4     	62.5     	64.4     	62.7     	62.3     	58.8     	57.1     	61.0     	65.7     	64.9     	61.6     	67.4     	64.8     	54.0     	54.8     
	2026-04-14  	10:09:09  	00:00:27  	         	40.4     	35.4     	36.6     	44.2     	32.9     	36.9     	42.9     	55.2     	58.0     	59.3     	61.4     	62.3     	62.0     	62.4     	62.0     	60.8     	63.2     	61.3     	63.3     	63.1     	64.4     	64.0     	61.9     	64.2     	63.3     	62.2     	58.9     	57.2     	61.2     	65.6     	64.8     	62.0     	67.4     	64.7     	54.0     	54.9     
	2026-04-14  	10:09:10  	00:00:28  	         	39.7     	39.8     	33.8     	42.7     	34.0     	35.4     	43.1     	54.3     	56.5     	62.2     	62.2     	61.9     	61.1     	60.5     	62.4     	60.4     	62.7     	61.6     	63.9     	63.0     	63.6     	63.4     	62.1     	64.1     	63.2     	62.6     	59.1     	57.1     	61.0     	65.4     	64.8     	61.6     	67.5     	64.9     	54.1     	54.9     
	2026-04-14  	10:09:11  	00:00:29  	         	46.6     	40.4     	39.0     	42.4     	33.7     	33.3     	43.9     	52.0     	58.5     	59.9     	63.2     	64.2     	62.9     	62.0     	61.4     	60.3     	62.8     	61.4     	63.3     	63.1     	64.2     	64.0     	63.1     	64.2     	63.2     	62.3     	58.9     	56.9     	60.9     	65.7     	65.0     	61.4     	67.7     	65.0     	54.0     	54.7     
	2026-04-14  	10:09:12  	00:00:30  	         	41.4     	39.0     	40.0     	40.9     	35.8     	34.3     	44.8     	52.7     	58.4     	60.4     	62.8     	60.1     	61.7     	61.4     	61.6     	61.6     	63.3     	61.2     	62.3     	62.8     	64.2     	64.0     	62.6     	64.3     	63.7     	62.2     	59.2     	57.2     	61.1     	65.4     	65.1     	61.5     	67.5     	64.8     	54.0     	54.9     
	2026-04-14  	10:09:13  	00:00:31  	         	44.6     	41.9     	33.4     	43.9     	35.0     	37.7     	43.8     	56.2     	60.8     	60.5     	62.0     	61.6     	59.8     	61.0     	61.8     	62.0     	62.5     	61.7     	63.1     	62.3     	64.2     	63.4     	63.0     	64.0     	63.2     	62.5     	59.3     	57.4     	61.0     	65.6     	64.9     	61.7     	67.5     	64.9     	54.0     	54.9     
	2026-04-14  	10:09:14  	00:00:32  	         	34.5     	41.9     	39.1     	43.5     	33.8     	36.5     	36.4     	53.6     	57.7     	59.8     	62.5     	60.5     	61.5     	61.0     	62.7     	61.8     	64.2     	61.3     	64.1     	62.6     	64.1     	63.9     	62.7     	64.1     	63.3     	62.2     	59.1     	57.3     	60.8     	65.6     	64.9     	61.7     	67.5     	64.9     	54.0     	54.8     

# RTA LOG Results over the whole log period
	2026-04-14  	10:09:14  	00:00:32  	         	41.3     	39.0     	37.4     	42.2     	34.4     	36.0     	43.2     	53.7     	58.5     	61.0     	62.7     	63.1     	61.4     	61.5     	62.3     	61.3     	63.6     	61.1     	63.4     	63.2     	64.0     	63.9     	62.5     	64.2     	63.2     	62.4     	59.0     	57.1     	61.0     	65.6     	64.9     	61.6     	67.5     	64.9     	54.0     	54.8     

#CheckSum
	0B1A486393751D5FF19CAA6FA45E878E