-45.00
-45.00
-45.00
-45.00
-45.00
-33.00
-33.00
-33.00
-33.00
-33.00
-33.00
-33.00
-33.00
-24.00
-24.00
-24.00
-24.00
-24.00
-24.00
-24.00
-24.00
-24.00
-24.00
-24.00
-24.00
-24.00
-24.00
-24.00
-18.00
-18.00
-18.00
-18.00
-18.00
-18.00
-18.00
-18.00
-18.00
-18.00
-18.00
-18.00
-18.00
-18.00
-18.00
-18.00
-18.00
-18.00
-18.00
-18.00
-18.00
-18.00
-18.00
-18.00
-18.00
-18.00
-18.00
-18.00
-18.00
-18.00
-18.00
-18.00
-18.00
-18.00
-18.00
-18.00
-18.00
-18.00
-18.00
-18.00
-18.00
-18.00
-18.00
-18.00
-18.00
-18.00
-18.00
-18.00
-18.00
-18.00
-18.00
-18.00
-18.00
-18.00
-18.00
-18.00
-18.00
-18.00
-18.00
-18.00
-18.00
-18.00
-18.00
-18.00
-18.00
-18.00
-18.00
-18.00
-18.00
-18.00
-18.00
-18.00
-18.00
-18.00
-18.00
-18.00
-18.00
-18.00
-18.00
-18.00
-18.00
-18.00
-18.00
-18.00
-18.00
-18.00
-18.00
-18.00
-18.00
-18.00
-18.00
-18.00
-18.00
-18.00
-18.00
-18.00
-18.00
-18.00
-18.00
-18.00
-18.00
-18.00
-18.00
-18.00
-18.00
-18.00
-18.00
-18.00
-15.00
-15.00
-15.00
-15.00
-15.00
-15.00
-15.00
-12.00
-12.00
-12.00
-12.00
-12.00
-12.00
-12.00
-12.00
-12.00
-12.00
-12.00
-12.00
-12.00
-12.00
-12.00
-12.00
-12.00
-12.00
-12.00
-12.00
-12.00
-12.00
-12.00
-12.00
-12.00
-12.00
-12.00
-12.00
-12.00
-12.00
-12.00
-12.00
-12.00
-12.00
-12.00
-12.00
-12.00
-12.00
-12.00
-12.00
-12.00
-12.00
