-45.00
-45.00
-45.00
-45.00
-42.00
-36.00
-33.00
-33.00
-27.00
-27.00
-21.00
-21.00
-21.00
-21.00
-21.00
-18.00
-18.00
-18.00
-21.00
-21.00
-21.00
-21.00
-21.00
-21.00
-21.00
-21.00
-21.00
-21.00
-21.00
-21.00
-21.00
-21.00
-21.00
-21.00
-21.00
-21.00
-21.00
-21.00
-21.00
-21.00
-21.00
-21.00
-21.00
-21.00
-21.00
-21.00
-21.00
-21.00
-21.00
-21.00
-21.00
-21.00
-21.00
-21.00
-21.00
-21.00
-21.00
-21.00
-21.00
-21.00
-21.00
-21.00
-21.00
-21.00
-21.00
-21.00
-21.00
-24.00
-24.00
-24.00
-24.00
-24.00
-24.00
-24.00
-24.00
-24.00
-24.00
-24.00
-24.00
-24.00
-24.00
-24.00
-24.00
-24.00
-24.00
-24.00
-24.00
-24.00
-24.00
-24.00
-24.00
-24.00
-24.00
-24.00
-24.00
-24.00
-24.00
-24.00
-24.00
-24.00
-24.00
-24.00
-24.00
-24.00
-24.00
-24.00
-24.00
-24.00
-24.00
-24.00
-24.00
-24.00
-24.00
-24.00
-24.00
-24.00
-24.00
-24.00
-24.00
-24.00
-24.00
-24.00
-24.00
-24.00
-24.00
-24.00
-24.00
-24.00
-24.00
-24.00
-24.00
-24.00
-24.00
-24.00
-24.00
-24.00
-24.00
-24.00
-24.00
-24.00
-24.00
-24.00
-24.00
-24.00
-24.00
-24.00
-24.00
-24.00
-24.00
-24.00
-24.00
-24.00
-24.00
-24.00
-24.00
-24.00
-24.00
-24.00
-24.00
-24.00
-24.00
-24.00
-24.00
-24.00
-24.00
-24.00
-24.00
-24.00
-24.00
-24.00
-24.00
-24.00
-24.00
-24.00
-24.00
-24.00
-24.00
-24.00
-24.00
-24.00
-24.00
-24.00
-24.00
-24.00
-24.00
