-45.00
-42.00
-42.00
-42.00
-39.00
-33.00
-27.00
-21.00
-21.00
-21.00
-21.00
-21.00
-21.00
-15.00
-15.00
-15.00
-15.00
-15.00
-15.00
-15.00
-15.00
-15.00
-15.00
-15.00
-15.00
-15.00
-15.00
-15.00
-15.00
-15.00
-15.00
-15.00
-15.00
-15.00
-15.00
-15.00
-15.00
-15.00
-15.00
-15.00
-15.00
-15.00
-15.00
-15.00
-15.00
-15.00
-15.00
-15.00
-15.00
-15.00
-15.00
-12.00
-12.00
-12.00
-12.00
-12.00
-12.00
-12.00
-12.00
-12.00
-12.00
-12.00
-12.00
-12.00
-12.00
-12.00
-12.00
-12.00
-12.00
-12.00
-12.00
-12.00
-12.00
-12.00
-12.00
-12.00
-12.00
-12.00
-12.00
-12.00
-12.00
-12.00
-12.00
-12.00
-12.00
-12.00
-12.00
-12.00
-12.00
-12.00
-12.00
-12.00
-12.00
-12.00
-12.00
-12.00
-12.00
-12.00
-12.00
-12.00
-9.00
-9.00
-9.00
-9.00
-9.00
-9.00
-9.00
-9.00
-9.00
-9.00
-9.00
-9.00
-9.00
-9.00
-9.00
-9.00
-9.00
-9.00
-9.00
-9.00
-9.00
-9.00
-9.00
-9.00
-9.00
-9.00
-9.00
-9.00
-9.00
-9.00
-9.00
-9.00
-9.00
-9.00
-9.00
-9.00
-9.00
-9.00
-9.00
-6.00
-6.00
-6.00
-6.00
-6.00
-6.00
-6.00
-6.00
-6.00
-6.00
-6.00
-6.00
-6.00
-6.00
-6.00
-6.00
-6.00
-6.00
-6.00
-6.00
-6.00
-6.00
-6.00
-6.00
-6.00
-6.00
-6.00
-6.00
-6.00
-6.00
-6.00
-6.00
-6.00
-6.00
-6.00
-6.00
-6.00
-6.00
-6.00
-6.00
-6.00
-6.00
-6.00
-6.00
-6.00
-6.00
