-45.00
-42.00
-39.00
-33.00
-30.00
-24.00
-24.00
-21.00
-21.00
-21.00
-21.00
-21.00
-21.00
-21.00
-21.00
-21.00
-21.00
-21.00
-21.00
-21.00
-21.00
-21.00
-21.00
-21.00
-21.00
-21.00
-21.00
-21.00
-21.00
-21.00
-21.00
-21.00
-21.00
-21.00
-21.00
-21.00
-21.00
-21.00
-21.00
-21.00
-21.00
-21.00
-21.00
-21.00
-21.00
-21.00
-21.00
-21.00
-21.00
-21.00
-21.00
-21.00
-21.00
-21.00
-21.00
-21.00
-21.00
-21.00
-21.00
-21.00
-21.00
-21.00
-21.00
-21.00
-21.00
-21.00
-21.00
-21.00
-21.00
-21.00
-21.00
-21.00
-21.00
-21.00
-21.00
-21.00
-21.00
-21.00
-21.00
-21.00
-21.00
-21.00
-21.00
-21.00
-21.00
-21.00
-21.00
-21.00
-21.00
-21.00
-21.00
-21.00
-21.00
-21.00
-21.00
-21.00
-21.00
-21.00
-21.00
-21.00
-21.00
-21.00
-21.00
-21.00
-21.00
-21.00
-21.00
-21.00
-21.00
-21.00
-21.00
-21.00
-21.00
-21.00
-21.00
-21.00
-21.00
-21.00
-21.00
-21.00
-21.00
-21.00
-21.00
-21.00
-21.00
-21.00
-21.00
-21.00
-21.00
-21.00
-21.00
-21.00
-21.00
-21.00
-21.00
-21.00
-21.00
-21.00
-21.00
-21.00
-21.00
-21.00
-21.00
-21.00
-21.00
-21.00
-21.00
-21.00
-21.00
-21.00
-21.00
-21.00
-21.00
-21.00
-21.00
-21.00
-21.00
-21.00
-21.00
-21.00
-21.00
-21.00
-21.00
-21.00
-21.00
-21.00
-21.00
-21.00
-21.00
-21.00
-21.00
-21.00
-21.00
-21.00
-21.00
-21.00
-21.00
-21.00
-21.00
-21.00
-21.00
-21.00
-21.00
-21.00
-21.00
