-45.00
-45.00
-45.00
-45.00
-36.00
-27.00
-21.00
-21.00
-21.00
-21.00
-21.00
-18.00
-15.00
-15.00
-15.00
-12.00
-12.00
-12.00
-12.00
-12.00
-12.00
-12.00
-12.00
-9.00
-9.00
-9.00
-9.00
-9.00
-9.00
-9.00
-9.00
-9.00
-9.00
-9.00
-9.00
-9.00
-6.00
-6.00
-6.00
-6.00
-6.00
-6.00
-6.00
-6.00
-6.00
-3.00
-3.00
-3.00
-3.00
-3.00
-3.00
-3.00
-3.00
-3.00
-3.00
-3.00
-3.00
-3.00
-3.00
-3.00
-3.00
-3.00
-3.00
-3.00
-3.00
-3.00
-3.00
-3.00
-3.00
-3.00
-3.00
-3.00
-3.00
-3.00
-6.00
-9.00
-9.00
-9.00
-9.00
-9.00
-9.00
-9.00
-9.00
-9.00
-9.00
-9.00
-9.00
-9.00
-9.00
-9.00
-9.00
-9.00
-9.00
-9.00
-9.00
-9.00
-9.00
-9.00
-9.00
-9.00
-9.00
-9.00
-9.00
-9.00
-9.00
-9.00
-9.00
-9.00
-9.00
-6.00
-6.00
-6.00
-6.00
-6.00
-6.00
-6.00
-6.00
-6.00
-6.00
-6.00
-6.00
-6.00
-6.00
-6.00
-6.00
-6.00
-6.00
-6.00
-6.00
-6.00
-6.00
-6.00
-6.00
-6.00
-6.00
-6.00
-6.00
-6.00
-6.00
-6.00
-6.00
-6.00
-3.00
-3.00
-3.00
-3.00
-3.00
-3.00
-3.00
-3.00
-3.00
-3.00
-9.00
-9.00
-9.00
-9.00
-9.00
-9.00
-9.00
-9.00
-9.00
-9.00
-9.00
-9.00
-9.00
-9.00
-9.00
-9.00
-9.00
-9.00
-9.00
-9.00
-9.00
-9.00
-9.00
-9.00
-9.00
-9.00
-9.00
-9.00
-9.00
-9.00
-9.00
-9.00
-9.00
