-45.00
-45.00
-45.00
-45.00
-45.00
-39.00
-33.00
-33.00
-33.00
-27.00
-24.00
-24.25
-27.00
-27.00
-27.00
-27.00
-25.00
-24.00
-24.00
-24.00
-24.00
-24.00
-24.00
-24.00
-24.00
-24.00
-24.00
-24.00
-24.00
-24.00
-24.00
-24.00
-24.00
-24.00
-24.00
-24.00
-21.00
-21.00
-21.00
-21.00
-21.00
-21.00
-21.00
-21.00
-21.00
-21.00
-21.00
-21.00
-21.00
-21.00
-21.00
-21.00
-21.00
-21.00
-21.00
-21.00
-21.00
-21.00
-21.00
-21.00
-21.00
-21.00
-21.00
-21.00
-21.00
-21.00
-21.00
-21.00
-21.00
-21.00
-21.00
-21.00
-21.00
-21.00
-21.00
-21.00
-21.00
-21.00
-21.00
-21.00
-21.00
-21.00
-21.00
-21.00
-21.00
-21.00
-21.00
-21.00
-21.00
-21.00
-21.00
-21.00
-21.00
-21.00
-21.00
-21.00
-21.00
-21.00
-21.00
-21.00
-21.00
-21.00
-21.00
-21.00
-21.00
-21.00
-21.00
-21.00
-21.00
-21.00
-21.00
-21.00
-21.00
-21.00
-21.00
-21.00
-21.00
-21.00
-21.00
-21.00
-21.00
-21.00
-21.00
-21.00
-21.00
-21.00
-21.00
-21.00
-21.00
-21.00
-21.00
-21.00
-21.00
-21.00
-21.00
-21.00
-21.00
-21.00
-21.00
-21.00
-21.00
-21.00
-15.00
-15.00
-15.00
-15.00
-15.00
-15.00
-15.00
-15.00
-15.00
-15.00
-15.00
-15.00
-15.00
-15.00
-15.00
-15.00
-15.00
-15.00
-15.00
-15.00
-15.00
-15.00
-15.00
-15.00
-15.00
-15.00
-15.00
-15.00
-15.00
-15.00
-15.00
-15.00
-15.00
-15.00
-15.00
-15.00
-15.00
-15.00
-15.00
-15.00
-15.00
-15.00
-15.00
