-45.00
-45.00
-45.00
-45.00
-45.00
-42.00
-33.00
-30.00
-30.00
-30.00
-30.00
-30.00
-30.00
-30.00
-30.00
-30.00
-30.00
-30.00
-30.00
-30.00
-30.00
-30.00
-30.00
-30.00
-30.00
-30.00
-30.00
-30.00
-30.00
-30.00
-30.00
-30.00
-30.00
-30.00
-30.00
-30.00
-30.00
-30.00
-30.00
-30.00
-30.00
-30.00
-30.00
-30.00
-30.00
-30.00
-30.00
-30.00
-30.00
-30.00
-30.00
-30.00
-30.00
-30.00
-30.00
-30.00
-30.00
-30.00
-30.00
-30.00
-30.00
-30.00
-30.00
-30.00
-30.00
-30.00
-30.00
-30.00
-30.00
-30.00
-30.00
-30.00
-30.00
-30.00
-30.00
-30.00
-30.00
-30.00
-30.00
-30.00
-30.00
-30.00
-30.00
-30.00
-30.00
-30.00
-30.00
-30.00
-30.00
-30.00
-30.00
-30.00
-30.00
-30.00
-30.00
-30.00
-30.00
-30.00
-30.00
-27.00
-27.00
-27.00
-27.00
-27.00
-27.00
-27.00
-27.00
-27.00
-27.00
-27.00
-27.00
-27.00
-27.00
-27.00
-27.00
-27.00
-27.00
-27.00
-27.00
-27.00
-27.00
-27.00
-27.00
-27.00
-27.00
-27.00
-27.00
-27.00
-27.00
-27.00
-27.00
-27.00
-27.00
-27.00
-27.00
-27.00
-27.00
-27.00
-27.00
-27.00
-27.00
-27.00
-27.00
-27.00
-27.00
-27.00
-27.00
-27.00
-27.00
-27.00
-27.00
-27.00
-27.00
-27.00
-24.00
-24.00
-24.00
-24.00
-24.00
-24.00
-24.00
-24.00
-24.00
-24.00
-24.00
-24.00
-24.00
-24.00
-24.00
-24.00
-24.00
-24.00
-24.00
-24.00
-24.00
-24.00
-24.00
-24.00
-24.00
-24.00
-24.00
-24.00
-24.00
-24.00
-24.00
