-45.00
-45.00
-45.00
-45.00
-45.00
-45.00
-45.00
-36.00
-27.00
-24.00
-24.00
-24.00
-27.00
-27.00
-27.00
-24.00
-21.00
-19.25
-18.00
-18.00
-18.00
-15.00
-15.00
-15.00
-15.00
-15.00
-15.00
-15.00
-15.00
-15.00
-15.00
-15.00
-15.00
-12.00
-12.00
-12.00
-12.00
-12.00
-12.00
-12.00
-12.00
-12.00
-12.00
-12.00
-12.00
-9.00
-9.00
-9.00
-6.00
-3.00
-3.00
-3.00
-6.00
-6.00
-6.00
-6.00
-6.00
-6.00
-9.00
-9.00
-9.00
-9.00
-9.00
-9.00
-9.00
-9.00
-9.00
-9.00
-9.00
-9.00
-9.00
-9.00
-9.00
-9.00
-9.00
-9.00
-9.00
-9.00
-12.00
-12.00
-12.00
-12.00
-12.00
-15.00
-15.00
-15.00
-15.00
-15.00
-15.00
-13.25
-12.00
-12.00
-12.00
-12.00
-12.00
-12.00
-12.00
-12.00
-12.00
-12.00
-12.00
-12.00
-9.00
-9.00
-9.00
-9.00
-9.00
-6.00
-6.00
-6.00
-6.00
-6.00
-6.00
-6.00
-6.00
-6.00
-6.00
-3.25
-3.00
-3.00
-3.00
-3.00
-3.00
-3.00
-3.00
-3.00
-3.00
-3.00
-3.00
-3.00
-3.00
-3.00
-3.00
-3.00
-3.00
-3.00
-3.00
-3.00
-3.00
-2.75
-0.00
-0.00
-0.00
-0.00
-0.00
-0.00
-0.00
-0.00
-0.00
-0.00
-3.00
-12.00
-12.00
-12.00
-12.00
-12.00
-12.00
-12.00
-12.00
-12.00
-12.00
-12.00
-12.00
-12.00
-12.00
-12.00
-12.00
-12.00
-12.00
-12.00
-12.00
-12.00
-9.00
-9.00
-9.00
-9.00
-9.00
-9.00
-9.00
-6.00
-6.00
-6.00
-6.00
-6.00
-6.00
