-45.00
-45.00
-39.00
-30.00
-21.00
-18.00
-15.00
-12.00
-15.00
-15.00
-15.00
-15.00
-15.00
-15.00
-15.00
-15.00
-15.00
-15.00
-15.00
-15.00
-15.00
-15.00
-15.00
-15.00
-15.00
-15.00
-15.00
-15.00
-15.00
-15.00
-15.00
-15.00
-15.00
-15.00
-15.00
-15.00
-15.00
-15.00
-15.00
-15.00
-15.00
-15.00
-15.00
-15.00
-15.00
-15.00
-15.00
-15.00
-15.00
-15.00
-15.00
-15.00
-15.00
-15.00
-15.00
-15.00
-15.00
-15.00
-15.00
-15.00
-15.00
-15.00
-15.00
-15.00
-15.00
-15.00
-15.00
-15.00
-15.00
-15.00
-15.00
-15.00
-15.00
-15.00
-15.00
-15.00
-15.00
-15.00
-15.00
-15.00
-15.00
-15.00
-15.00
-15.00
-15.00
-15.00
-15.00
-15.00
-15.00
-15.00
-15.00
-15.00
-15.00
-15.00
-15.00
-15.00
-15.00
-15.00
-15.00
-15.00
-15.00
-15.00
-15.00
-15.00
-15.00
-15.00
-15.00
-15.00
-15.00
-15.00
-15.00
-15.00
-15.00
-15.00
-15.00
-15.00
-15.00
-15.00
-15.00
-15.00
-15.00
-15.00
-15.00
-15.00
-15.00
-15.00
-15.00
-15.00
-15.00
-15.00
-15.00
-15.00
-15.00
-15.00
-15.00
-15.00
-15.00
-15.00
-15.00
-15.00
-15.00
-15.00
-15.00
-15.00
-15.00
-15.00
-15.00
-15.00
-15.00
-15.00
-15.00
-15.00
-15.00
-15.00
-15.00
-15.00
-15.00
-15.00
-15.00
-15.00
-15.00
-15.00
-15.00
-15.00
-15.00
-15.00
-15.00
-15.00
-15.00
-15.00
-15.00
-15.00
-15.00
-15.00
-15.00
-15.00
-15.00
-15.00
-15.00
-15.00
-15.00
-15.00
-15.00
-15.00
-15.00
