XL2 RTA Spectrum Logging:		KU100\2026-04-14_SLM_005_RTA_3rd_Log.txt                                       
-------------------------


# Hardware Configuration
	Device Info:    	XL2, SNo. A2A-17501-E0, FW4.33
	Mic Sensitivity:	8.6 mV/Pa
	                	(User calibrated 2026-04-13  13:51)
	Time Zone:      	UTC+01:00 (Europe/Berlin)

# Measurement Setup
	Profile:        	Full mode
	Timer mode:     	continuous
	Timer set:      	--:--:--
	Log-Interval:   	00:00:01
	Resolution:     	1/3 Octave
	Range:          	40 - 140 dB

# Time
	Start:          	2026-04-14, 10:15:24
	End:            	2026-04-14, 10:15:56

# RTA LOG Results 
	            	          	          	         	LZeq_dt  	LZeq_dt  	LZeq_dt  	LZeq_dt  	LZeq_dt  	LZeq_dt  	LZeq_dt  	LZeq_dt  	LZeq_dt  	LZeq_dt  	LZeq_dt  	LZeq_dt  	LZeq_dt  	LZeq_dt  	LZeq_dt  	LZeq_dt  	LZeq_dt  	LZeq_dt  	LZeq_dt  	LZeq_dt  	LZeq_dt  	LZeq_dt  	LZeq_dt  	LZeq_dt  	LZeq_dt  	LZeq_dt  	LZeq_dt  	LZeq_dt  	LZeq_dt  	LZeq_dt  	LZeq_dt  	LZeq_dt  	LZeq_dt  	LZeq_dt  	LZeq_dt  	LZeq_dt  
	Date        	Time      	Timer     	Band [Hz]	6.3      	8.0      	10.0     	12.5     	16.0     	20.0     	25.0     	31.5     	40.0     	50.0     	63.0     	80.0     	100.0    	125.0    	160.0    	200.0    	250.0    	315.0    	400.0    	500.0    	630.0    	800.0    	1000.0   	1250.0   	1600.0   	2000.0   	2500.0   	3150.0   	4000.0   	5000.0   	6300.0   	8000.0   	10000.0  	12500.0  	16000.0  	20000.0  
	[YYYY-MM-DD]	[hh:mm:ss]	[hh:mm:ss]	         	[dB]     	[dB]     	[dB]     	[dB]     	[dB]     	[dB]     	[dB]     	[dB]     	[dB]     	[dB]     	[dB]     	[dB]     	[dB]     	[dB]     	[dB]     	[dB]     	[dB]     	[dB]     	[dB]     	[dB]     	[dB]     	[dB]     	[dB]     	[dB]     	[dB]     	[dB]     	[dB]     	[dB]     	[dB]     	[dB]     	[dB]     	[dB]     	[dB]     	[dB]     	[dB]     	[dB]     
	2026-04-14  	10:15:25  	00:00:01  	         	43.1     	36.8     	37.1     	38.7     	33.4     	37.9     	44.2     	57.1     	60.0     	60.5     	64.9     	61.1     	61.2     	61.4     	60.9     	59.9     	60.4     	55.6     	58.2     	56.7     	56.5     	56.8     	54.5     	55.3     	52.0     	48.4     	45.7     	45.9     	50.6     	58.7     	52.1     	44.1     	45.2     	44.6     	52.6     	40.2     
	2026-04-14  	10:15:26  	00:00:02  	         	47.2     	41.4     	35.5     	39.3     	32.8     	33.1     	43.2     	51.6     	58.1     	61.3     	63.8     	62.9     	61.5     	60.8     	62.6     	60.2     	60.2     	57.1     	57.6     	57.0     	56.4     	56.6     	54.2     	54.9     	51.6     	48.6     	45.8     	45.8     	50.5     	58.4     	51.8     	44.3     	45.1     	44.7     	52.7     	40.3     
	2026-04-14  	10:15:27  	00:00:03  	         	40.3     	39.3     	37.7     	43.6     	30.2     	38.8     	44.0     	54.2     	58.2     	58.2     	62.6     	64.0     	62.4     	62.8     	61.0     	59.8     	61.3     	56.6     	58.1     	57.0     	56.8     	57.0     	54.1     	54.6     	51.7     	48.4     	46.2     	45.8     	50.5     	58.6     	51.9     	44.2     	45.1     	44.8     	52.6     	40.4     
	2026-04-14  	10:15:28  	00:00:04  	         	35.8     	36.0     	34.4     	38.3     	28.9     	36.3     	41.7     	53.7     	60.0     	63.3     	65.1     	64.2     	60.4     	61.1     	61.9     	59.8     	60.0     	57.2     	57.4     	56.3     	56.6     	56.1     	54.9     	55.2     	51.6     	48.4     	45.8     	46.2     	50.6     	58.8     	51.8     	44.1     	45.2     	44.9     	52.6     	40.4     
	2026-04-14  	10:15:29  	00:00:05  	         	42.0     	34.8     	35.8     	40.5     	34.2     	36.6     	42.8     	55.0     	58.4     	61.1     	64.3     	65.2     	60.4     	62.0     	60.7     	59.1     	60.8     	56.8     	57.5     	56.8     	56.8     	56.8     	54.6     	55.0     	52.0     	48.5     	46.0     	46.1     	50.6     	58.6     	51.9     	44.2     	45.3     	44.7     	52.5     	40.3     
	2026-04-14  	10:15:30  	00:00:06  	         	43.4     	39.4     	35.1     	43.8     	32.9     	33.7     	46.2     	54.6     	59.2     	61.2     	63.3     	64.0     	61.4     	62.8     	60.3     	59.9     	60.2     	57.1     	58.3     	57.0     	57.1     	56.4     	54.7     	55.1     	51.8     	48.5     	46.0     	45.7     	50.6     	58.9     	52.0     	44.3     	45.3     	44.8     	52.8     	40.4     
	2026-04-14  	10:15:31  	00:00:07  	         	43.1     	40.3     	37.2     	41.8     	33.4     	35.9     	45.7     	56.7     	58.8     	62.5     	62.6     	64.5     	60.2     	60.6     	60.5     	60.1     	61.9     	56.9     	57.5     	56.4     	56.3     	56.2     	53.8     	55.1     	52.0     	48.6     	45.9     	45.8     	51.1     	58.5     	52.1     	44.2     	45.3     	44.9     	52.6     	40.3     
	2026-04-14  	10:15:32  	00:00:08  	         	41.1     	42.8     	38.9     	39.2     	33.6     	33.9     	41.7     	54.5     	59.0     	61.4     	64.4     	62.2     	60.6     	60.3     	63.1     	61.1     	60.8     	56.9     	58.5     	56.1     	56.6     	56.9     	54.5     	55.2     	51.7     	49.1     	45.9     	46.1     	50.5     	58.4     	51.9     	44.0     	45.3     	44.8     	52.5     	40.3     
	2026-04-14  	10:15:33  	00:00:09  	         	39.2     	33.9     	39.5     	42.1     	32.2     	35.8     	44.9     	55.3     	61.4     	61.8     	63.4     	65.4     	63.1     	61.8     	62.4     	59.1     	60.9     	57.4     	57.8     	56.9     	56.5     	56.9     	53.5     	54.5     	52.0     	48.5     	45.8     	45.7     	50.5     	58.7     	51.8     	44.3     	45.3     	45.0     	52.7     	40.4     
	2026-04-14  	10:15:34  	00:00:10  	         	36.0     	37.6     	37.2     	44.2     	35.7     	37.8     	41.3     	53.0     	59.2     	63.4     	64.0     	65.7     	61.3     	60.0     	60.1     	59.1     	60.1     	57.3     	58.5     	56.2     	56.4     	56.9     	54.1     	54.9     	51.8     	48.9     	46.1     	46.1     	50.7     	58.7     	52.0     	44.3     	45.4     	44.8     	52.7     	40.4     
	2026-04-14  	10:15:35  	00:00:11  	         	41.2     	38.6     	35.3     	39.0     	35.3     	37.1     	41.5     	55.4     	58.1     	62.5     	63.7     	65.0     	61.8     	61.9     	62.4     	60.3     	58.6     	56.4     	58.0     	56.9     	56.6     	56.4     	54.6     	55.2     	51.3     	48.4     	46.1     	46.3     	50.8     	58.5     	51.8     	44.2     	45.3     	44.8     	52.7     	40.3     
	2026-04-14  	10:15:36  	00:00:12  	         	39.4     	39.7     	36.5     	44.2     	36.8     	36.5     	44.3     	52.1     	58.0     	62.0     	64.1     	63.3     	62.0     	60.7     	61.4     	59.4     	60.2     	56.8     	58.1     	57.1     	57.0     	57.1     	54.4     	54.6     	51.6     	48.8     	45.9     	46.0     	50.5     	58.6     	51.7     	44.3     	45.4     	44.9     	52.6     	40.4     
	2026-04-14  	10:15:37  	00:00:13  	         	46.8     	37.5     	37.7     	37.0     	33.2     	37.5     	44.7     	52.6     	59.8     	62.9     	66.8     	64.3     	63.1     	63.5     	60.9     	60.0     	59.7     	56.4     	57.5     	56.7     	56.6     	56.6     	54.7     	55.1     	52.2     	48.8     	45.9     	46.0     	50.5     	58.6     	51.7     	44.3     	45.4     	44.8     	52.8     	40.3     
	2026-04-14  	10:15:38  	00:00:14  	         	34.9     	42.3     	40.6     	42.0     	32.8     	34.7     	39.9     	55.3     	57.3     	61.3     	62.8     	65.6     	62.5     	63.2     	61.8     	60.7     	60.1     	56.7     	57.6     	56.1     	56.9     	56.7     	54.4     	55.1     	51.5     	48.3     	45.8     	46.0     	51.1     	58.6     	51.9     	44.2     	45.3     	44.9     	52.7     	40.4     
	2026-04-14  	10:15:39  	00:00:15  	         	39.0     	37.4     	35.0     	43.6     	33.2     	34.5     	43.0     	56.5     	60.1     	63.0     	63.9     	65.2     	61.9     	59.9     	61.0     	59.4     	60.2     	56.6     	57.4     	56.7     	56.8     	56.7     	54.2     	55.6     	51.9     	48.7     	46.0     	46.4     	50.7     	58.4     	51.9     	44.2     	45.4     	44.8     	52.7     	40.5     
	2026-04-14  	10:15:40  	00:00:16  	         	41.8     	35.1     	37.6     	42.7     	33.5     	38.2     	42.6     	56.1     	60.3     	60.1     	63.4     	63.2     	61.1     	61.6     	61.2     	60.8     	59.1     	56.8     	57.1     	56.6     	56.3     	57.0     	55.4     	55.8     	52.2     	48.8     	46.4     	46.0     	50.9     	58.8     	52.1     	44.0     	45.3     	44.9     	52.7     	40.3     
	2026-04-14  	10:15:41  	00:00:17  	         	43.0     	36.7     	34.3     	41.8     	34.5     	40.1     	39.7     	55.0     	58.5     	63.9     	64.7     	64.6     	62.9     	61.5     	60.8     	59.2     	60.2     	57.2     	57.5     	56.1     	56.4     	57.1     	54.5     	55.7     	51.9     	48.5     	45.9     	46.0     	50.8     	58.6     	52.0     	44.2     	45.3     	44.9     	52.8     	40.5     
	2026-04-14  	10:15:42  	00:00:18  	         	39.5     	37.2     	35.9     	39.7     	32.0     	40.6     	44.8     	54.5     	57.4     	61.5     	64.8     	65.7     	61.4     	61.2     	62.0     	59.6     	60.0     	56.7     	58.6     	57.0     	57.3     	56.6     	54.1     	55.4     	51.5     	48.8     	45.9     	45.9     	50.9     	58.9     	52.1     	44.3     	45.4     	44.9     	52.8     	40.4     
	2026-04-14  	10:15:43  	00:00:19  	         	38.2     	36.5     	34.2     	39.6     	32.9     	38.5     	44.3     	53.3     	57.1     	61.9     	64.2     	65.4     	62.9     	62.6     	59.3     	58.7     	59.3     	57.1     	57.2     	56.1     	56.6     	56.8     	54.8     	55.4     	52.3     	48.9     	46.0     	46.3     	50.7     	58.6     	51.9     	44.3     	45.5     	44.9     	52.8     	40.5     
	2026-04-14  	10:15:44  	00:00:20  	         	40.6     	39.3     	36.6     	43.1     	33.9     	35.2     	46.6     	53.3     	58.8     	64.2     	64.6     	64.7     	61.6     	59.8     	61.6     	58.6     	61.0     	57.2     	58.2     	57.1     	57.2     	56.4     	54.8     	55.1     	51.6     	48.7     	46.0     	46.0     	50.6     	58.7     	51.9     	44.2     	45.4     	44.9     	52.8     	40.5     
	2026-04-14  	10:15:45  	00:00:21  	         	40.3     	36.2     	35.8     	43.3     	37.6     	38.3     	44.4     	55.5     	59.3     	64.3     	63.9     	63.1     	61.5     	61.1     	61.0     	59.5     	60.2     	56.4     	57.8     	57.3     	57.1     	57.0     	53.8     	55.7     	52.2     	48.5     	45.9     	46.4     	50.6     	58.6     	52.1     	44.4     	45.4     	45.1     	52.8     	40.5     
	2026-04-14  	10:15:46  	00:00:22  	         	47.2     	40.6     	38.5     	40.7     	38.1     	36.9     	42.0     	55.8     	59.2     	60.9     	65.7     	65.1     	61.7     	62.0     	62.3     	60.0     	60.3     	56.4     	57.5     	56.7     	56.9     	56.5     	54.2     	55.3     	51.7     	48.5     	46.1     	46.2     	50.9     	58.8     	52.1     	44.3     	45.4     	45.0     	52.7     	40.4     
	2026-04-14  	10:15:47  	00:00:23  	         	35.1     	36.3     	35.3     	41.8     	40.7     	41.8     	42.8     	55.8     	59.1     	62.2     	64.7     	67.0     	61.8     	60.5     	62.3     	60.7     	60.1     	56.5     	58.3     	56.9     	56.7     	56.8     	54.4     	55.3     	52.0     	48.7     	46.2     	45.9     	50.8     	58.6     	52.1     	44.3     	45.5     	45.0     	52.8     	40.5     
	2026-04-14  	10:15:48  	00:00:24  	         	40.2     	38.1     	36.2     	38.4     	35.4     	38.6     	46.0     	54.1     	61.1     	63.7     	63.4     	63.6     	61.8     	63.0     	61.7     	59.6     	60.8     	57.4     	58.4     	56.9     	57.4     	56.4     	54.4     	55.5     	51.7     	48.5     	46.2     	46.1     	50.5     	58.7     	52.0     	44.3     	45.4     	44.9     	52.9     	40.5     
	2026-04-14  	10:15:49  	00:00:25  	         	42.5     	39.6     	37.0     	43.5     	33.3     	33.9     	40.5     	55.1     	56.9     	61.5     	63.6     	64.5     	61.3     	61.1     	61.6     	58.9     	60.9     	56.4     	58.0     	56.6     	56.3     	57.5     	54.7     	55.6     	52.0     	48.6     	46.2     	45.8     	51.2     	58.8     	52.1     	44.3     	45.4     	44.9     	52.8     	40.4     
	2026-04-14  	10:15:50  	00:00:26  	         	41.4     	37.5     	35.6     	40.7     	33.8     	37.8     	41.6     	56.1     	59.6     	63.6     	64.9     	64.1     	62.2     	60.7     	59.9     	59.1     	60.9     	57.8     	58.5     	56.5     	56.8     	57.0     	53.9     	55.6     	52.0     	48.7     	46.3     	46.2     	50.7     	58.6     	52.2     	44.4     	45.4     	44.9     	52.8     	40.6     
	2026-04-14  	10:15:51  	00:00:27  	         	33.6     	37.5     	33.8     	39.4     	34.3     	37.1     	43.9     	56.1     	57.8     	61.5     	62.3     	61.4     	61.7     	62.6     	61.6     	60.0     	60.6     	56.3     	57.8     	56.6     	56.8     	56.7     	55.3     	55.7     	51.8     	48.6     	45.9     	45.8     	50.7     	58.8     	52.2     	44.4     	45.4     	44.8     	52.7     	40.4     
	2026-04-14  	10:15:52  	00:00:28  	         	35.3     	37.1     	36.4     	41.3     	36.0     	36.6     	44.8     	56.3     	60.2     	61.5     	64.5     	64.9     	60.6     	61.1     	61.2     	59.2     	60.3     	57.4     	57.0     	57.2     	56.6     	57.0     	54.5     	55.2     	52.3     	48.7     	46.1     	46.2     	50.9     	58.6     	52.0     	44.3     	45.4     	44.9     	52.8     	40.5     
	2026-04-14  	10:15:53  	00:00:29  	         	44.0     	42.7     	34.2     	38.7     	35.5     	36.7     	43.4     	53.0     	57.6     	63.4     	65.2     	64.9     	62.7     	60.8     	61.1     	60.1     	59.9     	56.0     	57.1     	56.9     	57.2     	56.8     	54.5     	55.5     	52.2     	48.7     	46.1     	45.9     	50.8     	58.6     	52.0     	44.3     	45.3     	44.9     	52.8     	40.5     
	2026-04-14  	10:15:54  	00:00:30  	         	43.7     	41.8     	38.4     	44.1     	34.2     	35.3     	44.2     	54.6     	58.4     	60.9     	63.9     	63.1     	63.6     	61.0     	62.0     	60.6     	60.4     	58.3     	57.7     	56.7     	56.9     	56.1     	54.5     	55.1     	52.2     	48.8     	46.2     	46.2     	50.7     	58.5     	51.7     	44.3     	45.6     	45.0     	52.9     	40.6     
	2026-04-14  	10:15:55  	00:00:31  	         	42.5     	41.2     	39.7     	36.6     	31.4     	36.5     	44.8     	54.9     	62.0     	62.2     	63.4     	65.8     	62.4     	61.2     	61.4     	58.9     	59.8     	56.1     	57.7     	56.4     	56.6     	56.9     	54.8     	55.9     	52.3     	48.9     	46.0     	46.2     	50.7     	58.6     	51.9     	44.4     	45.4     	44.9     	52.8     	40.6     
	2026-04-14  	10:15:56  	00:00:32  	         	35.1     	34.6     	36.5     	40.7     	27.1     	37.2     	42.7     	54.8     	59.9     	62.5     	62.9     	65.5     	62.6     	62.0     	61.1     	59.3     	61.1     	56.2     	57.8     	56.8     	57.1     	57.3     	54.6     	55.4     	52.3     	48.6     	46.2     	46.3     	50.8     	58.8     	51.9     	44.3     	45.5     	45.0     	52.7     	40.4     

# RTA LOG Results over the whole log period
	2026-04-14  	10:15:56  	00:00:32  	         	41.9     	39.0     	36.9     	41.6     	34.6     	37.3     	43.7     	54.9     	59.2     	62.3     	64.2     	64.5     	61.9     	61.6     	61.4     	59.8     	60.4     	56.9     	57.8     	56.7     	56.8     	56.8     	54.5     	55.3     	51.9     	48.6     	46.0     	46.1     	50.7     	58.7     	52.0     	44.3     	45.4     	44.9     	52.7     	40.4     

#CheckSum
	370561CDE07D3A900C48984F8308F346