XL2 RTA Spectrum Logging:		KU100\2026-04-15_SLM_024_RTA_3rd_Log.txt                                       
-------------------------


# Hardware Configuration
	Device Info:    	XL2, SNo. A2A-17501-E0, FW4.33
	Mic Sensitivity:	8.6 mV/Pa
	                	(User calibrated 2026-04-13  13:51)
	Time Zone:      	UTC+01:00 (Europe/Berlin)

# Measurement Setup
	Profile:        	Full mode
	Timer mode:     	continuous
	Timer set:      	--:--:--
	Log-Interval:   	00:00:01
	Resolution:     	1/3 Octave
	Range:          	40 - 140 dB

# Time
	Start:          	2026-04-15, 11:27:24
	End:            	2026-04-15, 11:30:30

# RTA LOG Results 
	            	          	          	         	LZeq_dt  	LZeq_dt  	LZeq_dt  	LZeq_dt  	LZeq_dt  	LZeq_dt  	LZeq_dt  	LZeq_dt  	LZeq_dt  	LZeq_dt  	LZeq_dt  	LZeq_dt  	LZeq_dt  	LZeq_dt  	LZeq_dt  	LZeq_dt  	LZeq_dt  	LZeq_dt  	LZeq_dt  	LZeq_dt  	LZeq_dt  	LZeq_dt  	LZeq_dt  	LZeq_dt  	LZeq_dt  	LZeq_dt  	LZeq_dt  	LZeq_dt  	LZeq_dt  	LZeq_dt  	LZeq_dt  	LZeq_dt  	LZeq_dt  	LZeq_dt  	LZeq_dt  	LZeq_dt  
	Date        	Time      	Timer     	Band [Hz]	6.3      	8.0      	10.0     	12.5     	16.0     	20.0     	25.0     	31.5     	40.0     	50.0     	63.0     	80.0     	100.0    	125.0    	160.0    	200.0    	250.0    	315.0    	400.0    	500.0    	630.0    	800.0    	1000.0   	1250.0   	1600.0   	2000.0   	2500.0   	3150.0   	4000.0   	5000.0   	6300.0   	8000.0   	10000.0  	12500.0  	16000.0  	20000.0  
	[YYYY-MM-DD]	[hh:mm:ss]	[hh:mm:ss]	         	[dB]     	[dB]     	[dB]     	[dB]     	[dB]     	[dB]     	[dB]     	[dB]     	[dB]     	[dB]     	[dB]     	[dB]     	[dB]     	[dB]     	[dB]     	[dB]     	[dB]     	[dB]     	[dB]     	[dB]     	[dB]     	[dB]     	[dB]     	[dB]     	[dB]     	[dB]     	[dB]     	[dB]     	[dB]     	[dB]     	[dB]     	[dB]     	[dB]     	[dB]     	[dB]     	[dB]     
	2026-04-15  	11:27:25  	00:00:01  	         	47.3     	39.7     	36.6     	34.1     	35.3     	37.9     	48.8     	51.6     	46.5     	47.5     	53.3     	60.2     	48.1     	51.4     	59.7     	63.4     	66.5     	69.3     	66.1     	66.5     	59.9     	54.1     	52.6     	50.1     	51.8     	57.7     	55.9     	47.9     	47.5     	39.1     	40.5     	36.3     	29.4     	28.8     	27.2     	29.1     
	2026-04-15  	11:27:26  	00:00:02  	         	44.9     	36.7     	32.8     	35.7     	34.3     	34.1     	31.4     	33.9     	36.1     	43.5     	56.7     	56.7     	52.7     	61.7     	60.7     	63.8     	66.0     	70.3     	62.7     	60.6     	64.6     	53.1     	50.8     	50.3     	52.6     	61.3     	60.1     	55.2     	52.5     	45.4     	44.3     	39.3     	31.8     	29.1     	27.5     	29.1     
	2026-04-15  	11:27:27  	00:00:03  	         	41.2     	35.0     	28.8     	37.1     	33.7     	34.0     	34.6     	32.1     	34.4     	47.8     	54.5     	44.1     	53.8     	59.6     	50.3     	63.1     	66.1     	65.7     	67.0     	67.7     	65.2     	59.4     	57.3     	55.0     	55.3     	52.0     	51.5     	49.7     	45.8     	39.3     	42.1     	37.2     	29.9     	29.7     	27.1     	29.1     
	2026-04-15  	11:27:28  	00:00:04  	         	41.2     	28.2     	32.0     	37.5     	34.0     	36.9     	47.8     	51.4     	43.2     	50.2     	57.5     	59.8     	55.2     	60.7     	63.1     	61.4     	67.0     	63.4     	67.7     	63.9     	55.9     	52.5     	50.3     	48.6     	51.3     	53.4     	54.5     	54.2     	50.9     	50.3     	48.4     	44.7     	38.5     	31.3     	29.2     	29.4     
	2026-04-15  	11:27:29  	00:00:05  	         	42.7     	36.1     	34.4     	36.2     	33.6     	39.7     	45.2     	45.8     	42.1     	49.1     	56.7     	58.9     	57.6     	56.0     	61.3     	65.8     	66.3     	66.5     	62.5     	62.0     	63.3     	54.7     	54.9     	53.2     	57.2     	59.2     	55.9     	54.2     	51.8     	49.9     	49.1     	45.4     	39.0     	32.3     	29.7     	29.4     
	2026-04-15  	11:27:30  	00:00:06  	         	45.3     	35.3     	30.6     	34.3     	33.9     	33.9     	41.2     	59.9     	51.6     	54.1     	61.5     	53.7     	55.9     	60.9     	54.3     	65.2     	67.4     	67.6     	61.1     	60.2     	63.3     	57.4     	55.8     	54.1     	56.9     	56.9     	57.7     	53.4     	51.9     	49.4     	46.9     	44.2     	36.7     	32.4     	30.6     	29.3     
	2026-04-15  	11:27:31  	00:00:07  	         	44.3     	43.2     	27.9     	28.7     	28.7     	33.1     	34.3     	55.1     	37.7     	47.3     	54.1     	43.6     	54.4     	55.4     	51.6     	65.3     	67.2     	65.5     	67.2     	66.1     	60.4     	54.4     	51.7     	48.1     	52.1     	54.0     	55.3     	53.5     	51.4     	49.6     	48.3     	46.4     	39.4     	33.0     	33.0     	29.8     
	2026-04-15  	11:27:32  	00:00:08  	         	39.6     	31.5     	34.3     	40.0     	33.7     	37.4     	47.9     	53.6     	48.7     	52.9     	60.4     	60.3     	58.1     	58.8     	61.2     	63.6     	67.8     	62.2     	64.9     	64.5     	55.1     	51.7     	48.1     	50.8     	50.7     	52.9     	52.8     	50.1     	49.7     	47.4     	45.0     	42.7     	36.1     	33.0     	33.4     	29.9     
	2026-04-15  	11:27:33  	00:00:09  	         	42.2     	33.6     	38.4     	37.9     	29.0     	36.8     	38.7     	42.1     	42.6     	49.8     	59.0     	58.1     	58.5     	57.9     	60.3     	65.9     	67.7     	66.3     	63.2     	68.3     	59.9     	53.8     	49.5     	51.2     	53.2     	58.9     	58.3     	54.6     	51.4     	49.6     	48.9     	46.2     	39.1     	31.8     	30.1     	29.4     
	2026-04-15  	11:27:34  	00:00:10  	         	37.5     	35.1     	36.7     	33.3     	35.6     	38.2     	39.6     	37.7     	40.1     	47.4     	61.0     	47.5     	52.0     	55.6     	51.0     	64.8     	67.7     	66.2     	66.2     	64.3     	62.8     	57.7     	55.5     	56.1     	50.5     	53.7     	57.1     	53.9     	50.9     	47.7     	46.9     	44.1     	37.4     	32.7     	31.6     	29.6     
	2026-04-15  	11:27:35  	00:00:11  	         	43.9     	38.1     	30.6     	33.1     	33.7     	36.0     	39.2     	34.9     	31.3     	43.8     	53.4     	43.4     	53.2     	57.7     	51.0     	64.7     	69.4     	65.9     	69.7     	64.6     	62.9     	56.5     	55.0     	53.4     	55.7     	57.3     	58.3     	55.9     	52.9     	52.2     	49.2     	46.7     	40.3     	34.0     	33.7     	30.1     
	2026-04-15  	11:27:36  	00:00:12  	         	44.6     	37.1     	33.8     	37.7     	36.2     	38.5     	47.2     	53.3     	47.4     	53.2     	60.6     	60.4     	57.7     	56.7     	60.6     	66.7     	69.1     	64.1     	60.5     	66.5     	58.8     	58.1     	51.9     	54.2     	53.8     	59.4     	59.3     	55.5     	52.6     	49.2     	47.5     	45.8     	39.7     	33.5     	31.9     	29.8     
	2026-04-15  	11:27:37  	00:00:13  	         	43.6     	35.1     	33.5     	39.5     	41.0     	37.2     	40.1     	43.0     	47.5     	55.5     	62.0     	56.6     	58.4     	57.5     	58.4     	64.3     	68.0     	65.0     	64.2     	67.8     	58.0     	56.0     	58.5     	52.1     	52.5     	52.5     	53.9     	53.6     	51.1     	48.6     	47.1     	44.3     	36.6     	32.4     	31.2     	29.5     
	2026-04-15  	11:27:38  	00:00:14  	         	39.6     	34.7     	33.1     	38.5     	43.2     	36.4     	43.7     	61.6     	50.7     	48.8     	56.1     	44.1     	55.6     	58.4     	52.7     	63.6     	67.5     	65.8     	66.9     	69.6     	63.1     	56.1     	53.6     	54.2     	57.9     	59.9     	58.0     	55.9     	53.4     	48.7     	46.3     	45.0     	39.1     	32.0     	31.4     	29.7     
	2026-04-15  	11:27:39  	00:00:15  	         	42.0     	36.5     	32.5     	37.2     	37.5     	38.7     	46.0     	49.2     	46.2     	52.1     	61.2     	59.7     	58.1     	60.1     	63.2     	63.8     	64.2     	63.9     	64.5     	63.3     	61.3     	57.1     	54.5     	58.4     	53.9     	53.6     	54.1     	56.3     	51.6     	47.2     	47.1     	44.4     	38.7     	34.6     	33.7     	30.0     
	2026-04-15  	11:27:40  	00:00:16  	         	41.8     	40.4     	30.6     	36.8     	36.2     	38.7     	48.1     	48.0     	46.1     	52.1     	59.5     	59.8     	58.0     	56.3     	61.0     	68.1     	65.8     	66.2     	68.5     	68.5     	62.1     	56.8     	51.7     	52.7     	57.2     	58.9     	56.5     	53.3     	51.3     	49.0     	47.2     	45.6     	38.8     	32.0     	31.7     	29.8     
	2026-04-15  	11:27:41  	00:00:17  	         	40.0     	41.2     	36.4     	37.0     	40.3     	34.8     	40.2     	38.3     	38.4     	43.6     	60.8     	52.9     	53.3     	54.1     	52.5     	63.2     	67.9     	66.1     	62.2     	62.2     	64.2     	57.4     	50.1     	50.7     	58.8     	59.9     	58.0     	55.4     	51.9     	48.7     	47.5     	45.3     	36.7     	31.6     	30.9     	29.4     
	2026-04-15  	11:27:42  	00:00:18  	         	44.9     	35.1     	27.0     	32.3     	34.6     	36.0     	34.1     	32.5     	37.0     	47.0     	54.3     	43.2     	54.3     	58.6     	54.3     	65.0     	67.6     	67.0     	65.9     	65.5     	66.8     	57.1     	52.0     	51.0     	58.4     	58.9     	57.8     	55.7     	53.3     	50.0     	49.0     	46.6     	40.0     	33.5     	33.2     	30.0     
	2026-04-15  	11:27:43  	00:00:19  	         	42.1     	40.9     	35.5     	36.8     	35.2     	35.2     	39.0     	54.0     	47.0     	51.7     	59.9     	59.7     	55.8     	57.3     	60.4     	62.5     	69.4     	66.0     	63.9     	62.6     	62.8     	55.2     	50.3     	51.7     	55.9     	59.8     	58.5     	57.2     	53.6     	51.2     	49.9     	47.5     	40.6     	34.4     	32.9     	30.0     
	2026-04-15  	11:27:44  	00:00:20  	         	41.6     	38.1     	27.3     	41.6     	34.8     	36.2     	39.7     	42.4     	43.8     	51.5     	59.8     	58.6     	58.3     	56.1     	59.0     	67.2     	67.0     	67.6     	64.8     	62.8     	59.6     	54.9     	51.0     	50.8     	52.0     	54.8     	55.2     	53.6     	51.7     	50.0     	49.5     	45.9     	39.7     	32.1     	30.2     	29.5     
	2026-04-15  	11:27:45  	00:00:21  	         	44.5     	34.9     	32.6     	33.8     	30.6     	36.3     	42.2     	61.7     	51.5     	54.7     	62.0     	51.2     	57.7     	57.3     	53.5     	66.0     	68.6     	66.5     	65.7     	66.1     	60.9     	54.3     	50.4     	52.0     	53.3     	56.8     	55.5     	53.9     	51.4     	47.2     	45.7     	43.9     	37.2     	32.8     	31.6     	29.6     
	2026-04-15  	11:27:46  	00:00:22  	         	44.6     	32.5     	29.7     	36.8     	35.4     	35.8     	39.1     	50.6     	35.8     	45.0     	54.8     	42.4     	52.4     	58.4     	52.9     	63.5     	68.3     	66.1     	70.2     	65.4     	60.3     	54.3     	51.5     	52.7     	54.6     	55.0     	57.8     	56.7     	53.2     	51.0     	49.5     	46.8     	40.5     	33.9     	33.6     	30.1     
	2026-04-15  	11:27:47  	00:00:23  	         	39.6     	38.2     	28.4     	35.8     	30.5     	38.8     	45.4     	52.0     	47.9     	54.4     	61.2     	60.6     	57.8     	57.8     	62.4     	66.9     	69.9     	65.6     	61.6     	64.4     	58.6     	56.1     	55.3     	53.8     	55.6     	56.9     	58.3     	55.4     	52.5     	49.6     	48.6     	45.0     	39.0     	32.2     	31.6     	29.9     
	2026-04-15  	11:27:48  	00:00:24  	         	37.0     	34.2     	36.5     	34.4     	34.2     	38.9     	39.8     	42.5     	42.6     	50.0     	62.0     	56.6     	58.0     	55.9     	56.8     	66.5     	69.1     	65.6     	61.2     	65.7     	59.7     	59.5     	53.7     	51.6     	59.7     	59.5     	56.5     	54.6     	51.8     	49.2     	48.0     	45.3     	38.7     	31.4     	29.1     	29.3     
	2026-04-15  	11:27:49  	00:00:25  	         	44.8     	36.9     	27.9     	33.7     	28.3     	34.5     	37.5     	33.0     	35.4     	46.6     	55.2     	43.6     	53.0     	57.1     	52.3     	66.1     	68.2     	65.2     	68.4     	69.5     	60.9     	55.5     	50.6     	48.9     	52.6     	59.1     	57.4     	55.2     	51.7     	48.5     	47.0     	45.4     	39.5     	33.4     	32.6     	29.9     
	2026-04-15  	11:27:50  	00:00:26  	         	44.3     	33.9     	32.1     	41.1     	32.3     	34.1     	38.6     	50.6     	42.0     	50.9     	58.5     	55.7     	55.7     	58.0     	58.5     	64.7     	66.3     	64.1     	71.5     	61.3     	63.5     	52.4     	48.7     	49.3     	52.0     	56.7     	57.0     	54.8     	51.9     	49.2     	49.2     	46.3     	39.5     	33.8     	33.2     	30.0     
	2026-04-15  	11:27:51  	00:00:27  	         	39.0     	39.4     	33.5     	33.2     	31.5     	34.4     	40.4     	52.6     	47.5     	52.5     	61.1     	60.2     	58.8     	57.6     	62.0     	67.6     	69.2     	64.8     	60.7     	66.4     	60.0     	56.6     	54.3     	55.2     	57.6     	60.8     	58.9     	57.9     	53.6     	49.7     	47.9     	45.2     	38.8     	32.5     	31.5     	29.9     
	2026-04-15  	11:27:52  	00:00:28  	         	35.9     	36.9     	34.3     	33.2     	32.9     	37.9     	42.6     	58.9     	51.7     	55.0     	62.1     	55.8     	56.2     	61.0     	56.8     	64.7     	67.3     	64.9     	63.6     	62.8     	64.2     	55.5     	51.3     	52.5     	56.6     	57.8     	56.3     	53.8     	51.2     	49.4     	48.0     	45.1     	38.9     	33.3     	31.7     	29.9     
	2026-04-15  	11:27:53  	00:00:29  	         	44.8     	38.2     	37.8     	34.0     	31.9     	35.1     	35.6     	59.1     	41.0     	48.1     	54.1     	44.5     	54.1     	53.9     	53.1     	65.0     	71.3     	68.5     	65.6     	63.2     	66.4     	56.0     	51.8     	53.3     	55.1     	61.3     	60.7     	57.4     	54.9     	52.9     	50.5     	48.5     	42.3     	33.9     	32.5     	29.9     
	2026-04-15  	11:27:54  	00:00:30  	         	41.8     	39.0     	33.7     	34.0     	36.4     	34.3     	44.4     	55.2     	46.8     	50.8     	57.5     	48.9     	54.6     	57.4     	56.9     	66.4     	66.2     	67.4     	66.6     	60.5     	60.5     	60.0     	59.2     	54.9     	57.3     	60.8     	59.1     	56.7     	53.0     	51.4     	48.2     	44.5     	39.1     	34.2     	34.1     	30.2     
	2026-04-15  	11:27:55  	00:00:31  	         	41.8     	39.2     	36.9     	38.2     	34.1     	31.0     	38.5     	39.1     	41.0     	46.1     	59.1     	46.5     	50.9     	57.9     	50.8     	61.4     	65.1     	67.4     	66.4     	61.3     	58.4     	52.1     	56.9     	48.8     	47.8     	47.7     	47.5     	47.3     	46.4     	45.6     	43.1     	40.0     	34.9     	32.1     	32.6     	29.7     
	2026-04-15  	11:27:56  	00:00:32  	         	39.1     	39.9     	32.3     	36.8     	36.9     	33.6     	31.2     	33.4     	32.9     	44.7     	59.7     	46.1     	51.6     	60.9     	50.2     	62.5     	65.3     	69.2     	60.9     	57.3     	59.9     	55.7     	50.0     	48.6     	53.0     	52.4     	52.1     	51.3     	50.9     	48.7     	45.6     	43.4     	38.8     	35.5     	35.8     	30.5     
	2026-04-15  	11:27:57  	00:00:33  	         	40.9     	39.7     	37.0     	37.4     	34.2     	34.8     	46.4     	52.5     	48.3     	51.5     	60.7     	59.4     	55.4     	59.3     	64.2     	65.0     	67.0     	69.5     	68.2     	65.2     	67.5     	60.8     	57.5     	57.8     	57.2     	56.6     	55.7     	57.5     	52.6     	49.3     	47.6     	43.9     	39.0     	35.2     	34.5     	30.3     
	2026-04-15  	11:27:58  	00:00:34  	         	38.1     	35.8     	34.1     	34.4     	31.9     	41.4     	52.2     	55.6     	50.8     	52.9     	60.1     	58.1     	54.9     	59.3     	61.8     	66.6     	66.4     	63.8     	68.0     	63.1     	61.8     	53.4     	49.6     	51.9     	53.1     	52.5     	51.9     	51.4     	47.1     	46.5     	43.9     	40.2     	35.5     	31.7     	31.8     	29.6     
	2026-04-15  	11:27:59  	00:00:35  	         	41.6     	35.5     	33.2     	33.1     	32.2     	34.0     	37.4     	33.9     	36.8     	46.6     	58.9     	48.3     	50.9     	61.0     	52.7     	62.4     	64.9     	63.9     	59.9     	63.4     	55.8     	50.0     	48.0     	48.0     	49.6     	48.7     	48.6     	49.7     	48.9     	47.2     	43.6     	41.7     	36.0     	33.3     	34.0     	30.0     
	2026-04-15  	11:28:00  	00:00:36  	         	42.1     	37.5     	32.2     	35.3     	37.5     	28.9     	35.2     	34.1     	38.1     	43.5     	59.0     	54.9     	51.3     	61.1     	60.9     	66.1     	65.8     	65.2     	66.8     	67.9     	63.8     	57.0     	51.6     	52.7     	52.7     	53.2     	52.4     	51.4     	50.1     	48.2     	44.8     	42.5     	38.1     	35.6     	36.1     	30.8     
	2026-04-15  	11:28:01  	00:00:37  	         	41.2     	35.9     	32.2     	36.6     	37.4     	41.7     	52.7     	57.4     	52.7     	56.4     	59.4     	60.0     	58.3     	59.9     	67.3     	65.6     	67.2     	63.9     	67.3     	65.7     	65.2     	54.5     	51.8     	51.9     	51.5     	54.2     	53.3     	50.8     	48.7     	46.4     	44.1     	41.8     	36.4     	33.7     	33.6     	30.0     
	2026-04-15  	11:28:02  	00:00:38  	         	45.5     	40.0     	31.9     	38.3     	35.2     	38.4     	49.8     	53.9     	43.5     	47.0     	60.0     	48.7     	49.3     	58.1     	52.3     	64.3     	67.6     	63.1     	66.2     	69.1     	58.0     	54.9     	52.6     	52.3     	57.5     	58.3     	56.4     	56.1     	51.2     	48.9     	46.6     	44.6     	38.3     	33.9     	31.8     	29.6     
	2026-04-15  	11:28:03  	00:00:39  	         	44.5     	40.0     	35.2     	37.0     	35.2     	34.7     	34.9     	34.4     	38.0     	46.6     	58.1     	48.6     	51.4     	61.4     	53.7     	63.1     	67.4     	65.8     	68.7     	68.9     	60.9     	59.3     	56.1     	54.8     	54.0     	51.9     	53.1     	53.5     	50.8     	48.7     	46.3     	44.3     	39.7     	35.7     	35.5     	30.6     
	2026-04-15  	11:28:04  	00:00:40  	         	40.1     	33.2     	35.2     	35.6     	35.2     	36.5     	37.1     	35.1     	36.7     	45.1     	55.9     	56.7     	50.7     	59.3     	64.0     	65.6     	64.9     	64.5     	66.1     	62.3     	62.0     	56.7     	53.0     	51.6     	53.0     	52.0     	50.7     	51.0     	48.8     	46.8     	44.1     	41.3     	36.4     	33.8     	34.0     	30.1     
	2026-04-15  	11:28:05  	00:00:41  	         	40.2     	31.9     	36.2     	36.9     	35.4     	44.2     	49.4     	59.0     	56.3     	57.4     	61.7     	59.7     	57.5     	61.7     	64.3     	65.1     	67.9     	63.6     	66.4     	66.3     	60.6     	57.3     	53.4     	51.5     	55.2     	57.6     	57.8     	53.9     	51.2     	48.3     	46.2     	44.2     	38.9     	34.0     	33.4     	30.0     
	2026-04-15  	11:28:06  	00:00:42  	         	38.7     	38.8     	33.4     	35.3     	37.5     	35.1     	38.4     	42.8     	39.1     	45.4     	58.0     	48.2     	51.0     	60.3     	53.7     	64.3     	67.7     	65.7     	68.4     	69.9     	58.8     	56.8     	55.0     	54.4     	56.8     	56.1     	55.7     	54.6     	50.9     	50.2     	47.9     	44.1     	38.0     	33.9     	32.7     	29.8     
	2026-04-15  	11:28:07  	00:00:43  	         	39.8     	42.1     	34.8     	42.1     	45.2     	33.7     	36.7     	33.8     	36.6     	44.4     	58.9     	45.6     	50.4     	61.6     	52.9     	63.2     	72.1     	67.0     	66.8     	69.6     	61.6     	61.5     	56.2     	56.2     	58.5     	55.2     	56.9     	55.6     	54.3     	51.7     	48.4     	45.3     	39.7     	35.8     	35.6     	30.6     
	2026-04-15  	11:28:08  	00:00:44  	         	41.6     	39.3     	37.9     	39.8     	41.4     	35.8     	36.7     	35.2     	38.7     	43.7     	53.0     	59.2     	49.9     	56.5     	64.1     	67.3     	67.7     	62.5     	67.9     	66.1     	65.6     	57.2     	53.9     	52.2     	53.4     	54.0     	53.8     	53.8     	50.9     	49.8     	46.2     	42.9     	37.1     	34.2     	34.4     	30.3     
	2026-04-15  	11:28:09  	00:00:45  	         	38.7     	38.6     	33.9     	37.0     	40.6     	34.1     	42.5     	54.0     	50.9     	54.4     	62.0     	62.8     	58.7     	61.4     	64.0     	63.9     	66.4     	63.8     	64.6     	65.8     	60.2     	54.5     	50.6     	49.5     	51.1     	56.7     	56.3     	51.0     	49.2     	46.7     	43.9     	42.2     	36.0     	31.1     	30.1     	29.5     
	2026-04-15  	11:28:10  	00:00:46  	         	38.2     	29.1     	33.7     	39.4     	39.1     	37.9     	36.9     	42.3     	42.9     	50.0     	61.3     	58.6     	58.6     	56.3     	59.0     	66.2     	67.5     	69.5     	62.0     	61.9     	64.2     	54.2     	56.0     	52.0     	51.9     	58.6     	59.4     	56.5     	54.6     	48.4     	47.0     	45.1     	38.9     	31.2     	29.6     	29.3     
	2026-04-15  	11:28:11  	00:00:47  	         	40.1     	32.9     	33.7     	36.5     	32.6     	34.8     	37.7     	35.6     	39.1     	47.0     	58.7     	45.4     	51.8     	60.0     	50.7     	64.0     	67.7     	69.2     	68.3     	70.1     	64.7     	58.5     	56.9     	54.9     	57.3     	57.0     	55.8     	55.4     	51.4     	48.2     	45.4     	44.2     	38.5     	32.5     	31.8     	29.6     
	2026-04-15  	11:28:12  	00:00:48  	         	43.1     	33.2     	31.5     	34.5     	29.6     	33.0     	37.4     	35.8     	34.6     	42.3     	54.1     	49.2     	52.0     	55.9     	52.4     	63.7     	67.4     	66.7     	72.2     	68.6     	59.1     	56.0     	56.1     	53.6     	53.5     	57.4     	58.5     	56.4     	53.0     	51.1     	49.2     	47.7     	41.9     	34.3     	33.5     	30.1     
	2026-04-15  	11:28:13  	00:00:49  	         	46.8     	35.0     	36.7     	43.3     	41.1     	41.9     	42.6     	45.5     	47.0     	50.6     	60.5     	61.2     	58.3     	56.8     	59.6     	67.7     	67.6     	67.8     	68.9     	65.3     	59.1     	55.1     	54.1     	51.6     	52.7     	57.8     	56.8     	55.3     	52.1     	48.9     	47.6     	45.4     	39.3     	32.7     	31.4     	29.5     
	2026-04-15  	11:28:14  	00:00:50  	         	58.0     	46.5     	48.7     	55.1     	50.8     	42.3     	45.0     	50.7     	52.1     	56.8     	63.1     	56.1     	58.0     	56.8     	57.7     	63.9     	67.4     	67.4     	62.6     	63.1     	61.4     	55.6     	53.6     	51.7     	56.0     	60.2     	56.9     	55.1     	53.0     	49.0     	46.9     	45.1     	38.0     	33.3     	30.3     	29.4     
	2026-04-15  	11:28:15  	00:00:51  	         	44.9     	38.3     	35.1     	39.6     	31.6     	37.2     	38.8     	61.9     	45.2     	47.0     	55.4     	52.6     	54.5     	56.2     	53.6     	63.3     	65.1     	65.2     	65.0     	65.8     	63.2     	58.9     	56.5     	54.1     	59.5     	60.8     	57.6     	58.5     	53.4     	48.7     	47.4     	46.0     	38.7     	32.3     	31.1     	29.4     
	2026-04-15  	11:28:16  	00:00:52  	         	42.9     	37.1     	32.1     	34.2     	29.6     	32.5     	38.3     	43.2     	45.1     	47.4     	57.6     	61.2     	53.9     	53.6     	62.3     	64.7     	71.1     	67.0     	67.8     	65.2     	59.5     	58.8     	54.5     	53.7     	55.9     	58.3     	58.9     	58.3     	55.9     	52.8     	50.4     	47.7     	40.5     	34.0     	32.7     	30.0     
	2026-04-15  	11:28:17  	00:00:53  	         	44.6     	35.4     	36.7     	30.2     	35.2     	35.9     	40.2     	43.6     	44.4     	51.4     	60.1     	59.7     	58.9     	56.8     	60.5     	66.8     	68.8     	66.4     	66.3     	64.0     	59.4     	56.2     	53.3     	53.8     	56.1     	56.4     	58.0     	56.5     	53.4     	50.3     	48.4     	46.2     	40.9     	33.3     	32.5     	29.9     
	2026-04-15  	11:28:18  	00:00:54  	         	43.4     	34.3     	32.6     	34.1     	34.7     	36.4     	39.2     	39.3     	39.0     	44.9     	61.0     	51.4     	53.1     	55.4     	52.2     	65.6     	69.2     	63.9     	64.5     	68.6     	60.0     	58.0     	52.8     	56.7     	57.4     	56.3     	56.4     	58.1     	52.5     	49.6     	48.2     	45.0     	39.2     	32.1     	30.7     	29.5     
	2026-04-15  	11:28:19  	00:00:55  	         	45.9     	26.4     	34.3     	33.5     	31.4     	30.1     	38.1     	37.1     	36.5     	48.3     	54.6     	45.0     	54.3     	58.2     	51.6     	64.9     	66.8     	65.1     	71.8     	68.9     	62.2     	59.0     	56.9     	53.7     	51.5     	53.4     	56.9     	56.7     	51.0     	48.7     	46.2     	44.8     	39.4     	32.8     	32.5     	29.9     
	2026-04-15  	11:28:20  	00:00:56  	         	42.4     	40.4     	33.9     	34.9     	36.6     	40.4     	48.8     	56.8     	53.8     	57.1     	60.9     	60.6     	60.0     	59.1     	62.7     	63.8     	66.9     	62.9     	68.7     	64.3     	56.0     	55.4     	56.3     	54.9     	55.0     	59.7     	62.1     	55.9     	52.1     	48.2     	44.8     	42.9     	36.0     	32.7     	32.3     	29.8     
	2026-04-15  	11:28:21  	00:00:57  	         	42.9     	33.7     	32.8     	37.1     	36.2     	35.0     	39.8     	44.2     	43.5     	51.0     	59.1     	58.4     	58.2     	56.8     	59.3     	67.3     	65.8     	66.2     	65.5     	65.7     	63.0     	58.4     	54.5     	55.9     	59.1     	58.6     	58.3     	56.4     	52.3     	51.7     	48.4     	45.7     	40.5     	33.4     	31.5     	29.7     
	2026-04-15  	11:28:22  	00:00:58  	         	62.2     	60.1     	65.2     	69.5     	75.6     	62.0     	50.7     	62.1     	52.1     	55.9     	63.4     	56.4     	56.6     	59.2     	62.7     	66.3     	66.0     	67.2     	66.9     	66.2     	64.6     	59.4     	54.7     	52.6     	56.0     	55.9     	57.4     	54.0     	50.2     	48.2     	45.4     	42.3     	36.1     	31.6     	31.4     	29.6     
	2026-04-15  	11:28:23  	00:00:59  	         	65.6     	55.5     	57.3     	66.2     	67.8     	41.4     	39.8     	48.1     	38.5     	44.3     	57.7     	61.5     	52.3     	57.5     	64.8     	62.1     	62.3     	66.4     	68.4     	63.2     	62.9     	55.3     	52.2     	54.7     	55.4     	56.4     	57.5     	52.5     	49.0     	47.0     	46.5     	45.5     	39.8     	34.0     	33.8     	30.0     
	2026-04-15  	11:28:24  	00:01:00  	         	49.9     	41.0     	37.7     	45.9     	35.1     	37.8     	46.3     	51.4     	47.9     	52.2     	60.5     	61.1     	57.7     	57.9     	62.6     	66.7     	66.9     	65.4     	66.9     	67.0     	62.6     	61.2     	57.3     	58.2     	57.2     	59.8     	58.2     	56.3     	51.3     	50.5     	47.4     	44.3     	39.7     	32.1     	31.2     	29.7     
	2026-04-15  	11:28:25  	00:01:01  	         	47.3     	36.7     	38.1     	38.0     	35.6     	38.5     	40.5     	44.0     	45.3     	50.7     	63.2     	57.4     	58.7     	60.1     	58.7     	64.9     	67.7     	66.8     	65.9     	67.1     	61.9     	55.8     	51.8     	50.3     	53.5     	57.3     	57.5     	54.7     	51.0     	49.9     	45.5     	43.5     	37.3     	31.2     	30.2     	29.3     
	2026-04-15  	11:28:26  	00:01:02  	         	39.9     	35.1     	32.4     	40.4     	36.1     	36.4     	39.7     	37.0     	37.0     	47.8     	54.8     	44.3     	55.2     	60.2     	58.3     	62.5     	66.8     	69.1     	66.1     	64.4     	64.8     	60.8     	57.0     	52.8     	60.6     	59.1     	58.5     	57.2     	52.4     	50.3     	48.5     	46.9     	39.8     	32.4     	30.8     	29.4     
	2026-04-15  	11:28:27  	00:01:03  	         	39.8     	39.0     	32.5     	37.5     	31.5     	33.6     	38.9     	52.5     	46.5     	53.9     	60.9     	57.8     	57.0     	56.7     	58.2     	59.5     	66.1     	66.1     	63.5     	63.8     	63.1     	59.1     	53.7     	50.9     	56.8     	59.0     	59.2     	56.5     	52.7     	50.3     	47.9     	46.0     	40.9     	34.7     	33.5     	29.9     
	2026-04-15  	11:28:28  	00:01:04  	         	37.2     	40.2     	37.1     	41.5     	32.9     	37.3     	42.3     	48.2     	45.6     	52.0     	60.1     	59.6     	58.6     	56.7     	59.0     	67.4     	67.0     	67.3     	64.8     	64.1     	64.3     	57.8     	52.1     	53.9     	56.9     	60.4     	59.1     	57.5     	53.5     	50.0     	48.0     	45.3     	40.4     	33.5     	31.3     	29.6     
	2026-04-15  	11:28:29  	00:01:05  	         	39.4     	34.5     	32.2     	41.6     	35.7     	31.1     	42.1     	60.9     	52.7     	55.2     	62.2     	53.8     	56.8     	57.5     	56.8     	63.4     	67.4     	65.6     	63.6     	62.6     	62.6     	58.8     	57.4     	58.4     	56.8     	55.6     	57.2     	55.1     	51.8     	49.5     	46.8     	43.8     	38.0     	32.1     	30.2     	29.3     
	2026-04-15  	11:28:30  	00:01:06  	         	43.8     	37.8     	36.9     	38.5     	31.8     	35.4     	35.7     	58.0     	40.8     	47.2     	53.6     	54.0     	53.7     	60.3     	56.7     	66.5     	68.3     	66.3     	66.9     	67.5     	62.8     	57.3     	53.3     	54.5     	56.2     	58.5     	57.5     	56.1     	51.9     	48.3     	47.0     	45.6     	40.1     	33.3     	32.8     	29.8     
	2026-04-15  	11:28:31  	00:01:07  	         	44.0     	38.9     	33.8     	37.3     	35.6     	45.6     	52.5     	57.0     	55.9     	57.4     	59.7     	62.5     	59.2     	59.4     	62.4     	62.8     	68.0     	63.5     	64.8     	61.2     	62.6     	52.7     	49.4     	49.6     	50.4     	57.4     	57.0     	54.2     	54.6     	51.4     	48.9     	48.6     	42.4     	33.9     	32.8     	30.0     
	2026-04-15  	11:28:32  	00:01:08  	         	44.9     	37.8     	35.9     	36.7     	36.3     	43.8     	45.5     	47.4     	44.3     	52.3     	60.2     	58.8     	57.9     	55.2     	59.0     	66.1     	68.5     	66.1     	61.3     	66.1     	61.8     	60.8     	55.6     	56.8     	59.3     	58.6     	57.8     	57.0     	53.5     	49.4     	47.0     	45.0     	38.8     	31.2     	29.7     	29.4     
	2026-04-15  	11:28:33  	00:01:09  	         	42.4     	38.9     	35.6     	36.2     	30.0     	31.7     	30.8     	38.9     	41.6     	48.3     	62.4     	49.8     	55.7     	57.7     	58.4     	67.6     	69.3     	66.2     	68.6     	66.8     	60.2     	56.8     	51.5     	49.0     	52.8     	58.9     	58.9     	54.3     	51.0     	49.6     	48.4     	45.3     	38.4     	32.6     	32.0     	29.6     
	2026-04-15  	11:28:34  	00:01:10  	         	41.7     	38.2     	37.6     	33.4     	36.2     	34.5     	31.8     	34.6     	34.6     	46.7     	54.5     	46.5     	55.2     	59.4     	58.7     	62.9     	67.0     	66.8     	67.2     	67.7     	61.9     	56.4     	51.9     	54.1     	53.9     	56.6     	58.6     	57.0     	53.1     	51.0     	48.5     	47.3     	41.1     	34.1     	33.7     	29.9     
	2026-04-15  	11:28:35  	00:01:11  	         	43.6     	37.4     	30.2     	39.7     	39.5     	43.2     	51.9     	57.7     	57.9     	58.9     	61.2     	61.2     	59.8     	60.8     	63.0     	65.7     	68.7     	67.1     	63.4     	65.2     	58.9     	56.9     	53.9     	54.0     	55.6     	57.8     	56.1     	54.8     	53.2     	51.0     	49.5     	48.0     	42.2     	33.6     	32.1     	30.2     
	2026-04-15  	11:28:36  	00:01:12  	         	44.8     	34.6     	33.3     	40.8     	36.2     	34.5     	41.3     	43.0     	43.6     	51.6     	62.8     	58.2     	59.2     	61.9     	60.2     	65.9     	67.0     	65.8     	63.5     	66.2     	59.3     	59.6     	54.2     	52.7     	56.8     	55.1     	54.6     	54.5     	52.1     	50.5     	49.2     	46.0     	40.2     	32.1     	30.2     	29.7     
	2026-04-15  	11:28:37  	00:01:13  	         	39.6     	38.8     	35.8     	35.3     	30.1     	35.7     	43.7     	62.4     	52.0     	54.6     	58.4     	55.7     	57.7     	60.0     	62.8     	67.1     	68.2     	68.4     	70.2     	67.7     	61.7     	56.8     	51.5     	50.7     	52.1     	55.7     	56.6     	54.3     	51.4     	49.3     	45.8     	44.3     	38.7     	32.4     	32.2     	29.6     
	2026-04-15  	11:28:38  	00:01:14  	         	43.9     	33.9     	35.0     	35.2     	34.2     	35.0     	43.4     	52.2     	45.1     	49.8     	58.5     	60.4     	56.8     	58.6     	66.5     	62.5     	66.6     	64.9     	67.0     	62.9     	60.9     	59.0     	56.2     	54.7     	57.1     	58.9     	58.7     	55.9     	51.7     	49.6     	46.9     	44.1     	38.8     	34.5     	34.0     	30.1     
	2026-04-15  	11:28:39  	00:01:15  	         	41.3     	39.9     	28.6     	36.4     	31.1     	38.6     	45.4     	51.6     	45.3     	45.6     	60.3     	46.8     	49.6     	61.6     	50.9     	64.2     	65.5     	67.1     	65.1     	63.4     	59.9     	56.4     	52.8     	56.3     	56.0     	57.5     	52.8     	53.4     	49.7     	48.0     	45.4     	40.9     	35.6     	31.7     	31.4     	29.5     
	2026-04-15  	11:28:40  	00:01:16  	         	42.2     	41.8     	34.1     	37.2     	30.0     	32.5     	29.8     	35.4     	40.2     	47.6     	59.5     	48.2     	52.6     	61.2     	53.8     	61.3     	64.7     	67.0     	63.5     	61.7     	55.9     	52.5     	46.7     	50.0     	54.1     	52.9     	50.1     	50.3     	49.3     	48.5     	44.9     	43.1     	38.4     	35.1     	35.6     	30.6     
	2026-04-15  	11:28:41  	00:01:17  	         	43.2     	32.7     	34.2     	36.2     	32.6     	35.6     	34.6     	42.6     	43.2     	50.6     	57.6     	57.1     	53.4     	59.9     	64.1     	65.7     	67.0     	68.8     	65.9     	65.9     	65.2     	59.7     	55.9     	56.2     	57.6     	57.7     	56.2     	56.7     	52.6     	50.5     	48.4     	45.6     	41.1     	35.9     	34.6     	30.3     
	2026-04-15  	11:28:42  	00:01:18  	         	43.6     	35.7     	34.6     	39.5     	35.4     	42.2     	54.5     	60.0     	51.6     	55.8     	59.7     	60.3     	55.7     	58.7     	66.7     	66.5     	68.1     	65.1     	67.7     	63.4     	62.3     	58.6     	56.1     	56.9     	56.5     	54.6     	53.6     	52.0     	48.8     	47.9     	45.1     	41.9     	36.7     	33.0     	32.6     	29.8     
	2026-04-15  	11:28:43  	00:01:19  	         	38.7     	37.0     	34.5     	34.5     	32.1     	30.5     	40.3     	37.5     	39.6     	46.2     	59.4     	48.2     	51.1     	58.4     	49.9     	63.1     	64.9     	62.7     	62.1     	59.9     	54.3     	50.7     	46.8     	44.8     	46.5     	49.1     	47.7     	48.2     	45.9     	46.4     	42.9     	40.6     	35.6     	32.1     	32.3     	29.7     
	2026-04-15  	11:28:44  	00:01:20  	         	39.9     	41.9     	34.2     	31.6     	34.2     	40.3     	51.2     	57.6     	54.6     	58.2     	62.8     	53.7     	56.9     	63.2     	61.6     	64.0     	66.6     	65.0     	63.1     	65.4     	57.3     	52.9     	49.8     	53.7     	54.2     	53.8     	54.0     	51.8     	48.7     	47.2     	43.3     	41.2     	37.1     	34.7     	35.0     	30.4     
	2026-04-15  	11:28:45  	00:01:21  	         	40.7     	33.3     	31.9     	35.8     	33.1     	31.8     	36.0     	38.1     	37.5     	44.9     	53.3     	60.9     	50.2     	58.1     	61.6     	66.0     	67.4     	60.7     	63.1     	60.3     	60.5     	53.4     	51.9     	52.2     	55.4     	55.3     	50.4     	50.8     	48.7     	47.7     	45.4     	42.6     	37.8     	34.6     	34.3     	30.2     
	2026-04-15  	11:28:46  	00:01:22  	         	46.0     	34.4     	35.1     	38.0     	35.9     	41.2     	50.1     	56.5     	51.5     	53.7     	60.8     	55.4     	53.6     	63.3     	63.1     	65.1     	67.6     	64.5     	67.8     	69.0     	58.5     	58.6     	54.7     	54.2     	57.4     	59.5     	59.0     	56.8     	51.3     	48.8     	46.2     	44.4     	39.7     	34.0     	32.2     	29.7     
	2026-04-15  	11:28:47  	00:01:23  	         	46.8     	40.8     	34.9     	34.3     	29.2     	35.3     	33.8     	33.4     	38.4     	47.4     	58.0     	48.5     	50.4     	61.5     	49.6     	63.9     	69.7     	64.6     	70.3     	69.5     	62.6     	63.2     	55.3     	55.2     	55.3     	53.4     	54.2     	52.8     	50.4     	49.2     	47.3     	44.1     	38.7     	34.8     	33.8     	30.1     
	2026-04-15  	11:28:48  	00:01:24  	         	40.8     	38.5     	31.9     	28.2     	29.8     	35.4     	34.5     	36.0     	35.1     	44.0     	58.1     	51.1     	49.3     	56.8     	55.9     	66.2     	64.6     	62.1     	62.7     	59.2     	59.6     	54.8     	51.8     	53.5     	55.5     	53.5     	52.3     	53.0     	49.9     	48.4     	44.2     	42.5     	38.3     	35.7     	35.6     	30.5     
	2026-04-15  	11:28:49  	00:01:25  	         	43.9     	31.2     	27.6     	33.1     	32.4     	34.5     	38.1     	48.2     	49.4     	48.0     	58.8     	63.0     	56.7     	60.9     	64.4     	65.0     	66.7     	62.3     	65.3     	65.6     	62.1     	54.1     	54.8     	56.4     	54.6     	57.0     	56.0     	52.6     	49.7     	48.2     	45.3     	43.1     	37.3     	33.7     	33.1     	29.9     
	2026-04-15  	11:28:50  	00:01:26  	         	39.7     	36.2     	26.4     	30.7     	34.2     	39.8     	47.5     	54.6     	47.3     	48.1     	59.2     	46.8     	49.8     	62.9     	58.3     	64.8     	66.7     	62.9     	69.5     	68.4     	59.6     	58.8     	53.9     	54.5     	58.4     	58.2     	58.1     	55.5     	50.9     	48.8     	47.1     	43.6     	38.2     	33.5     	31.5     	29.5     
	2026-04-15  	11:28:51  	00:01:27  	         	43.6     	39.9     	32.2     	36.0     	34.5     	33.1     	31.7     	35.8     	37.7     	46.1     	59.2     	48.0     	53.2     	57.9     	51.0     	61.9     	66.8     	65.4     	67.7     	70.5     	62.2     	62.3     	56.8     	55.3     	60.0     	54.8     	56.5     	55.6     	52.6     	49.2     	47.4     	44.0     	39.3     	35.6     	35.1     	30.4     
	2026-04-15  	11:28:52  	00:01:28  	         	41.8     	39.3     	30.2     	34.2     	31.3     	33.6     	34.7     	34.5     	37.5     	45.8     	55.6     	55.1     	51.6     	59.5     	60.6     	67.7     	72.6     	66.1     	65.6     	61.7     	60.3     	59.4     	57.7     	57.7     	58.3     	58.7     	57.8     	57.4     	55.7     	54.8     	50.7     	48.2     	41.1     	34.9     	34.1     	30.3     
	2026-04-15  	11:28:53  	00:01:29  	         	44.0     	39.4     	38.2     	34.0     	33.8     	36.7     	48.5     	55.0     	47.7     	52.7     	58.2     	61.3     	55.4     	60.5     	63.6     	65.6     	68.9     	65.9     	66.3     	61.3     	59.6     	59.5     	57.9     	57.2     	60.1     	61.0     	58.9     	58.0     	53.3     	51.9     	49.4     	45.0     	39.6     	34.6     	33.9     	30.2     
	2026-04-15  	11:28:54  	00:01:30  	         	42.7     	43.2     	34.4     	36.2     	32.0     	31.2     	44.4     	39.6     	40.6     	46.7     	58.8     	47.8     	50.5     	56.5     	51.8     	64.1     	66.4     	69.1     	67.1     	64.2     	64.8     	62.6     	61.3     	55.0     	61.0     	61.6     	59.5     	57.4     	51.8     	51.4     	47.9     	42.9     	37.4     	33.8     	32.8     	29.9     
	2026-04-15  	11:28:55  	00:01:31  	         	37.6     	40.6     	37.5     	36.4     	31.6     	33.4     	42.5     	62.5     	54.3     	56.8     	60.7     	52.2     	57.7     	62.1     	54.2     	62.6     	65.4     	66.6     	60.3     	58.6     	56.8     	52.2     	48.7     	51.3     	54.6     	52.8     	51.8     	51.5     	48.9     	47.2     	44.4     	42.4     	37.5     	34.8     	35.0     	30.4     
	2026-04-15  	11:28:56  	00:01:32  	         	40.5     	40.7     	36.4     	35.1     	33.2     	32.9     	38.1     	55.3     	44.5     	48.6     	54.9     	57.7     	52.4     	58.6     	65.8     	64.5     	65.5     	67.0     	67.4     	63.2     	66.9     	59.0     	56.7     	59.1     	59.5     	60.4     	56.7     	57.4     	52.9     	50.5     	49.4     	45.9     	39.8     	35.2     	34.3     	30.3     
	2026-04-15  	11:28:57  	00:01:33  	         	35.9     	34.3     	35.4     	35.4     	33.0     	41.8     	53.5     	57.6     	50.0     	53.5     	60.3     	57.7     	56.3     	59.0     	63.0     	65.3     	66.0     	64.2     	66.4     	62.4     	63.5     	54.3     	52.1     	56.0     	53.4     	54.4     	51.5     	50.7     	48.3     	47.0     	43.1     	41.2     	36.0     	31.7     	31.5     	29.6     
	2026-04-15  	11:28:58  	00:01:34  	         	38.4     	32.9     	36.7     	34.0     	26.6     	35.3     	34.1     	34.3     	38.9     	47.5     	59.1     	47.4     	51.2     	61.5     	50.2     	60.4     	63.6     	63.5     	61.4     	56.6     	55.8     	53.6     	47.4     	47.7     	49.3     	50.4     	50.4     	50.0     	48.4     	47.7     	44.2     	41.3     	36.2     	33.3     	33.7     	29.9     
	2026-04-15  	11:28:59  	00:01:35  	         	41.1     	37.7     	32.2     	35.3     	32.6     	33.5     	31.1     	28.9     	35.7     	43.2     	58.0     	43.6     	50.0     	58.4     	51.1     	62.0     	65.5     	62.7     	59.6     	54.0     	57.6     	55.2     	54.8     	55.4     	56.2     	54.7     	51.3     	49.5     	47.9     	47.1     	43.6     	41.7     	37.3     	34.8     	34.8     	30.3     
	2026-04-15  	11:29:00  	00:01:36  	         	42.1     	37.1     	34.1     	35.0     	30.0     	35.2     	51.9     	56.3     	51.0     	52.4     	57.2     	61.5     	58.1     	61.3     	65.7     	65.5     	67.0     	62.3     	65.1     	64.7     	60.5     	55.1     	57.3     	56.6     	56.1     	56.7     	53.0     	51.6     	49.5     	47.8     	45.0     	42.7     	37.8     	34.1     	33.6     	30.1     
	2026-04-15  	11:29:01  	00:01:37  	         	41.4     	37.2     	34.8     	35.0     	36.7     	43.9     	54.0     	56.8     	50.1     	54.1     	61.9     	50.7     	55.5     	63.0     	59.4     	64.4     	67.2     	68.3     	67.6     	68.9     	58.1     	57.5     	54.0     	54.1     	55.9     	59.4     	58.5     	55.6     	52.3     	48.6     	46.8     	44.0     	38.5     	33.9     	32.5     	29.7     
	2026-04-15  	11:29:02  	00:01:38  	         	34.3     	33.1     	36.3     	34.6     	32.9     	31.6     	31.7     	33.6     	40.5     	47.5     	59.2     	47.6     	52.4     	56.4     	52.5     	63.7     	69.0     	65.5     	69.1     	67.9     	62.1     	59.6     	55.3     	55.7     	54.3     	51.4     	51.5     	53.0     	50.0     	48.3     	45.3     	43.8     	39.8     	35.9     	34.9     	30.3     
	2026-04-15  	11:29:03  	00:01:39  	         	38.3     	34.3     	33.9     	38.7     	32.3     	30.5     	34.2     	33.0     	37.1     	45.2     	57.1     	55.6     	51.6     	60.7     	63.9     	66.1     	65.3     	63.6     	62.6     	62.8     	61.1     	54.6     	54.1     	57.8     	57.4     	52.7     	49.4     	50.8     	49.2     	47.6     	43.7     	42.0     	36.9     	34.0     	33.8     	30.1     
	2026-04-15  	11:29:04  	00:01:40  	         	35.6     	38.3     	35.2     	39.3     	29.9     	36.6     	49.8     	54.8     	46.8     	52.6     	58.4     	62.2     	57.7     	63.3     	65.8     	64.5     	67.9     	66.1     	68.9     	65.7     	59.2     	55.3     	55.1     	55.5     	57.1     	57.9     	58.8     	53.8     	49.6     	48.5     	45.9     	43.2     	37.7     	33.6     	33.0     	29.9     
	2026-04-15  	11:29:05  	00:01:41  	         	43.3     	36.0     	33.8     	34.5     	32.3     	36.1     	44.9     	46.6     	40.5     	44.7     	59.0     	46.5     	49.5     	62.2     	51.9     	64.7     	67.7     	63.5     	70.7     	67.3     	57.2     	57.0     	51.8     	51.0     	57.4     	60.5     	59.4     	56.7     	51.9     	49.7     	48.1     	45.6     	39.6     	33.8     	32.0     	29.7     
	2026-04-15  	11:29:06  	00:01:42  	         	41.7     	34.0     	33.8     	33.9     	28.4     	32.6     	35.8     	36.0     	40.3     	46.8     	60.0     	48.5     	53.5     	58.6     	52.3     	64.8     	68.7     	69.0     	70.3     	71.0     	61.7     	61.9     	57.2     	56.2     	61.6     	55.6     	57.7     	55.0     	51.8     	49.3     	45.6     	42.8     	38.8     	36.3     	35.5     	30.5     
	2026-04-15  	11:29:07  	00:01:43  	         	43.7     	41.8     	38.1     	36.3     	31.7     	34.7     	33.3     	38.0     	46.8     	53.6     	54.8     	59.5     	59.2     	60.2     	67.7     	66.2     	66.0     	62.0     	62.8     	62.4     	63.1     	58.4     	58.3     	56.4     	59.5     	59.7     	56.6     	56.1     	53.3     	50.6     	46.7     	44.0     	37.4     	33.7     	33.7     	30.1     
	2026-04-15  	11:29:08  	00:01:44  	         	42.4     	36.1     	34.2     	35.1     	36.5     	38.6     	48.1     	56.2     	48.8     	53.0     	57.3     	60.7     	55.1     	58.1     	64.0     	64.8     	64.1     	60.9     	63.9     	66.1     	65.1     	61.6     	55.0     	55.9     	57.1     	58.3     	53.7     	51.3     	48.7     	48.3     	44.1     	41.2     	34.8     	31.1     	31.1     	29.5     
	2026-04-15  	11:29:09  	00:01:45  	         	45.8     	41.4     	32.8     	38.6     	35.0     	33.0     	36.1     	35.4     	29.5     	30.6     	35.4     	37.5     	37.8     	43.8     	47.0     	62.2     	64.3     	57.7     	56.7     	49.0     	50.1     	48.3     	43.5     	44.2     	46.4     	47.8     	48.5     	49.1     	47.1     	46.7     	43.8     	40.6     	35.3     	32.0     	32.0     	29.7     
	2026-04-15  	11:29:10  	00:01:46  	         	36.7     	33.7     	29.1     	37.2     	31.1     	33.3     	33.7     	30.7     	31.4     	36.7     	38.5     	36.1     	37.7     	40.8     	49.2     	62.6     	63.2     	61.2     	61.9     	63.0     	65.3     	53.6     	53.1     	51.3     	51.1     	50.8     	51.2     	49.3     	48.3     	47.3     	43.9     	42.1     	37.7     	35.4     	35.7     	30.5     
	2026-04-15  	11:29:11  	00:01:47  	         	45.0     	40.4     	32.6     	37.3     	33.1     	26.7     	32.6     	35.4     	42.3     	45.6     	52.4     	45.5     	49.7     	52.9     	54.9     	65.7     	69.3     	64.3     	68.2     	58.6     	63.7     	61.9     	57.7     	59.9     	58.5     	55.6     	55.5     	54.7     	52.2     	51.3     	48.6     	45.7     	39.9     	35.0     	34.3     	30.2     
	2026-04-15  	11:29:12  	00:01:48  	         	42.6     	37.8     	32.9     	34.0     	31.7     	37.8     	51.0     	55.8     	46.9     	52.5     	53.7     	44.5     	52.1     	52.1     	54.5     	61.4     	63.0     	60.7     	69.2     	65.2     	60.1     	58.9     	53.7     	55.4     	56.9     	54.1     	52.0     	51.7     	47.9     	47.5     	43.1     	41.0     	35.7     	32.0     	32.1     	29.7     
	2026-04-15  	11:29:13  	00:01:49  	         	43.6     	30.1     	29.5     	32.3     	28.8     	30.5     	34.1     	34.2     	31.4     	34.1     	39.3     	41.4     	42.6     	45.2     	51.3     	64.4     	68.6     	65.9     	63.1     	56.6     	54.5     	53.1     	57.6     	54.4     	53.5     	54.1     	53.8     	53.4     	52.1     	50.4     	47.2     	44.2     	39.1     	35.5     	35.2     	30.4     
	2026-04-15  	11:29:14  	00:01:50  	         	45.0     	39.2     	34.0     	35.7     	32.2     	33.5     	33.3     	33.1     	33.6     	35.3     	40.4     	43.3     	43.6     	51.2     	54.3     	67.1     	70.2     	71.0     	65.8     	61.0     	60.4     	58.2     	57.4     	59.9     	55.6     	55.5     	56.6     	55.3     	54.9     	54.4     	50.5     	47.1     	41.2     	35.2     	34.6     	30.4     
	2026-04-15  	11:29:15  	00:01:51  	         	34.6     	39.8     	35.8     	31.9     	35.1     	37.6     	44.2     	54.9     	48.9     	53.5     	60.5     	59.8     	56.5     	61.4     	61.9     	62.6     	65.0     	65.3     	63.4     	58.2     	57.7     	57.8     	57.1     	61.6     	53.8     	52.0     	54.1     	48.8     	47.5     	46.4     	42.6     	40.4     	36.0     	33.2     	33.4     	29.9     
	2026-04-15  	11:29:16  	00:01:52  	         	40.3     	35.4     	31.7     	31.0     	31.0     	34.8     	42.3     	49.9     	43.9     	46.8     	53.3     	60.4     	48.2     	53.3     	60.4     	66.0     	65.3     	65.1     	60.8     	59.3     	58.8     	58.6     	54.1     	60.6     	53.9     	52.7     	54.5     	50.4     	49.9     	49.6     	47.2     	45.2     	39.6     	32.3     	32.0     	29.7     
	2026-04-15  	11:29:17  	00:01:53  	         	46.2     	26.9     	30.3     	32.3     	34.2     	35.1     	32.0     	34.9     	39.9     	43.9     	57.2     	53.1     	51.0     	55.2     	55.1     	65.3     	69.1     	65.4     	62.2     	59.9     	63.9     	57.9     	52.1     	61.3     	55.9     	53.0     	57.0     	52.3     	50.1     	49.1     	46.6     	44.5     	39.4     	35.9     	35.7     	30.6     
	2026-04-15  	11:29:18  	00:01:54  	         	39.8     	34.3     	35.5     	38.1     	33.0     	35.9     	36.7     	38.6     	37.0     	47.6     	55.7     	45.8     	55.3     	59.1     	53.2     	66.6     	67.3     	66.4     	66.0     	61.2     	62.5     	57.7     	53.9     	60.7     	52.9     	52.3     	53.7     	52.2     	50.5     	49.4     	47.6     	44.0     	39.4     	34.6     	34.4     	30.4     
	2026-04-15  	11:29:19  	00:01:55  	         	35.3     	36.7     	35.8     	37.3     	27.8     	37.3     	47.7     	55.5     	49.6     	54.0     	59.3     	60.8     	56.0     	58.1     	61.2     	66.7     	66.3     	62.9     	58.4     	62.5     	59.5     	60.1     	56.9     	53.6     	59.4     	57.0     	58.1     	55.0     	53.4     	52.7     	50.6     	50.6     	45.5     	34.6     	31.6     	29.8     
	2026-04-15  	11:29:20  	00:01:56  	         	40.3     	35.5     	28.4     	34.3     	31.1     	30.3     	34.7     	36.0     	38.2     	43.8     	54.3     	60.2     	52.9     	55.5     	62.3     	64.9     	65.2     	64.2     	63.9     	69.2     	59.9     	57.7     	52.6     	53.2     	59.3     	53.4     	57.5     	53.6     	50.1     	48.7     	48.0     	44.5     	39.8     	32.7     	32.3     	30.0     
	2026-04-15  	11:29:21  	00:01:57  	         	37.3     	39.6     	36.5     	37.1     	31.3     	33.2     	35.4     	34.9     	37.0     	46.6     	58.2     	47.8     	53.2     	61.9     	52.3     	65.1     	68.7     	68.6     	70.7     	63.5     	61.0     	61.1     	53.0     	55.0     	58.4     	54.3     	56.6     	55.6     	50.0     	49.4     	48.5     	45.5     	40.5     	35.8     	35.3     	30.5     
	2026-04-15  	11:29:22  	00:01:58  	         	40.9     	35.7     	32.1     	32.1     	34.7     	33.3     	32.5     	33.2     	35.7     	46.1     	51.8     	59.3     	53.3     	55.8     	60.3     	65.3     	66.9     	63.1     	66.9     	66.9     	60.7     	62.1     	56.7     	52.7     	60.6     	57.0     	56.1     	53.8     	51.0     	49.9     	48.3     	46.1     	40.6     	34.4     	33.8     	30.5     
	2026-04-15  	11:29:23  	00:01:59  	         	45.1     	36.6     	31.2     	32.6     	33.3     	42.3     	51.0     	54.1     	48.9     	53.6     	57.5     	60.3     	54.2     	56.2     	62.7     	65.6     	66.9     	65.5     	63.5     	65.4     	62.6     	63.8     	54.0     	51.9     	56.4     	58.9     	55.7     	53.6     	50.5     	49.6     	47.6     	45.3     	38.8     	32.6     	32.3     	29.7     
	2026-04-15  	11:29:24  	00:02:00  	         	44.7     	33.1     	29.7     	33.9     	31.4     	34.6     	32.0     	37.4     	38.0     	44.1     	55.4     	58.1     	54.3     	61.4     	60.5     	66.1     	67.0     	73.5     	67.9     	64.0     	60.0     	59.9     	51.2     	52.1     	53.6     	53.6     	54.5     	52.1     	50.1     	49.0     	46.8     	44.5     	38.3     	33.2     	33.2     	30.1     
	2026-04-15  	11:29:25  	00:02:01  	         	40.5     	39.1     	37.2     	36.4     	32.4     	33.5     	34.8     	35.0     	37.1     	47.2     	56.2     	46.1     	52.8     	57.8     	52.8     	66.1     	67.4     	65.9     	70.0     	68.3     	63.2     	60.0     	54.3     	57.8     	57.7     	54.7     	56.2     	52.9     	50.2     	49.2     	47.5     	44.6     	39.6     	35.6     	35.3     	30.6     
	2026-04-15  	11:29:26  	00:02:02  	         	42.6     	37.8     	33.0     	35.2     	30.2     	38.2     	45.9     	44.2     	52.2     	53.2     	57.5     	57.7     	57.9     	58.1     	57.7     	62.9     	66.9     	63.4     	65.5     	68.0     	61.1     	61.1     	55.9     	54.3     	59.7     	56.3     	58.2     	55.3     	52.3     	50.9     	49.2     	47.6     	41.2     	34.1     	33.4     	30.2     
	2026-04-15  	11:29:27  	00:02:03  	         	33.4     	34.5     	32.6     	34.2     	34.9     	42.9     	52.2     	48.9     	48.0     	45.8     	53.5     	61.3     	51.6     	51.6     	58.3     	66.0     	66.5     	65.3     	60.9     	63.4     	67.8     	58.8     	54.8     	52.7     	58.1     	58.8     	58.0     	53.9     	49.5     	47.9     	47.2     	43.7     	38.5     	32.1     	30.9     	29.7     
	2026-04-15  	11:29:28  	00:02:04  	         	38.7     	34.4     	36.0     	32.7     	34.6     	33.6     	37.9     	40.5     	49.2     	55.4     	58.8     	56.7     	62.0     	63.0     	59.6     	65.0     	67.1     	66.3     	67.0     	63.4     	59.4     	61.8     	51.8     	53.3     	61.4     	53.1     	56.5     	52.7     	50.0     	48.6     	45.5     	44.3     	39.8     	34.9     	34.5     	30.3     
	2026-04-15  	11:29:29  	00:02:05  	         	42.7     	39.7     	31.6     	36.4     	32.1     	33.4     	37.0     	43.8     	49.7     	58.1     	56.6     	56.3     	62.0     	63.2     	60.1     	66.2     	63.7     	65.2     	69.9     	62.1     	60.9     	61.2     	51.6     	52.8     	57.2     	51.1     	54.5     	50.4     	47.9     	45.8     	42.2     	40.5     	36.6     	34.7     	34.9     	30.6     
	2026-04-15  	11:29:30  	00:02:06  	         	39.7     	35.5     	32.0     	37.6     	37.5     	37.9     	39.8     	44.8     	56.6     	61.8     	59.8     	60.3     	56.2     	56.9     	62.5     	63.4     	65.1     	64.0     	60.6     	60.1     	63.7     	54.4     	51.4     	51.2     	52.4     	55.4     	52.5     	53.4     	50.7     	50.6     	49.0     	49.7     	46.5     	41.2     	37.7     	29.6     
	2026-04-15  	11:29:31  	00:02:07  	         	39.8     	36.3     	32.3     	35.9     	35.2     	34.7     	36.0     	43.3     	40.4     	62.7     	56.6     	44.6     	50.4     	52.4     	61.4     	56.2     	60.3     	65.5     	61.4     	59.9     	57.9     	53.5     	52.6     	48.6     	53.1     	53.1     	48.7     	50.8     	44.1     	45.6     	45.3     	45.5     	47.3     	37.7     	31.9     	29.2     
	2026-04-15  	11:29:32  	00:02:08  	         	44.2     	37.1     	37.7     	38.5     	35.3     	32.9     	34.5     	33.3     	40.0     	62.3     	56.8     	41.2     	49.6     	47.1     	59.3     	58.3     	66.6     	61.5     	60.5     	61.9     	59.9     	57.6     	54.0     	51.7     	53.5     	50.7     	49.0     	46.5     	42.3     	37.9     	39.0     	41.8     	44.3     	37.2     	32.3     	29.1     
	2026-04-15  	11:29:33  	00:02:09  	         	44.6     	39.2     	36.8     	37.2     	34.7     	34.1     	33.8     	34.6     	38.9     	62.7     	56.8     	43.8     	51.8     	48.0     	57.2     	61.8     	64.8     	59.6     	62.8     	64.5     	62.4     	57.3     	55.8     	51.2     	52.4     	51.8     	49.2     	48.7     	44.9     	45.0     	45.6     	46.6     	47.6     	41.0     	35.7     	29.4     
	2026-04-15  	11:29:34  	00:02:10  	         	46.2     	36.4     	31.5     	32.7     	29.2     	33.6     	31.1     	33.0     	36.1     	61.2     	55.5     	43.0     	50.7     	49.7     	56.4     	62.2     	59.0     	61.7     	65.0     	60.6     	58.2     	60.0     	53.2     	48.8     	49.3     	49.3     	47.3     	46.6     	44.5     	44.3     	42.0     	39.1     	37.1     	33.5     	31.5     	29.1     
	2026-04-15  	11:29:35  	00:02:11  	         	39.6     	35.6     	25.1     	36.8     	34.5     	31.7     	41.3     	52.5     	55.8     	60.0     	58.4     	57.9     	56.9     	53.4     	54.4     	59.9     	56.3     	60.2     	62.1     	57.1     	59.8     	60.1     	53.5     	50.5     	49.0     	49.6     	49.5     	45.3     	41.8     	40.5     	35.9     	35.1     	34.7     	33.2     	31.6     	29.1     
	2026-04-15  	11:29:36  	00:02:12  	         	42.5     	36.2     	30.0     	33.8     	30.3     	32.1     	40.5     	45.5     	43.1     	63.1     	56.7     	36.9     	49.7     	47.6     	57.0     	59.0     	74.8     	72.2     	64.3     	63.0     	61.3     	54.6     	50.3     	53.2     	47.0     	47.8     	49.1     	47.3     	42.7     	43.8     	44.2     	42.3     	41.9     	38.8     	33.4     	29.2     
	2026-04-15  	11:29:37  	00:02:13  	         	40.2     	37.1     	33.7     	27.4     	33.8     	28.6     	41.2     	48.4     	52.8     	60.0     	54.4     	53.2     	54.7     	51.8     	57.5     	68.7     	71.3     	61.3     	59.0     	60.5     	61.9     	54.7     	54.9     	51.5     	53.2     	49.2     	45.0     	40.2     	36.9     	41.8     	45.5     	44.1     	44.2     	41.2     	34.5     	29.2     
	2026-04-15  	11:29:38  	00:02:14  	         	34.4     	37.9     	36.4     	34.0     	31.4     	30.6     	33.5     	29.6     	38.5     	58.8     	33.1     	33.1     	47.3     	45.0     	61.4     	65.0     	66.4     	60.5     	57.7     	63.9     	60.8     	57.0     	47.8     	46.6     	50.3     	51.4     	45.4     	42.4     	39.0     	42.3     	42.1     	43.9     	42.8     	42.1     	37.1     	29.3     
	2026-04-15  	11:29:39  	00:02:15  	         	38.4     	40.3     	32.4     	34.3     	34.4     	34.8     	35.6     	45.4     	50.1     	59.2     	50.4     	53.0     	54.6     	51.1     	60.1     	60.4     	55.0     	58.6     	54.9     	55.9     	55.8     	47.4     	48.7     	43.5     	49.3     	44.5     	41.2     	45.8     	49.5     	43.4     	45.3     	41.0     	34.8     	31.0     	30.1     	29.1     
	2026-04-15  	11:29:40  	00:02:16  	         	42.5     	36.3     	29.2     	35.0     	32.0     	34.3     	40.9     	46.2     	57.0     	51.0     	40.6     	44.4     	41.9     	51.0     	55.5     	60.8     	69.7     	65.8     	56.2     	65.1     	61.4     	57.0     	56.4     	46.6     	52.6     	56.4     	48.4     	46.0     	38.4     	41.7     	42.8     	42.8     	41.7     	39.6     	37.2     	29.6     
	2026-04-15  	11:29:41  	00:02:17  	         	40.4     	34.2     	36.5     	37.7     	31.7     	34.2     	38.2     	43.8     	56.7     	51.7     	46.6     	50.9     	51.2     	52.2     	46.1     	62.1     	74.6     	66.0     	55.2     	67.7     	55.9     	56.8     	56.6     	52.5     	55.3     	43.6     	47.0     	44.0     	38.7     	39.1     	38.8     	35.4     	33.9     	33.4     	32.6     	29.0     
	2026-04-15  	11:29:42  	00:02:18  	         	37.4     	35.9     	32.3     	35.3     	27.8     	31.9     	34.9     	33.1     	54.4     	49.5     	44.8     	48.4     	48.0     	49.8     	57.5     	71.2     	67.1     	56.0     	65.3     	62.4     	65.7     	58.0     	53.5     	45.0     	49.4     	53.6     	46.4     	43.0     	32.1     	33.7     	35.3     	35.7     	36.4     	36.0     	31.4     	29.2     
	2026-04-15  	11:29:43  	00:02:19  	         	36.1     	36.7     	33.2     	38.5     	31.3     	28.9     	33.7     	43.9     	53.5     	49.0     	45.1     	47.1     	48.0     	50.4     	62.2     	72.0     	69.8     	53.8     	61.6     	61.1     	58.5     	47.1     	47.4     	45.0     	44.2     	38.4     	43.2     	45.6     	50.5     	45.2     	46.4     	43.5     	36.5     	31.2     	29.4     	29.1     
	2026-04-15  	11:29:44  	00:02:20  	         	43.2     	35.0     	32.2     	36.2     	36.8     	34.2     	36.3     	45.1     	47.2     	52.7     	47.3     	45.9     	47.6     	45.2     	55.3     	66.9     	61.3     	56.7     	55.8     	57.9     	59.6     	55.1     	55.1     	48.5     	49.3     	51.5     	46.8     	40.9     	34.9     	36.7     	37.3     	33.6     	29.4     	28.5     	28.3     	29.1     
	2026-04-15  	11:29:45  	00:02:21  	         	45.4     	37.4     	29.2     	38.9     	38.8     	28.9     	33.0     	41.1     	45.3     	53.1     	47.9     	45.6     	47.7     	46.8     	50.4     	65.7     	73.9     	66.3     	59.4     	64.1     	58.7     	51.4     	49.9     	47.3     	51.1     	45.7     	43.0     	40.3     	33.4     	37.8     	38.4     	45.2     	42.2     	40.6     	33.2     	29.3     
	2026-04-15  	11:29:46  	00:02:22  	         	40.9     	40.3     	34.2     	36.6     	30.7     	34.1     	32.2     	31.2     	33.8     	53.3     	40.6     	32.4     	43.0     	38.9     	53.2     	68.8     	72.9     	68.1     	60.6     	61.1     	62.2     	53.5     	49.4     	49.4     	48.0     	45.9     	43.0     	42.4     	46.7     	40.7     	42.7     	41.4     	37.0     	36.2     	33.0     	29.2     
	2026-04-15  	11:29:47  	00:02:23  	         	40.1     	37.6     	31.9     	43.5     	39.3     	33.9     	30.0     	31.4     	33.3     	53.2     	28.8     	30.2     	42.5     	42.7     	50.1     	64.2     	72.8     	70.8     	61.3     	60.5     	65.0     	57.3     	54.3     	48.6     	52.4     	48.8     	48.1     	43.1     	38.8     	35.8     	33.2     	33.6     	32.1     	33.1     	31.4     	29.1     
	2026-04-15  	11:29:48  	00:02:24  	         	41.8     	34.7     	33.2     	41.8     	38.1     	34.3     	35.3     	44.9     	52.4     	50.9     	45.5     	48.1     	49.0     	48.5     	54.9     	70.5     	64.6     	53.0     	64.9     	59.4     	65.6     	54.4     	50.7     	48.3     	45.9     	45.7     	47.2     	42.0     	37.3     	42.8     	42.9     	38.6     	34.7     	33.9     	31.7     	29.1     
	2026-04-15  	11:29:49  	00:02:25  	         	45.8     	38.3     	37.1     	36.3     	35.7     	36.2     	34.2     	35.8     	51.9     	47.3     	43.6     	47.1     	48.0     	48.8     	61.0     	69.1     	56.2     	56.4     	64.8     	59.0     	67.2     	54.3     	49.3     	43.7     	47.5     	52.6     	46.5     	43.2     	36.1     	33.3     	33.3     	31.0     	29.7     	32.5     	30.2     	29.1     
	2026-04-15  	11:29:50  	00:02:26  	         	43.0     	39.6     	32.0     	37.6     	33.2     	32.6     	37.5     	39.9     	52.0     	46.0     	29.2     	39.9     	37.4     	47.9     	55.8     	65.1     	67.3     	53.0     	54.8     	58.1     	53.7     	49.1     	42.8     	40.2     	48.9     	44.9     	40.3     	35.5     	33.0     	34.3     	35.4     	36.1     	37.4     	34.7     	32.0     	29.1     
	2026-04-15  	11:29:51  	00:02:27  	         	43.9     	38.2     	35.4     	38.8     	35.6     	38.2     	35.6     	40.1     	53.4     	48.6     	43.5     	46.4     	46.2     	48.7     	53.3     	63.5     	67.5     	61.1     	59.5     	62.4     	62.3     	56.7     	55.5     	46.1     	50.0     	51.8     	47.6     	43.6     	38.1     	43.6     	44.7     	43.4     	41.0     	35.2     	32.4     	29.2     
	2026-04-15  	11:29:52  	00:02:28  	         	40.3     	41.9     	37.4     	38.8     	36.1     	30.6     	39.2     	44.8     	52.2     	53.1     	48.8     	48.7     	50.4     	47.5     	48.6     	62.9     	68.8     	70.4     	58.9     	60.1     	65.7     	57.6     	58.4     	52.9     	50.1     	47.1     	42.4     	38.7     	38.4     	41.6     	41.2     	43.8     	43.7     	36.5     	32.6     	29.2     
	2026-04-15  	11:29:53  	00:02:29  	         	42.6     	39.9     	31.5     	31.5     	35.1     	32.4     	33.6     	29.0     	25.6     	52.8     	46.6     	35.4     	44.2     	44.8     	57.2     	67.5     	68.2     	58.6     	60.9     	61.3     	65.8     	59.0     	60.2     	52.4     	57.6     	56.2     	51.9     	45.1     	33.7     	38.8     	40.9     	38.2     	38.7     	36.1     	30.8     	29.0     
	2026-04-15  	11:29:54  	00:02:30  	         	42.7     	35.1     	31.5     	38.2     	32.8     	35.6     	37.3     	41.3     	45.4     	53.8     	46.9     	45.5     	47.2     	41.2     	58.5     	69.9     	69.2     	55.6     	64.4     	61.5     	63.5     	56.8     	54.1     	51.6     	50.8     	47.6     	46.7     	40.4     	32.1     	30.6     	32.0     	31.0     	29.6     	31.0     	30.3     	29.1     
	2026-04-15  	11:29:55  	00:02:31  	         	45.7     	34.1     	34.6     	36.8     	34.8     	34.3     	34.6     	29.6     	33.5     	53.2     	31.2     	31.7     	41.6     	44.6     	62.4     	65.3     	55.4     	59.8     	59.8     	62.8     	58.4     	49.6     	46.6     	42.1     	47.7     	47.7     	43.1     	39.4     	35.6     	38.1     	39.9     	40.2     	43.9     	40.3     	31.8     	29.1     
	2026-04-15  	11:29:56  	00:02:32  	         	33.7     	34.7     	29.7     	37.3     	35.2     	33.0     	36.5     	44.0     	48.5     	53.4     	45.4     	47.4     	48.7     	48.3     	48.7     	51.6     	67.6     	56.2     	47.2     	59.1     	49.9     	39.4     	32.7     	33.4     	32.5     	43.1     	40.5     	33.8     	29.0     	27.2     	32.1     	43.6     	46.5     	42.7     	31.9     	29.1     
	2026-04-15  	11:29:57  	00:02:33  	         	44.1     	33.9     	31.4     	35.0     	31.7     	36.3     	38.7     	32.8     	51.9     	45.6     	30.4     	39.3     	38.0     	46.8     	49.2     	63.2     	75.4     	61.6     	57.2     	65.6     	61.4     	61.5     	56.3     	52.6     	55.6     	52.5     	50.1     	48.4     	48.4     	44.2     	46.7     	43.5     	34.5     	31.0     	29.0     	29.1     
	2026-04-15  	11:29:58  	00:02:34  	         	40.8     	33.1     	33.8     	32.8     	32.7     	32.2     	36.0     	41.8     	53.2     	48.4     	43.8     	46.6     	48.1     	48.7     	57.5     	67.1     	67.5     	54.1     	59.6     	61.9     	63.4     	56.2     	55.2     	47.5     	52.4     	56.8     	48.5     	45.2     	45.8     	42.8     	46.1     	42.0     	35.8     	30.2     	28.6     	29.1     
	2026-04-15  	11:29:59  	00:02:35  	         	36.5     	33.0     	37.4     	34.2     	31.1     	31.6     	36.5     	41.4     	52.0     	47.8     	43.4     	46.1     	46.3     	48.2     	61.2     	64.6     	67.2     	64.7     	59.1     	61.7     	63.2     	53.2     	53.1     	48.2     	52.0     	42.9     	41.4     	37.4     	34.3     	30.9     	32.7     	33.8     	30.9     	34.2     	31.1     	29.1     
	2026-04-15  	11:30:00  	00:02:36  	         	36.7     	32.7     	34.2     	37.4     	32.3     	29.8     	36.7     	43.9     	52.3     	49.6     	45.9     	49.0     	49.9     	49.0     	46.8     	65.6     	71.5     	61.8     	57.5     	62.9     	62.1     	57.2     	54.9     	50.1     	54.8     	52.1     	48.4     	44.0     	36.8     	37.0     	38.2     	39.0     	41.4     	40.2     	34.8     	29.2     
	2026-04-15  	11:30:01  	00:02:37  	         	40.1     	33.6     	30.7     	32.0     	32.7     	37.1     	35.4     	39.6     	34.4     	52.9     	46.6     	30.3     	41.3     	38.9     	49.0     	67.8     	71.5     	61.3     	62.6     	62.6     	64.2     	56.9     	53.4     	46.4     	52.2     	52.8     	50.2     	46.7     	41.0     	44.4     	42.3     	36.5     	31.2     	31.3     	30.0     	29.1     
	2026-04-15  	11:30:02  	00:02:38  	         	40.4     	34.9     	36.1     	34.3     	31.6     	35.4     	38.5     	42.2     	46.0     	52.9     	47.4     	45.6     	48.4     	44.9     	54.1     	67.6     	70.7     	55.0     	62.5     	66.2     	64.8     	55.5     	44.3     	43.3     	49.9     	45.9     	46.0     	43.1     	38.7     	37.2     	40.5     	37.3     	30.8     	30.6     	30.0     	29.1     
	2026-04-15  	11:30:03  	00:02:39  	         	42.2     	35.9     	37.5     	34.0     	28.7     	34.0     	36.3     	30.4     	33.9     	53.2     	29.6     	29.0     	42.0     	39.3     	47.4     	63.6     	65.9     	56.1     	60.4     	61.9     	63.8     	61.5     	56.5     	48.4     	51.1     	56.3     	53.5     	45.6     	37.0     	36.1     	37.7     	35.7     	29.8     	28.6     	29.2     	29.1     
	2026-04-15  	11:30:04  	00:02:40  	         	42.9     	35.8     	36.3     	36.2     	32.3     	38.4     	38.8     	40.5     	45.0     	52.6     	43.4     	47.0     	48.7     	45.7     	51.9     	65.0     	71.2     	62.5     	59.6     	62.2     	61.4     	58.6     	50.6     	41.1     	47.4     	48.9     	48.8     	43.4     	37.4     	39.8     	44.1     	45.3     	43.8     	39.4     	34.4     	29.2     
	2026-04-15  	11:30:05  	00:02:41  	         	40.0     	36.4     	36.8     	38.0     	34.2     	31.4     	36.7     	42.2     	53.1     	49.0     	42.0     	41.8     	39.1     	46.9     	54.3     	68.3     	67.6     	52.3     	61.1     	58.9     	64.0     	54.0     	49.3     	45.9     	51.8     	47.5     	45.0     	43.6     	43.7     	38.6     	41.6     	46.0     	41.6     	36.2     	32.6     	29.1     
	2026-04-15  	11:30:06  	00:02:42  	         	42.0     	36.6     	27.4     	37.5     	31.4     	29.5     	34.8     	42.6     	52.8     	48.1     	43.5     	46.5     	47.8     	48.2     	53.6     	60.7     	75.9     	72.6     	56.6     	60.9     	58.9     	53.8     	57.1     	52.6     	53.8     	49.4     	48.9     	41.6     	36.2     	33.9     	34.6     	36.1     	35.3     	35.7     	34.0     	29.2     
	2026-04-15  	11:30:07  	00:02:43  	         	44.5     	35.3     	34.9     	33.5     	29.3     	32.6     	36.4     	28.6     	51.9     	45.5     	38.2     	44.4     	45.8     	47.4     	51.1     	59.4     	69.2     	61.7     	52.2     	66.9     	62.5     	53.4     	46.9     	49.7     	49.3     	41.3     	40.2     	41.3     	40.9     	43.8     	41.9     	38.6     	37.3     	32.2     	30.2     	29.1     
	2026-04-15  	11:30:08  	00:02:44  	         	38.3     	33.5     	34.2     	35.9     	33.2     	35.3     	37.7     	41.4     	53.4     	49.8     	45.3     	47.4     	47.7     	48.3     	47.6     	64.3     	74.9     	71.6     	55.5     	65.5     	64.2     	57.2     	55.8     	54.3     	48.3     	42.5     	43.7     	45.2     	43.2     	40.7     	42.6     	44.4     	43.3     	38.9     	34.4     	29.3     
	2026-04-15  	11:30:09  	00:02:45  	         	43.8     	38.6     	36.2     	37.4     	36.6     	32.3     	37.7     	44.0     	49.0     	51.9     	47.9     	45.2     	46.4     	44.5     	59.3     	64.8     	63.7     	66.4     	60.2     	61.0     	59.1     	47.7     	46.0     	45.3     	51.0     	44.7     	43.1     	41.9     	37.2     	36.4     	40.3     	43.1     	43.0     	38.7     	29.7     	29.2     
	2026-04-15  	11:30:10  	00:02:46  	         	43.1     	37.4     	31.1     	36.8     	32.6     	31.6     	34.3     	42.0     	45.1     	52.8     	47.7     	46.4     	47.2     	44.8     	58.0     	62.3     	63.3     	56.1     	53.4     	58.0     	56.6     	53.5     	56.5     	51.2     	53.9     	47.5     	47.6     	43.5     	31.3     	28.7     	28.7     	25.9     	25.8     	27.1     	27.2     	29.0     
	2026-04-15  	11:30:11  	00:02:47  	         	42.7     	39.0     	35.4     	36.9     	37.6     	30.1     	34.7     	33.6     	33.7     	53.1     	40.4     	29.4     	41.0     	38.1     	47.8     	67.2     	68.9     	68.8     	60.3     	65.6     	65.6     	55.2     	55.6     	51.5     	53.9     	49.2     	46.1     	44.6     	35.7     	36.6     	38.7     	42.1     	42.8     	41.3     	34.9     	29.2     
	2026-04-15  	11:30:12  	00:02:48  	         	42.9     	37.2     	37.6     	31.2     	36.9     	31.6     	33.6     	33.0     	34.0     	52.8     	29.9     	29.1     	42.0     	38.2     	49.3     	69.8     	74.1     	58.0     	66.7     	66.2     	65.8     	58.1     	50.0     	48.8     	45.3     	42.6     	47.0     	42.1     	35.4     	35.0     	35.1     	31.9     	27.7     	27.3     	27.1     	29.1     
	2026-04-15  	11:30:13  	00:02:49  	         	40.9     	32.8     	33.0     	34.2     	30.2     	35.6     	41.2     	43.8     	51.6     	51.3     	45.3     	47.8     	48.5     	47.2     	49.2     	66.7     	74.5     	69.6     	61.4     	66.4     	58.7     	53.3     	50.7     	45.6     	51.8     	49.2     	45.6     	39.4     	34.9     	31.7     	35.6     	40.9     	43.3     	41.2     	33.6     	29.2     
	2026-04-15  	11:30:14  	00:02:50  	         	40.7     	38.3     	36.3     	37.5     	34.8     	36.4     	37.7     	35.4     	52.9     	48.1     	42.7     	47.1     	47.6     	48.4     	43.8     	64.0     	71.9     	70.9     	64.6     	63.2     	61.7     	57.2     	50.5     	51.2     	54.3     	43.3     	44.8     	41.0     	35.4     	37.1     	40.0     	38.6     	38.7     	38.6     	32.0     	29.1     
	2026-04-15  	11:30:15  	00:02:51  	         	42.8     	35.3     	32.2     	38.4     	35.0     	34.0     	35.2     	41.2     	52.4     	45.8     	32.6     	39.2     	38.4     	46.6     	55.2     	60.1     	64.4     	60.9     	60.9     	64.0     	65.9     	60.4     	54.0     	53.3     	52.5     	50.9     	50.1     	39.6     	35.1     	36.8     	37.2     	37.1     	39.9     	38.2     	34.1     	29.2     
	2026-04-15  	11:30:16  	00:02:52  	         	40.7     	34.3     	34.5     	33.0     	30.4     	33.9     	33.1     	41.1     	52.1     	47.5     	43.2     	46.1     	46.1     	47.3     	57.9     	64.6     	55.1     	53.4     	63.6     	58.2     	63.9     	46.3     	42.5     	40.8     	47.2     	49.7     	46.8     	42.4     	34.0     	34.8     	35.8     	35.1     	36.6     	38.3     	32.1     	29.2     
	2026-04-15  	11:30:17  	00:02:53  	         	39.8     	38.6     	32.9     	37.2     	38.7     	34.0     	38.4     	45.9     	49.9     	50.9     	47.2     	47.8     	49.2     	48.4     	53.1     	63.9     	57.4     	50.0     	56.0     	56.5     	59.8     	53.5     	57.9     	55.0     	57.2     	44.4     	45.7     	40.0     	33.9     	36.7     	39.8     	40.6     	42.7     	39.5     	32.9     	29.2     
	2026-04-15  	11:30:18  	00:02:54  	         	44.7     	42.2     	36.8     	32.3     	32.0     	32.4     	33.2     	29.4     	29.2     	52.7     	46.4     	28.7     	40.1     	38.2     	49.9     	67.1     	66.1     	51.9     	64.7     	62.8     	66.0     	54.0     	49.5     	47.1     	52.2     	55.9     	56.1     	48.9     	35.6     	36.1     	37.1     	39.0     	40.2     	35.1     	29.7     	29.1     
	2026-04-15  	11:30:19  	00:02:55  	         	42.1     	31.5     	30.2     	38.1     	35.4     	33.2     	36.2     	41.9     	45.9     	53.3     	46.6     	46.0     	47.7     	43.7     	54.3     	66.4     	70.1     	59.9     	60.0     	60.4     	60.9     	52.5     	43.0     	42.8     	52.5     	52.6     	44.9     	40.1     	36.6     	40.7     	43.2     	41.1     	40.1     	35.8     	31.4     	29.2     
	2026-04-15  	11:30:20  	00:02:56  	         	42.6     	32.8     	31.7     	34.5     	33.9     	37.0     	35.3     	31.7     	33.4     	53.2     	29.8     	27.5     	41.2     	38.3     	47.4     	68.5     	71.3     	71.7     	58.3     	65.0     	56.7     	45.6     	47.4     	44.5     	40.9     	41.8     	47.7     	44.9     	37.0     	39.3     	39.7     	40.0     	38.8     	37.1     	32.4     	29.3     
	2026-04-15  	11:30:21  	00:02:57  	         	43.8     	40.4     	32.9     	39.6     	35.2     	30.4     	37.0     	44.2     	50.6     	53.0     	45.7     	47.5     	48.6     	47.1     	49.1     	67.9     	71.9     	58.7     	62.4     	63.5     	63.1     	58.4     	58.9     	52.6     	53.9     	51.3     	49.0     	49.3     	36.9     	36.3     	34.4     	31.4     	29.9     	31.2     	32.2     	29.0     
	2026-04-15  	11:30:22  	00:02:58  	         	36.9     	35.2     	35.5     	38.5     	33.7     	30.4     	32.3     	33.4     	52.0     	45.4     	29.8     	39.0     	37.9     	46.0     	60.4     	69.8     	71.6     	62.4     	62.5     	61.2     	59.2     	57.1     	53.6     	48.6     	55.7     	45.9     	44.8     	38.6     	32.4     	31.5     	30.7     	29.7     	29.1     	29.0     	28.4     	29.2     
	2026-04-15  	11:30:23  	00:02:59  	         	38.6     	38.1     	34.3     	34.5     	32.6     	33.2     	38.8     	45.3     	52.3     	51.4     	48.4     	51.2     	51.8     	50.3     	62.4     	59.5     	49.7     	55.5     	54.4     	56.3     	56.3     	45.2     	42.6     	40.5     	40.7     	38.9     	40.9     	41.1     	38.0     	35.5     	35.9     	37.4     	41.2     	31.5     	28.0     	29.1     
	2026-04-15  	11:30:24  	00:03:00  	         	39.3     	38.8     	34.7     	38.2     	35.5     	37.7     	39.6     	45.4     	53.1     	57.0     	56.1     	56.2     	54.5     	54.3     	52.2     	62.1     	64.2     	64.3     	60.7     	63.5     	63.1     	59.1     	55.4     	52.5     	55.2     	55.9     	54.2     	54.5     	53.1     	52.8     	51.1     	48.5     	44.3     	40.3     	34.5     	29.3     
	2026-04-15  	11:30:25  	00:03:01  	         	44.9     	37.6     	33.7     	31.1     	33.5     	37.0     	34.8     	42.3     	43.1     	48.7     	56.4     	52.0     	46.0     	44.5     	56.3     	66.2     	68.7     	72.9     	63.7     	61.8     	63.4     	61.2     	56.9     	52.8     	52.6     	48.1     	44.3     	47.9     	44.1     	43.4     	41.5     	40.1     	38.0     	34.0     	31.7     	29.0     
	2026-04-15  	11:30:26  	00:03:02  	         	43.1     	37.0     	31.7     	37.8     	36.3     	35.3     	35.5     	39.7     	38.9     	44.4     	48.8     	43.9     	37.6     	34.0     	36.6     	38.5     	38.2     	43.0     	39.3     	37.0     	35.9     	34.4     	34.4     	33.9     	35.9     	35.0     	32.3     	30.9     	29.3     	26.5     	25.8     	25.4     	25.7     	26.7     	27.3     	29.0     
	2026-04-15  	11:30:27  	00:03:03  	         	41.2     	42.1     	30.5     	35.1     	34.8     	38.1     	39.4     	30.4     	32.6     	32.4     	38.5     	35.1     	31.5     	24.7     	24.0     	26.8     	24.5     	29.5     	29.6     	26.4     	26.2     	25.2     	24.4     	24.8     	26.2     	26.1     	23.9     	22.6     	22.3     	22.1     	22.6     	23.7     	24.5     	26.0     	27.0     	29.0     
	2026-04-15  	11:30:28  	00:03:04  	         	44.5     	38.5     	30.5     	33.8     	32.3     	37.9     	38.3     	29.8     	30.0     	31.2     	31.1     	28.4     	29.2     	23.4     	19.0     	19.5     	18.5     	19.5     	19.6     	18.8     	16.1     	16.2     	15.9     	16.6     	17.1     	17.8     	18.5     	19.5     	20.3     	21.2     	22.2     	23.4     	24.5     	26.1     	27.0     	29.1     
	2026-04-15  	11:30:29  	00:03:05  	         	36.2     	33.7     	28.9     	33.8     	33.0     	37.2     	37.8     	30.9     	28.0     	28.0     	27.3     	24.1     	27.6     	20.6     	19.4     	18.8     	18.4     	18.5     	18.4     	17.4     	15.3     	15.2     	15.7     	16.0     	16.3     	17.6     	18.2     	19.2     	20.2     	21.2     	22.3     	23.4     	24.3     	25.9     	27.0     	29.1     
	2026-04-15  	11:30:30  	00:03:06  	         	42.3     	37.3     	30.5     	31.2     	28.1     	33.9     	36.6     	29.6     	28.8     	28.7     	29.0     	25.4     	29.2     	24.6     	23.7     	25.5     	20.3     	22.9     	19.8     	18.5     	17.9     	17.5     	16.0     	15.9     	16.3     	17.4     	18.3     	19.3     	20.2     	20.9     	22.4     	23.4     	24.4     	26.0     	27.0     	29.2     

# RTA LOG Results over the whole log period
	2026-04-15  	11:30:30  	00:03:06  	         	46.9     	41.3     	43.8     	48.9     	53.6     	41.2     	44.0     	52.0     	48.8     	53.1     	57.6     	55.8     	54.4     	57.6     	59.5     	65.3     	68.3     	65.9     	65.4     	64.8     	62.1     	57.5     	54.3     	53.6     	55.3     	55.9     	55.2     	53.2     	50.1     	48.0     	46.1     	43.9     	39.6     	35.0     	32.8     	29.7     

#CheckSum
	93AB43ADC7840A5E9996EDDA6C9AF74D