XL2 RTA Spectrum Logging:		WFS\2026-04-07_SLM_001_RTA_3rd_Log.txt                                         
-------------------------


# Hardware Configuration
	Device Info:    	XL2, SNo. A2A-17501-E0, FW4.33
	Mic Type:       	NTi Audio M4261, SNo. 3302, User calibrated 2026-01-20  18:08
	Mic Sensitivity:	16.9 mV/Pa
	Time Zone:      	UTC+01:00 (Europe/Berlin)

# Measurement Setup
	Profile:        	Full mode
	Timer mode:     	continuous
	Timer set:      	--:--:--
	Log-Interval:   	00:00:01
	Resolution:     	1/3 Octave
	Range:          	30 - 130 dB

# Time
	Start:          	2026-04-07, 17:08:42
	End:            	2026-04-07, 17:09:04

# RTA LOG Results 
	            	          	          	         	LZeq_dt  	LZeq_dt  	LZeq_dt  	LZeq_dt  	LZeq_dt  	LZeq_dt  	LZeq_dt  	LZeq_dt  	LZeq_dt  	LZeq_dt  	LZeq_dt  	LZeq_dt  	LZeq_dt  	LZeq_dt  	LZeq_dt  	LZeq_dt  	LZeq_dt  	LZeq_dt  	LZeq_dt  	LZeq_dt  	LZeq_dt  	LZeq_dt  	LZeq_dt  	LZeq_dt  	LZeq_dt  	LZeq_dt  	LZeq_dt  	LZeq_dt  	LZeq_dt  	LZeq_dt  	LZeq_dt  	LZeq_dt  	LZeq_dt  	LZeq_dt  	LZeq_dt  	LZeq_dt  
	Date        	Time      	Timer     	Band [Hz]	6.3      	8.0      	10.0     	12.5     	16.0     	20.0     	25.0     	31.5     	40.0     	50.0     	63.0     	80.0     	100.0    	125.0    	160.0    	200.0    	250.0    	315.0    	400.0    	500.0    	630.0    	800.0    	1000.0   	1250.0   	1600.0   	2000.0   	2500.0   	3150.0   	4000.0   	5000.0   	6300.0   	8000.0   	10000.0  	12500.0  	16000.0  	20000.0  
	[YYYY-MM-DD]	[hh:mm:ss]	[hh:mm:ss]	         	[dB]     	[dB]     	[dB]     	[dB]     	[dB]     	[dB]     	[dB]     	[dB]     	[dB]     	[dB]     	[dB]     	[dB]     	[dB]     	[dB]     	[dB]     	[dB]     	[dB]     	[dB]     	[dB]     	[dB]     	[dB]     	[dB]     	[dB]     	[dB]     	[dB]     	[dB]     	[dB]     	[dB]     	[dB]     	[dB]     	[dB]     	[dB]     	[dB]     	[dB]     	[dB]     	[dB]     
	2026-04-07  	17:08:43  	00:00:01  	         	30.4     	35.1     	32.8     	43.4     	34.7     	33.8     	41.8     	38.9     	51.5     	60.6     	70.1     	67.3     	53.4     	57.1     	55.4     	56.9     	57.6     	46.0     	44.4     	41.1     	39.7     	39.6     	35.9     	34.7     	34.0     	33.5     	26.9     	26.9     	24.5     	22.9     	21.8     	22.3     	21.8     	21.9     	22.6     	23.5     
	2026-04-07  	17:08:44  	00:00:02  	         	29.9     	32.0     	29.4     	33.9     	34.8     	48.4     	59.6     	54.4     	79.2     	76.5     	84.7     	81.8     	66.3     	69.5     	67.4     	68.8     	67.1     	61.0     	55.1     	53.2     	56.8     	52.3     	48.8     	47.4     	44.7     	45.2     	35.9     	31.1     	28.9     	26.8     	29.0     	28.3     	25.9     	27.5     	26.1     	23.7     
	2026-04-07  	17:08:45  	00:00:03  	         	27.9     	27.2     	32.0     	34.3     	37.1     	49.5     	58.7     	53.6     	77.7     	76.1     	83.7     	80.6     	67.1     	69.6     	67.3     	66.3     	66.8     	61.7     	55.9     	51.6     	53.3     	49.1     	45.9     	44.8     	43.7     	46.2     	37.7     	30.2     	26.6     	24.3     	23.2     	23.4     	22.6     	21.8     	22.4     	23.3     
	2026-04-07  	17:08:46  	00:00:04  	         	28.7     	29.8     	26.0     	35.1     	33.4     	50.0     	58.9     	55.2     	75.0     	71.7     	82.8     	77.0     	67.2     	71.4     	68.2     	67.3     	66.5     	59.5     	55.2     	49.9     	50.8     	47.2     	45.5     	44.4     	43.8     	45.6     	38.9     	31.9     	33.6     	36.4     	38.5     	37.5     	30.6     	28.9     	26.8     	23.6     
	2026-04-07  	17:08:47  	00:00:05  	         	30.8     	33.5     	30.5     	29.9     	33.7     	56.2     	66.9     	58.5     	71.9     	75.2     	83.6     	80.2     	68.9     	70.4     	67.8     	66.0     	67.1     	61.0     	54.7     	54.1     	57.8     	54.7     	50.7     	48.7     	48.8     	45.2     	37.9     	32.0     	30.3     	28.7     	32.4     	31.3     	26.6     	27.5     	26.0     	23.7     
	2026-04-07  	17:08:48  	00:00:06  	         	29.5     	31.9     	28.7     	37.1     	35.8     	48.9     	62.1     	48.9     	73.9     	75.4     	84.9     	82.6     	68.5     	71.2     	65.6     	67.0     	66.7     	61.0     	56.6     	49.7     	51.8     	50.2     	55.8     	49.4     	46.3     	45.4     	36.3     	32.5     	27.2     	23.9     	22.7     	23.0     	22.7     	21.9     	22.4     	23.5     
	2026-04-07  	17:08:49  	00:00:07  	         	30.2     	27.5     	29.6     	40.9     	35.8     	40.4     	51.3     	41.8     	64.5     	67.1     	83.5     	79.4     	68.3     	69.3     	66.9     	67.7     	66.1     	59.2     	56.1     	51.3     	55.1     	51.1     	53.7     	49.9     	49.2     	46.5     	38.0     	31.1     	27.5     	24.3     	22.6     	23.1     	22.6     	21.9     	22.4     	23.4     
	2026-04-07  	17:08:50  	00:00:08  	         	32.9     	32.2     	34.0     	36.0     	30.0     	41.3     	55.2     	47.7     	70.7     	69.2     	84.3     	82.6     	68.9     	70.4     	67.4     	68.3     	66.5     	58.7     	55.1     	50.7     	54.9     	51.6     	51.1     	50.9     	45.8     	44.9     	34.7     	29.3     	25.9     	23.2     	22.5     	23.0     	22.5     	21.7     	22.3     	23.4     
	2026-04-07  	17:08:51  	00:00:09  	         	30.2     	29.9     	31.1     	34.4     	34.0     	41.4     	54.6     	48.7     	74.5     	72.1     	84.8     	81.8     	70.1     	67.5     	66.6     	67.6     	66.5     	59.1     	55.2     	49.6     	49.2     	49.0     	49.3     	47.6     	44.2     	43.9     	34.5     	28.9     	26.3     	23.3     	22.4     	23.5     	23.0     	23.0     	22.9     	23.4     
	2026-04-07  	17:08:52  	00:00:10  	         	31.0     	34.3     	29.7     	37.7     	34.7     	53.0     	65.1     	58.4     	78.6     	79.2     	85.8     	83.8     	76.0     	77.9     	74.3     	74.6     	73.7     	65.6     	57.9     	55.8     	53.0     	51.4     	46.6     	45.6     	44.5     	44.4     	38.5     	33.0     	36.5     	36.6     	41.7     	40.4     	33.3     	34.2     	33.6     	25.2     
	2026-04-07  	17:08:53  	00:00:11  	         	30.4     	31.9     	32.7     	38.0     	37.0     	58.3     	68.0     	60.4     	82.7     	80.1     	89.6     	89.5     	79.7     	80.6     	75.6     	75.0     	74.2     	68.8     	61.2     	59.0     	55.3     	53.5     	48.1     	45.8     	44.9     	44.6     	37.2     	32.3     	35.2     	40.6     	41.1     	40.1     	34.0     	34.3     	31.7     	24.3     
	2026-04-07  	17:08:54  	00:00:12  	         	26.9     	28.1     	29.5     	39.8     	37.1     	56.5     	66.2     	60.0     	82.1     	80.8     	88.4     	90.6     	80.2     	79.5     	75.6     	78.0     	77.2     	68.4     	61.6     	58.8     	55.0     	53.3     	48.5     	46.2     	45.1     	44.7     	37.2     	33.1     	33.9     	38.9     	39.6     	38.6     	33.7     	34.3     	31.6     	24.2     
	2026-04-07  	17:08:55  	00:00:13  	         	31.3     	25.4     	34.1     	42.5     	35.6     	54.9     	63.4     	59.1     	84.0     	85.5     	88.5     	87.5     	80.4     	80.9     	77.6     	75.5     	74.5     	68.6     	63.0     	59.2     	58.9     	56.1     	54.6     	52.8     	47.7     	45.6     	37.8     	33.8     	35.2     	38.5     	40.5     	39.4     	33.5     	34.9     	32.1     	24.3     
	2026-04-07  	17:08:56  	00:00:14  	         	26.9     	26.2     	33.4     	41.1     	36.0     	51.8     	65.5     	59.5     	86.8     	83.0     	88.2     	89.2     	80.5     	83.3     	79.1     	76.3     	76.0     	68.6     	62.3     	59.7     	56.9     	54.0     	51.3     	49.8     	46.0     	44.6     	35.8     	31.6     	32.5     	37.1     	37.8     	36.9     	31.5     	31.3     	29.0     	23.8     
	2026-04-07  	17:08:57  	00:00:15  	         	28.2     	30.4     	26.9     	42.2     	37.0     	52.8     	63.3     	58.0     	81.7     	80.1     	90.9     	88.9     	81.5     	81.0     	76.6     	75.1     	74.5     	67.3     	62.7     	59.2     	56.7     	53.5     	48.3     	44.3     	43.0     	43.7     	34.6     	31.2     	33.1     	36.3     	38.1     	37.1     	31.8     	33.3     	30.7     	24.1     
	2026-04-07  	17:08:58  	00:00:16  	         	27.2     	25.1     	30.9     	42.9     	37.6     	55.3     	66.6     	58.7     	85.7     	79.6     	89.4     	89.2     	79.5     	79.7     	76.9     	76.9     	74.4     	67.7     	61.9     	59.7     	58.2     	55.9     	51.2     	47.8     	46.4     	45.3     	38.0     	33.4     	35.5     	39.6     	41.3     	39.9     	33.2     	32.1     	29.9     	24.0     
	2026-04-07  	17:08:59  	00:00:17  	         	23.2     	31.2     	30.6     	36.0     	36.4     	58.8     	71.3     	60.9     	82.4     	81.1     	88.9     	87.3     	79.0     	79.2     	76.7     	75.6     	75.3     	68.0     	61.3     	61.3     	56.4     	54.0     	49.6     	47.5     	45.4     	44.3     	36.3     	32.6     	36.1     	40.4     	41.4     	39.8     	33.9     	32.2     	29.4     	24.0     
	2026-04-07  	17:09:00  	00:00:18  	         	28.3     	26.1     	36.7     	38.7     	38.3     	49.9     	60.5     	59.9     	80.7     	80.0     	90.1     	92.6     	80.2     	81.6     	76.5     	74.9     	74.4     	67.7     	62.1     	59.3     	56.9     	53.4     	48.6     	46.4     	46.4     	45.3     	37.7     	34.1     	35.4     	39.2     	40.3     	39.1     	33.6     	33.4     	30.8     	24.2     
	2026-04-07  	17:09:01  	00:00:19  	         	31.0     	31.9     	35.3     	35.1     	33.7     	53.7     	65.7     	58.4     	83.8     	80.1     	89.2     	89.5     	78.8     	81.5     	76.4     	76.7     	74.5     	67.0     	61.5     	60.6     	57.6     	54.1     	48.7     	45.2     	44.6     	44.8     	35.5     	34.4     	33.2     	37.8     	38.7     	37.5     	32.5     	32.8     	30.3     	24.1     
	2026-04-07  	17:09:02  	00:00:20  	         	33.6     	31.6     	32.6     	43.0     	36.9     	54.7     	63.7     	61.2     	85.0     	81.6     	88.9     	86.6     	79.0     	82.2     	78.4     	75.6     	75.3     	66.1     	61.6     	59.7     	56.1     	54.5     	49.3     	46.8     	45.9     	45.2     	37.7     	35.1     	35.5     	39.3     	40.0     	39.3     	33.6     	33.1     	30.5     	24.4     
	2026-04-07  	17:09:03  	00:00:21  	         	36.0     	38.2     	37.5     	36.0     	40.0     	54.2     	63.9     	60.4     	79.5     	77.1     	89.0     	88.9     	79.8     	80.6     	76.9     	74.4     	74.5     	68.0     	61.7     	59.4     	57.1     	54.4     	50.4     	48.4     	45.1     	44.8     	37.5     	34.7     	34.6     	37.5     	37.0     	38.0     	32.0     	31.9     	29.3     	24.0     
	2026-04-07  	17:09:04  	00:00:22  	         	38.7     	36.0     	35.8     	39.0     	45.2     	59.2     	68.9     	61.7     	80.8     	81.1     	88.9     	86.6     	78.6     	80.1     	76.0     	75.3     	74.3     	67.3     	61.6     	57.6     	55.6     	53.2     	49.8     	46.4     	46.3     	45.9     	38.6     	34.5     	39.0     	42.3     	42.1     	42.8     	36.1     	34.7     	31.7     	24.5     

# RTA LOG Results over the whole log period
	2026-04-07  	17:09:04  	00:00:22  	         	31.5     	32.1     	32.8     	39.4     	37.3     	54.0     	64.8     	58.2     	81.3     	79.4     	87.5     	87.1     	77.5     	78.8     	74.8     	73.9     	73.0     	65.9     	60.0     	57.5     	55.8     	53.0     	50.4     	47.8     	45.7     	44.9     	37.0     	32.6     	33.7     	37.1     	38.3     	37.5     	31.6     	31.5     	29.3     	24.0     

#CheckSum
	FBF5EB59EE7EC9C32F678FCE7F1D438F