XL2 RTA Spectrum Logging:		KU100\2026-04-15_SLM_023_RTA_3rd_Log.txt                                       
-------------------------


# Hardware Configuration
	Device Info:    	XL2, SNo. A2A-17501-E0, FW4.33
	Mic Sensitivity:	8.6 mV/Pa
	                	(User calibrated 2026-04-13  13:51)
	Time Zone:      	UTC+01:00 (Europe/Berlin)

# Measurement Setup
	Profile:        	Full mode
	Timer mode:     	continuous
	Timer set:      	--:--:--
	Log-Interval:   	00:00:01
	Resolution:     	1/3 Octave
	Range:          	40 - 140 dB

# Time
	Start:          	2026-04-15, 11:21:56
	End:            	2026-04-15, 11:25:01

# RTA LOG Results 
	            	          	          	         	LZeq_dt  	LZeq_dt  	LZeq_dt  	LZeq_dt  	LZeq_dt  	LZeq_dt  	LZeq_dt  	LZeq_dt  	LZeq_dt  	LZeq_dt  	LZeq_dt  	LZeq_dt  	LZeq_dt  	LZeq_dt  	LZeq_dt  	LZeq_dt  	LZeq_dt  	LZeq_dt  	LZeq_dt  	LZeq_dt  	LZeq_dt  	LZeq_dt  	LZeq_dt  	LZeq_dt  	LZeq_dt  	LZeq_dt  	LZeq_dt  	LZeq_dt  	LZeq_dt  	LZeq_dt  	LZeq_dt  	LZeq_dt  	LZeq_dt  	LZeq_dt  	LZeq_dt  	LZeq_dt  
	Date        	Time      	Timer     	Band [Hz]	6.3      	8.0      	10.0     	12.5     	16.0     	20.0     	25.0     	31.5     	40.0     	50.0     	63.0     	80.0     	100.0    	125.0    	160.0    	200.0    	250.0    	315.0    	400.0    	500.0    	630.0    	800.0    	1000.0   	1250.0   	1600.0   	2000.0   	2500.0   	3150.0   	4000.0   	5000.0   	6300.0   	8000.0   	10000.0  	12500.0  	16000.0  	20000.0  
	[YYYY-MM-DD]	[hh:mm:ss]	[hh:mm:ss]	         	[dB]     	[dB]     	[dB]     	[dB]     	[dB]     	[dB]     	[dB]     	[dB]     	[dB]     	[dB]     	[dB]     	[dB]     	[dB]     	[dB]     	[dB]     	[dB]     	[dB]     	[dB]     	[dB]     	[dB]     	[dB]     	[dB]     	[dB]     	[dB]     	[dB]     	[dB]     	[dB]     	[dB]     	[dB]     	[dB]     	[dB]     	[dB]     	[dB]     	[dB]     	[dB]     	[dB]     
	2026-04-15  	11:21:57  	00:00:01  	         	43.9     	42.5     	47.9     	48.4     	53.5     	60.9     	74.6     	76.3     	71.2     	70.2     	75.1     	80.9     	69.5     	71.1     	77.0     	79.5     	82.7     	83.8     	81.1     	81.5     	73.8     	69.6     	65.6     	66.0     	67.7     	73.4     	71.3     	63.1     	62.3     	54.8     	56.3     	52.4     	45.0     	41.3     	31.7     	29.2     
	2026-04-15  	11:21:58  	00:00:02  	         	43.1     	37.2     	34.6     	35.9     	43.4     	54.2     	54.1     	54.9     	59.2     	65.8     	77.9     	78.3     	72.1     	79.4     	78.6     	80.6     	81.6     	86.5     	78.3     	75.7     	80.0     	68.8     	69.3     	66.6     	68.5     	76.7     	75.7     	70.4     	67.7     	61.0     	60.6     	55.9     	48.3     	43.2     	34.9     	29.4     
	2026-04-15  	11:21:59  	00:00:03  	         	43.9     	36.2     	43.6     	39.6     	42.1     	54.0     	55.1     	53.6     	58.1     	70.4     	76.8     	65.2     	73.4     	78.7     	67.9     	78.8     	82.5     	81.7     	81.7     	82.7     	80.5     	75.2     	73.6     	71.2     	71.2     	70.5     	67.6     	65.7     	61.9     	54.9     	58.1     	53.5     	45.8     	43.7     	31.5     	29.2     
	2026-04-15  	11:22:00  	00:00:04  	         	39.1     	32.6     	39.6     	53.6     	51.2     	56.8     	71.1     	75.9     	66.2     	73.0     	79.4     	79.8     	75.0     	79.3     	80.4     	78.9     	83.0     	79.3     	83.6     	79.5     	72.0     	68.5     	66.6     	64.9     	67.4     	69.3     	70.4     	70.0     	66.6     	66.1     	64.8     	61.5     	56.1     	46.5     	40.9     	32.6     
	2026-04-15  	11:22:01  	00:00:05  	         	40.8     	40.1     	45.1     	48.4     	48.7     	62.3     	71.7     	71.2     	66.7     	71.9     	78.4     	80.3     	76.7     	74.2     	79.1     	82.1     	82.4     	82.1     	77.9     	77.1     	78.1     	70.4     	71.1     	69.1     	73.1     	74.2     	71.0     	69.4     	66.8     	65.3     	65.1     	62.1     	56.5     	47.5     	41.9     	32.9     
	2026-04-15  	11:22:02  	00:00:06  	         	39.4     	43.1     	50.6     	58.0     	53.8     	60.2     	65.7     	84.0     	75.4     	76.8     	83.2     	75.3     	75.4     	79.3     	72.4     	80.0     	83.3     	83.2     	75.9     	74.4     	78.8     	72.5     	69.8     	70.2     	73.0     	73.8     	73.7     	69.0     	67.4     	65.3     	63.3     	61.0     	54.2     	48.0     	43.9     	33.2     
	2026-04-15  	11:22:03  	00:00:07  	         	44.6     	43.7     	47.4     	49.0     	47.4     	53.3     	58.7     	81.1     	62.9     	69.4     	76.1     	65.1     	74.1     	73.6     	69.6     	83.4     	83.8     	81.7     	82.7     	81.6     	76.1     	71.4     	71.1     	65.3     	68.2     	70.0     	71.1     	69.2     	67.2     	65.4     	64.5     	63.3     	57.1     	49.0     	47.6     	36.4     
	2026-04-15  	11:22:04  	00:00:08  	         	42.2     	39.4     	47.0     	56.2     	54.3     	59.3     	72.2     	78.0     	72.4     	74.8     	81.5     	80.6     	77.2     	77.4     	78.6     	80.2     	83.9     	77.9     	80.2     	79.7     	70.4     	67.3     	64.2     	66.9     	66.6     	68.7     	68.3     	64.9     	64.9     	63.1     	61.3     	59.4     	53.6     	48.8     	47.9     	36.4     
	2026-04-15  	11:22:05  	00:00:09  	         	40.0     	43.4     	52.2     	58.4     	54.5     	59.1     	64.3     	67.1     	66.7     	73.6     	81.3     	79.5     	77.2     	74.8     	77.9     	82.2     	83.5     	81.4     	78.3     	83.1     	75.1     	69.5     	65.4     	67.3     	69.1     	74.7     	74.1     	70.2     	67.1     	65.6     	65.2     	63.2     	56.8     	47.3     	42.9     	33.4     
	2026-04-15  	11:22:06  	00:00:10  	         	44.4     	44.3     	49.8     	53.3     	51.2     	50.7     	56.4     	62.4     	64.5     	69.6     	82.8     	68.9     	74.2     	76.2     	69.9     	81.6     	83.9     	82.2     	81.4     	79.7     	78.0     	73.4     	71.7     	72.3     	66.6     	69.6     	72.8     	69.5     	66.3     	63.4     	63.2     	60.8     	54.9     	48.6     	45.7     	34.4     
	2026-04-15  	11:22:07  	00:00:11  	         	43.4     	39.6     	44.5     	49.3     	52.6     	53.6     	54.7     	57.6     	54.6     	67.2     	75.4     	63.6     	72.9     	76.3     	66.1     	80.7     	84.2     	81.3     	84.9     	79.8     	78.2     	71.9     	70.9     	69.0     	71.2     	72.8     	73.7     	70.6     	67.8     	67.3     	64.7     	62.9     	57.4     	50.1     	48.2     	37.4     
	2026-04-15  	11:22:08  	00:00:12  	         	44.2     	39.4     	50.5     	55.1     	54.9     	60.9     	72.1     	77.5     	71.6     	75.9     	82.4     	80.9     	77.3     	75.3     	78.2     	83.1     	85.9     	80.1     	76.3     	80.8     	74.0     	73.7     	68.0     	70.5     	70.1     	74.9     	74.9     	71.0     	68.1     	65.9     	64.3     	62.8     	57.3     	49.5     	45.8     	35.8     
	2026-04-15  	11:22:09  	00:00:13  	         	40.4     	43.0     	52.3     	59.8     	54.0     	58.9     	62.9     	66.5     	66.6     	74.5     	83.5     	77.8     	77.8     	75.5     	76.2     	81.7     	84.6     	80.5     	79.5     	83.4     	73.2     	71.7     	74.5     	68.3     	68.6     	70.1     	70.5     	69.9     	66.8     	64.7     	63.6     	61.3     	54.8     	46.9     	41.7     	32.7     
	2026-04-15  	11:22:10  	00:00:14  	         	36.6     	42.6     	46.2     	50.2     	52.4     	56.5     	66.0     	85.8     	75.6     	76.9     	78.6     	66.3     	75.1     	77.0     	70.5     	80.0     	83.6     	81.5     	82.1     	84.6     	78.2     	71.9     	69.6     	70.2     	73.9     	75.3     	73.2     	71.2     	68.4     	64.7     	62.7     	62.1     	57.0     	48.4     	46.8     	35.6     
	2026-04-15  	11:22:11  	00:00:15  	         	43.3     	43.6     	47.5     	53.4     	53.6     	54.7     	67.3     	73.1     	67.8     	73.8     	82.3     	79.9     	77.7     	78.8     	80.3     	80.8     	80.2     	79.9     	80.1     	78.8     	75.5     	72.6     	70.2     	73.3     	69.9     	70.8     	70.7     	71.7     	67.5     	63.0     	63.3     	61.1     	56.2     	50.7     	48.3     	37.1     
	2026-04-15  	11:22:12  	00:00:16  	         	42.9     	40.9     	49.3     	52.4     	55.1     	60.0     	74.1     	72.7     	70.9     	75.1     	82.0     	80.7     	77.5     	75.0     	78.9     	84.6     	82.2     	81.2     	82.4     	83.5     	77.9     	72.9     	68.1     	71.4     	73.0     	74.4     	72.1     	68.9     	66.5     	64.5     	63.3     	62.2     	56.1     	47.1     	45.4     	35.8     
	2026-04-15  	11:22:13  	00:00:17  	         	41.7     	39.2     	51.6     	58.0     	54.3     	59.0     	62.9     	63.3     	62.4     	65.9     	82.5     	75.0     	72.9     	72.9     	71.0     	80.1     	84.0     	82.5     	81.0     	77.6     	79.3     	73.0     	66.3     	66.4     	74.3     	75.6     	73.6     	70.8     	67.3     	64.4     	63.5     	61.8     	53.7     	46.8     	44.0     	33.4     
	2026-04-15  	11:22:14  	00:00:18  	         	42.4     	41.1     	42.7     	47.1     	50.5     	55.5     	55.6     	54.6     	59.6     	69.3     	75.8     	64.0     	73.5     	77.0     	69.1     	80.8     	83.2     	82.5     	80.9     	80.5     	81.9     	72.8     	67.9     	67.5     	74.7     	74.8     	73.2     	70.4     	68.4     	65.3     	65.1     	63.5     	57.4     	49.1     	47.2     	36.6     
	2026-04-15  	11:22:15  	00:00:19  	         	46.3     	43.1     	49.2     	56.5     	53.3     	59.2     	62.9     	78.2     	70.7     	73.9     	81.6     	80.2     	74.5     	75.0     	78.0     	79.9     	85.7     	81.8     	79.4     	77.6     	78.0     	71.0     	66.5     	67.8     	71.9     	75.7     	74.4     	72.9     	69.3     	67.3     	66.5     	64.6     	58.4     	51.1     	48.2     	37.1     
	2026-04-15  	11:22:16  	00:00:20  	         	47.7     	44.8     	52.6     	57.8     	56.1     	58.4     	63.5     	67.4     	67.1     	74.0     	81.4     	79.4     	78.0     	75.7     	77.0     	83.7     	83.1     	83.2     	80.2     	78.1     	75.0     	70.8     	67.2     	66.9     	68.0     	70.2     	70.9     	69.1     	67.3     	65.7     	65.6     	62.6     	57.4     	47.4     	43.3     	34.7     
	2026-04-15  	11:22:17  	00:00:21  	         	40.0     	41.1     	50.7     	55.9     	52.2     	57.4     	66.5     	85.6     	75.2     	77.0     	83.6     	71.9     	77.0     	75.5     	70.9     	82.7     	84.7     	82.0     	80.7     	80.6     	75.9     	69.9     	66.5     	67.7     	68.8     	72.9     	71.5     	69.5     	66.8     	62.9     	62.3     	60.9     	54.7     	48.5     	45.3     	34.4     
	2026-04-15  	11:22:18  	00:00:22  	         	37.4     	41.0     	47.6     	50.9     	51.7     	53.4     	57.7     	76.4     	60.1     	68.0     	76.5     	62.7     	72.4     	77.4     	70.2     	79.6     	83.5     	81.9     	85.0     	80.6     	75.2     	69.5     	66.9     	68.1     	70.3     	70.3     	73.3     	71.7     	67.6     	65.6     	65.2     	63.1     	57.5     	48.7     	46.6     	35.8     
	2026-04-15  	11:22:19  	00:00:23  	         	42.1     	35.0     	44.9     	55.5     	54.6     	58.4     	69.2     	76.2     	71.4     	76.7     	82.8     	81.0     	77.4     	76.1     	79.6     	83.1     	86.4     	81.1     	79.3     	79.7     	74.0     	71.4     	71.2     	70.1     	70.6     	72.5     	74.0     	71.5     	68.5     	66.3     	64.9     	61.9     	56.4     	49.3     	47.3     	36.6     
	2026-04-15  	11:22:20  	00:00:24  	         	40.5     	41.8     	51.1     	59.0     	54.9     	58.3     	63.0     	67.2     	65.7     	72.0     	83.5     	77.6     	77.2     	74.6     	75.1     	83.2     	84.7     	81.1     	76.4     	81.0     	74.6     	75.3     	70.1     	68.0     	75.9     	75.5     	72.5     	70.2     	67.3     	65.1     	64.3     	62.3     	56.9     	47.1     	42.6     	34.4     
	2026-04-15  	11:22:21  	00:00:25  	         	47.4     	39.7     	46.1     	48.7     	50.6     	54.4     	55.4     	55.4     	59.6     	68.7     	77.0     	65.2     	72.1     	75.3     	70.0     	82.9     	84.8     	81.2     	83.5     	84.2     	76.4     	71.4     	66.8     	64.9     	68.7     	75.0     	73.1     	70.8     	67.4     	64.8     	63.9     	62.5     	57.0     	49.2     	47.2     	36.0     
	2026-04-15  	11:22:22  	00:00:26  	         	43.5     	43.3     	42.9     	54.2     	54.0     	52.4     	59.8     	69.2     	63.4     	71.9     	78.6     	74.9     	74.7     	76.9     	75.6     	81.4     	82.4     	79.8     	86.9     	78.5     	78.7     	68.2     	65.4     	65.8     	68.0     	72.2     	72.3     	70.3     	67.2     	65.1     	65.6     	63.1     	57.0     	49.9     	47.9     	37.2     
	2026-04-15  	11:22:23  	00:00:27  	         	45.5     	45.7     	50.3     	55.8     	53.5     	55.0     	65.4     	78.1     	71.7     	75.6     	83.2     	81.0     	78.5     	76.3     	79.7     	84.0     	85.4     	80.3     	75.6     	80.8     	74.9     	72.4     	70.4     	71.2     	73.2     	75.9     	74.7     	73.0     	69.0     	65.4     	64.1     	62.0     	56.2     	48.1     	45.6     	36.4     
	2026-04-15  	11:22:24  	00:00:28  	         	42.6     	41.2     	51.7     	57.9     	54.9     	58.8     	66.9     	81.0     	75.1     	77.6     	83.8     	77.1     	75.5     	79.5     	75.1     	81.5     	83.5     	80.6     	79.0     	79.0     	78.8     	70.9     	67.2     	68.5     	72.7     	73.4     	71.4     	69.7     	66.7     	65.2     	64.4     	61.6     	56.1     	48.9     	45.5     	36.1     
	2026-04-15  	11:22:25  	00:00:29  	         	44.8     	42.5     	46.3     	50.8     	52.6     	54.2     	57.7     	84.3     	65.7     	70.2     	75.6     	64.8     	73.4     	71.8     	70.6     	81.7     	87.4     	84.3     	80.9     	77.7     	82.0     	71.7     	67.7     	69.0     	70.8     	77.4     	76.4     	72.7     	70.0     	68.6     	66.6     	65.2     	59.6     	49.5     	46.1     	35.8     
	2026-04-15  	11:22:26  	00:00:30  	         	39.7     	42.2     	44.0     	52.6     	54.9     	57.0     	68.4     	79.0     	70.2     	72.7     	79.2     	68.3     	74.6     	76.1     	73.8     	81.5     	81.3     	82.8     	81.4     	76.3     	75.7     	75.9     	75.3     	71.1     	73.3     	77.1     	75.2     	72.4     	68.6     	67.1     	64.6     	61.7     	57.0     	50.5     	49.3     	37.7     
	2026-04-15  	11:22:27  	00:00:31  	         	41.5     	45.8     	44.6     	49.4     	50.3     	49.7     	62.3     	65.6     	64.7     	69.0     	80.2     	68.6     	70.6     	75.0     	69.5     	80.7     	82.1     	83.2     	81.9     	76.5     	73.5     	68.1     	72.6     	65.4     	64.7     	64.3     	64.1     	64.1     	62.7     	62.4     	60.0     	57.4     	52.5     	48.1     	47.2     	36.0     
	2026-04-15  	11:22:28  	00:00:32  	         	38.7     	40.7     	46.7     	49.2     	46.3     	50.3     	52.6     	53.5     	59.4     	66.6     	81.5     	66.5     	71.0     	80.1     	68.0     	79.4     	81.7     	85.1     	76.8     	72.4     	75.2     	71.3     	67.6     	64.5     	68.3     	67.7     	67.3     	65.6     	65.2     	63.9     	60.2     	58.7     	55.0     	51.4     	50.9     	39.1     
	2026-04-15  	11:22:29  	00:00:33  	         	41.6     	44.1     	46.6     	51.7     	50.3     	59.4     	70.6     	74.7     	71.6     	73.7     	82.0     	79.2     	74.6     	77.5     	81.2     	81.4     	82.5     	85.1     	83.4     	80.2     	82.4     	76.6     	73.5     	73.8     	73.3     	72.5     	71.6     	73.1     	68.7     	65.3     	64.7     	61.4     	57.3     	52.0     	49.7     	38.5     
	2026-04-15  	11:22:30  	00:00:34  	         	42.6     	45.1     	53.2     	56.0     	51.0     	66.1     	76.8     	80.5     	74.5     	75.4     	81.1     	79.2     	74.4     	77.2     	79.7     	83.2     	82.8     	79.3     	83.2     	78.2     	77.7     	69.3     	65.8     	67.9     	69.0     	68.5     	67.6     	67.0     	62.6     	62.3     	60.1     	56.9     	52.7     	47.2     	46.1     	34.7     
	2026-04-15  	11:22:31  	00:00:35  	         	43.1     	41.6     	47.5     	47.4     	47.5     	51.4     	55.3     	54.9     	59.7     	68.5     	80.5     	68.8     	70.3     	79.5     	69.7     	79.0     	80.8     	79.2     	75.1     	77.2     	70.7     	65.6     	63.7     	62.9     	65.4     	64.1     	63.9     	65.1     	63.8     	62.6     	59.7     	57.9     	53.1     	49.3     	48.8     	36.9     
	2026-04-15  	11:22:32  	00:00:36  	         	43.1     	35.6     	46.9     	51.2     	48.5     	47.7     	55.3     	54.9     	59.1     	63.9     	80.3     	74.3     	70.8     	79.4     	77.1     	81.2     	81.5     	80.6     	81.8     	83.1     	78.8     	72.2     	67.6     	68.8     	68.5     	68.7     	67.9     	66.5     	65.2     	63.4     	60.6     	58.9     	54.7     	51.1     	50.4     	38.8     
	2026-04-15  	11:22:33  	00:00:37  	         	43.8     	40.4     	48.9     	52.8     	55.0     	65.2     	77.0     	81.1     	75.5     	78.4     	80.7     	80.8     	77.5     	78.3     	84.8     	83.1     	82.6     	79.8     	81.9     	79.9     	80.4     	70.6     	67.7     	67.7     	67.5     	68.9     	67.0     	65.1     	63.9     	62.8     	60.3     	58.5     	53.9     	50.0     	48.7     	37.7     
	2026-04-15  	11:22:34  	00:00:38  	         	43.2     	41.3     	50.4     	50.9     	54.7     	61.1     	74.3     	77.8     	69.1     	70.8     	81.5     	69.9     	69.3     	76.4     	69.9     	80.9     	84.1     	78.7     	82.0     	84.5     	73.6     	70.7     	68.8     	68.7     	73.5     	74.6     	72.9     	71.9     	67.3     	65.0     	63.3     	61.6     	56.1     	50.8     	47.6     	36.1     
	2026-04-15  	11:22:35  	00:00:39  	         	45.6     	45.9     	42.8     	46.5     	42.7     	46.5     	53.8     	56.6     	60.7     	68.8     	79.3     	68.8     	70.3     	79.4     	70.6     	79.5     	83.1     	81.1     	83.8     	83.9     	76.0     	74.7     	71.2     	70.1     	69.6     	66.9     	68.4     	68.8     	66.1     	64.5     	62.5     	61.1     	57.2     	52.0     	50.7     	38.8     
	2026-04-15  	11:22:36  	00:00:40  	         	41.3     	43.4     	46.6     	50.3     	48.2     	50.8     	54.2     	52.5     	58.1     	66.3     	77.4     	77.3     	68.1     	77.4     	81.0     	81.8     	81.2     	80.2     	81.1     	77.2     	77.4     	72.6     	70.1     	68.6     	69.0     	68.2     	66.7     	66.6     	64.6     	62.8     	60.4     	58.0     	53.7     	49.9     	48.8     	37.5     
	2026-04-15  	11:22:37  	00:00:41  	         	40.6     	44.5     	53.1     	49.9     	53.4     	67.7     	74.0     	82.5     	79.4     	79.7     	82.8     	80.0     	77.1     	80.3     	82.2     	81.7     	83.7     	78.9     	81.6     	80.9     	75.5     	70.9     	68.4     	66.9     	69.9     	71.9     	72.7     	68.1     	65.8     	63.4     	61.9     	60.5     	56.0     	49.7     	48.0     	36.9     
	2026-04-15  	11:22:38  	00:00:42  	         	43.0     	40.4     	49.5     	48.8     	48.3     	57.6     	64.9     	69.2     	62.0     	65.0     	79.7     	67.4     	68.3     	78.6     	69.5     	80.0     	82.8     	80.6     	82.9     	84.5     	73.2     	73.9     	71.1     	70.5     	73.4     	73.3     	72.2     	70.7     	66.7     	65.9     	64.2     	60.9     	55.3     	50.0     	47.2     	36.1     
	2026-04-15  	11:22:39  	00:00:43  	         	43.1     	44.1     	43.6     	45.4     	44.1     	48.4     	53.2     	54.6     	61.1     	68.1     	80.2     	67.1     	71.2     	79.9     	71.3     	80.6     	88.3     	82.9     	82.7     	85.0     	77.3     	77.2     	72.6     	72.4     	74.5     	71.1     	72.7     	71.3     	69.8     	67.7     	64.9     	62.3     	57.2     	52.3     	51.2     	39.5     
	2026-04-15  	11:22:40  	00:00:44  	         	46.3     	43.8     	47.5     	51.0     	48.3     	50.0     	53.8     	56.0     	61.4     	65.9     	74.8     	79.3     	69.2     	74.6     	81.7     	83.4     	83.9     	77.8     	83.0     	81.1     	80.8     	72.7     	69.6     	68.2     	69.3     	69.7     	69.3     	69.2     	66.4     	65.6     	62.5     	59.4     	54.4     	50.4     	49.3     	38.0     
	2026-04-15  	11:22:41  	00:00:45  	         	39.4     	46.9     	47.5     	51.3     	54.8     	57.1     	66.7     	77.5     	74.0     	76.2     	83.0     	83.4     	78.0     	79.8     	81.5     	81.0     	81.2     	77.6     	80.1     	80.6     	75.1     	69.8     	66.6     	65.3     	66.8     	72.0     	71.3     	66.5     	64.6     	62.6     	60.1     	58.8     	52.6     	46.3     	43.4     	33.8     
	2026-04-15  	11:22:42  	00:00:46  	         	40.2     	38.6     	51.5     	57.9     	56.6     	57.7     	63.7     	66.3     	66.2     	72.1     	80.2     	79.2     	77.7     	74.6     	76.8     	82.9     	84.0     	85.3     	77.0     	77.0     	79.5     	70.4     	72.0     	68.2     	67.9     	74.6     	75.3     	72.0     	70.1     	64.3     	63.3     	61.9     	56.4     	46.4     	42.1     	33.0     
	2026-04-15  	11:22:43  	00:00:47  	         	38.9     	40.8     	49.3     	51.1     	51.8     	52.7     	59.6     	60.5     	63.9     	69.0     	82.9     	67.1     	71.6     	78.3     	68.1     	80.8     	83.9     	84.7     	81.4     	84.9     	79.7     	73.9     	72.8     	70.9     	73.2     	72.9     	71.4     	70.7     	66.2     	63.1     	61.0     	59.4     	54.1     	47.7     	45.6     	34.2     
	2026-04-15  	11:22:44  	00:00:48  	         	44.1     	41.5     	44.5     	51.9     	53.2     	54.6     	57.2     	56.8     	59.4     	65.7     	75.4     	63.8     	72.1     	75.0     	67.1     	79.9     	83.0     	81.6     	87.8     	83.9     	74.6     	71.7     	72.2     	69.6     	69.2     	72.9     	74.0     	71.9     	68.6     	67.1     	65.6     	64.9     	59.7     	50.7     	48.7     	37.5     
	2026-04-15  	11:22:45  	00:00:49  	         	47.5     	41.7     	47.1     	53.2     	52.9     	56.0     	64.1     	67.5     	69.5     	72.3     	81.7     	81.5     	76.0     	74.4     	77.1     	83.9     	83.9     	83.7     	84.5     	80.6     	74.4     	71.2     	70.2     	67.6     	68.9     	73.9     	72.7     	70.9     	67.6     	64.7     	63.9     	62.3     	56.8     	48.2     	45.3     	35.1     
	2026-04-15  	11:22:46  	00:00:50  	         	42.0     	43.2     	51.8     	59.5     	56.3     	60.3     	64.5     	68.1     	73.2     	78.8     	84.2     	77.3     	78.1     	75.4     	75.3     	80.5     	83.2     	82.9     	77.9     	78.2     	76.7     	71.3     	69.2     	67.8     	71.8     	75.4     	72.6     	70.4     	68.3     	65.0     	63.2     	61.5     	55.4     	49.2     	43.9     	33.2     
	2026-04-15  	11:22:47  	00:00:51  	         	43.3     	41.8     	48.3     	52.4     	51.3     	57.5     	65.3     	85.7     	72.7     	69.5     	77.2     	73.0     	74.3     	75.0     	71.3     	79.5     	81.1     	80.8     	79.7     	80.6     	78.2     	73.4     	72.7     	70.1     	75.4     	76.3     	73.1     	73.9     	68.8     	64.3     	63.4     	62.5     	55.8     	48.1     	45.1     	34.3     
	2026-04-15  	11:22:48  	00:00:52  	         	41.1     	40.4     	45.0     	53.0     	52.9     	54.1     	60.1     	66.6     	68.3     	69.1     	78.8     	80.7     	72.9     	71.9     	79.2     	81.2     	87.0     	82.3     	83.2     	80.4     	75.3     	75.6     	70.7     	69.7     	72.2     	75.3     	74.8     	74.0     	71.5     	68.7     	66.9     	64.5     	57.7     	50.0     	47.4     	36.8     
	2026-04-15  	11:22:49  	00:00:53  	         	46.8     	38.9     	51.3     	52.9     	54.5     	55.3     	63.5     	66.7     	67.6     	73.4     	81.2     	80.6     	77.8     	75.0     	78.5     	83.1     	84.4     	81.5     	81.2     	77.6     	74.4     	71.4     	69.1     	69.1     	71.7     	71.2     	73.1     	71.5     	68.4     	65.8     	64.4     	62.6     	58.1     	48.7     	46.4     	36.5     
	2026-04-15  	11:22:50  	00:00:54  	         	44.2     	43.5     	51.2     	58.3     	52.9     	58.3     	61.0     	63.1     	61.7     	65.9     	82.3     	73.2     	72.6     	74.2     	69.6     	79.7     	85.3     	79.4     	78.5     	83.9     	74.7     	73.6     	68.7     	72.9     	73.2     	72.7     	72.6     	73.6     	68.1     	65.6     	64.5     	61.8     	56.3     	47.5     	44.7     	34.5     
	2026-04-15  	11:22:51  	00:00:55  	         	42.7     	37.4     	45.1     	48.7     	48.8     	53.4     	57.8     	57.2     	59.1     	70.0     	75.7     	65.6     	73.5     	76.4     	69.1     	83.4     	83.4     	80.9     	87.1     	84.1     	77.8     	75.0     	73.0     	69.8     	68.2     	69.2     	72.3     	72.4     	66.8     	64.7     	62.7     	61.7     	56.9     	48.9     	47.3     	36.2     
	2026-04-15  	11:22:52  	00:00:56  	         	39.8     	39.7     	49.3     	55.7     	54.0     	62.8     	72.5     	80.1     	76.5     	78.6     	81.1     	80.6     	79.1     	77.6     	80.1     	80.4     	82.8     	78.4     	84.0     	79.0     	71.1     	71.0     	72.2     	70.9     	70.9     	75.5     	77.8     	71.5     	67.5     	64.0     	61.3     	59.6     	53.2     	48.6     	46.9     	35.6     
	2026-04-15  	11:22:53  	00:00:57  	         	43.3     	41.9     	50.4     	58.9     	55.6     	57.4     	64.3     	67.5     	67.0     	73.9     	81.2     	79.2     	76.4     	74.3     	76.4     	83.1     	81.3     	81.1     	79.2     	80.7     	78.0     	73.9     	70.2     	71.9     	75.1     	74.4     	73.9     	71.7     	67.6     	67.5     	64.7     	62.4     	57.9     	49.2     	45.6     	35.6     
	2026-04-15  	11:22:54  	00:00:58  	         	39.2     	43.5     	50.3     	55.8     	53.2     	55.3     	64.8     	85.1     	74.8     	77.0     	84.2     	75.7     	76.9     	77.8     	79.7     	82.7     	82.1     	82.8     	82.3     	81.3     	79.7     	75.2     	70.5     	68.4     	71.8     	71.4     	73.0     	69.7     	65.3     	63.8     	61.3     	58.5     	52.9     	47.0     	45.6     	35.0     
	2026-04-15  	11:22:55  	00:00:59  	         	43.3     	38.0     	44.2     	50.4     	53.8     	55.7     	55.3     	73.5     	62.0     	68.1     	80.2     	81.5     	72.5     	76.0     	82.2     	80.2     	78.8     	82.0     	83.9     	78.4     	78.2     	71.3     	68.7     	70.9     	71.3     	72.3     	73.3     	68.4     	64.9     	63.2     	63.1     	62.4     	57.1     	50.0     	48.7     	37.3     
	2026-04-15  	11:22:56  	00:01:00  	         	42.7     	43.1     	47.5     	54.7     	52.9     	58.3     	71.1     	74.4     	70.6     	74.1     	81.6     	81.6     	76.6     	76.1     	80.2     	82.4     	82.6     	80.4     	81.9     	81.8     	77.2     	76.7     	73.0     	74.2     	72.7     	75.0     	73.4     	71.2     	66.1     	65.9     	63.2     	60.4     	56.6     	47.5     	45.2     	35.2     
	2026-04-15  	11:22:57  	00:01:01  	         	40.3     	39.7     	52.2     	59.0     	54.9     	59.9     	63.4     	66.9     	67.1     	72.4     	84.1     	78.1     	77.7     	77.5     	76.2     	81.9     	83.4     	81.7     	80.8     	81.9     	76.5     	72.3     	68.5     	66.8     	69.9     	72.7     	72.2     	69.5     	66.7     	65.9     	61.9     	60.2     	54.6     	45.1     	38.3     	30.9     
	2026-04-15  	11:22:58  	00:01:02  	         	39.1     	41.1     	48.9     	50.4     	50.4     	56.4     	62.8     	61.6     	61.1     	69.2     	76.4     	64.4     	74.2     	78.8     	75.6     	78.9     	82.8     	84.7     	81.0     	79.4     	80.3     	76.1     	72.1     	68.4     	75.9     	75.4     	74.9     	73.3     	68.1     	66.1     	64.9     	63.8     	57.3     	48.9     	46.6     	35.1     
	2026-04-15  	11:22:59  	00:01:03  	         	38.6     	37.1     	45.0     	54.4     	53.7     	56.2     	60.5     	74.0     	68.2     	75.6     	80.9     	76.9     	76.2     	75.2     	75.4     	75.8     	81.6     	81.4     	78.3     	78.9     	78.6     	75.6     	71.3     	67.7     	73.9     	74.9     	75.1     	72.1     	68.0     	66.1     	64.1     	62.7     	58.2     	50.7     	48.4     	36.9     
	2026-04-15  	11:23:00  	00:01:04  	         	43.2     	40.4     	47.5     	52.2     	53.2     	56.8     	65.6     	73.9     	69.1     	73.6     	82.2     	80.0     	77.6     	74.9     	75.9     	83.6     	83.1     	82.4     	80.2     	78.5     	79.2     	73.4     	67.8     	69.6     	72.6     	76.1     	74.6     	72.8     	68.8     	65.8     	64.2     	61.8     	57.4     	49.1     	44.9     	34.8     
	2026-04-15  	11:23:01  	00:01:05  	         	43.6     	44.7     	51.2     	58.7     	54.1     	59.4     	66.6     	83.0     	75.3     	77.1     	83.2     	75.3     	75.9     	75.8     	75.3     	80.2     	83.3     	81.2     	78.8     	78.0     	77.4     	74.5     	73.4     	74.3     	72.7     	71.8     	72.6     	70.3     	67.0     	64.7     	62.0     	59.2     	53.8     	46.9     	43.0     	33.0     
	2026-04-15  	11:23:02  	00:01:06  	         	39.0     	41.1     	49.5     	51.1     	51.1     	50.5     	57.1     	82.6     	64.6     	69.2     	74.7     	73.0     	72.9     	78.7     	72.3     	82.8     	83.8     	82.2     	82.1     	82.6     	78.3     	73.1     	69.5     	70.9     	72.0     	74.1     	73.0     	71.5     	67.1     	64.6     	64.1     	62.9     	57.9     	49.3     	47.3     	36.2     
	2026-04-15  	11:23:03  	00:01:07  	         	41.0     	40.4     	44.6     	58.2     	57.2     	67.9     	76.2     	80.3     	78.5     	79.4     	80.9     	82.7     	77.7     	77.3     	80.1     	79.8     	83.9     	79.1     	80.1     	76.4     	78.1     	68.5     	65.6     	66.0     	67.3     	73.4     	73.3     	70.3     	70.3     	67.5     	65.5     	65.4     	60.0     	50.2     	48.0     	37.4     
	2026-04-15  	11:23:04  	00:01:08  	         	44.1     	41.8     	50.0     	57.9     	58.6     	69.0     	70.7     	72.8     	67.4     	74.3     	81.3     	79.1     	77.9     	75.2     	77.1     	82.7     	85.0     	81.6     	76.8     	81.2     	77.1     	76.4     	71.6     	72.7     	75.2     	74.5     	73.6     	72.5     	68.9     	65.1     	63.3     	61.6     	55.9     	46.2     	42.5     	33.5     
	2026-04-15  	11:23:05  	00:01:09  	         	47.8     	38.6     	47.7     	55.2     	51.4     	53.9     	55.0     	60.7     	62.9     	68.9     	83.1     	69.8     	74.7     	75.0     	74.7     	83.7     	84.9     	81.4     	83.3     	81.5     	75.0     	72.2     	67.2     	65.1     	68.8     	74.2     	74.0     	69.2     	66.2     	65.4     	64.7     	62.0     	55.5     	48.1     	46.3     	35.9     
	2026-04-15  	11:23:06  	00:01:10  	         	35.0     	36.6     	44.6     	48.4     	50.1     	55.7     	54.6     	55.0     	56.3     	68.0     	75.6     	64.1     	73.1     	77.6     	74.4     	79.1     	82.7     	81.5     	82.3     	82.7     	77.2     	72.0     	68.0     	70.1     	69.6     	73.1     	74.8     	72.7     	68.6     	66.7     	64.7     	63.6     	58.1     	49.2     	47.2     	36.2     
	2026-04-15  	11:23:07  	00:01:11  	         	40.8     	40.3     	49.0     	56.6     	62.0     	68.1     	75.5     	80.8     	80.6     	81.0     	82.2     	81.3     	79.2     	79.4     	80.8     	82.0     	84.7     	82.6     	78.9     	79.6     	74.1     	72.6     	69.4     	69.8     	70.3     	73.2     	71.5     	69.7     	68.4     	65.8     	64.7     	63.5     	58.5     	49.7     	47.4     	37.0     
	2026-04-15  	11:23:08  	00:01:12  	         	45.1     	35.9     	50.3     	58.1     	55.0     	58.4     	63.2     	66.5     	64.9     	71.6     	83.3     	78.4     	77.8     	79.6     	78.2     	82.6     	82.7     	81.4     	78.7     	81.6     	74.4     	75.3     	70.7     	68.9     	73.4     	71.2     	70.3     	70.2     	67.8     	66.9     	66.2     	63.7     	58.5     	48.6     	45.6     	37.5     
	2026-04-15  	11:23:09  	00:01:13  	         	43.0     	39.2     	44.4     	52.4     	50.2     	53.7     	66.2     	85.5     	74.6     	76.6     	79.6     	76.3     	77.4     	77.3     	79.0     	83.2     	84.1     	83.7     	84.4     	82.6     	76.9     	72.7     	67.4     	66.4     	67.7     	71.5     	72.2     	69.5     	66.9     	65.2     	62.4     	61.3     	55.9     	48.1     	46.6     	35.7     
	2026-04-15  	11:23:10  	00:01:14  	         	46.7     	44.4     	48.4     	55.5     	55.3     	52.4     	62.0     	71.6     	66.3     	71.7     	79.5     	80.5     	76.1     	78.3     	84.2     	79.9     	82.6     	80.5     	83.6     	78.5     	75.7     	73.0     	71.1     	69.8     	71.7     	74.0     	74.2     	71.3     	67.0     	65.4     	63.1     	60.9     	55.7     	50.7     	49.2     	37.8     
	2026-04-15  	11:23:11  	00:01:15  	         	41.8     	41.3     	47.4     	53.6     	49.2     	60.7     	69.0     	77.1     	69.2     	67.9     	81.4     	67.3     	69.0     	79.7     	68.2     	80.5     	81.3     	82.6     	79.8     	78.5     	76.0     	74.2     	70.7     	72.9     	73.2     	74.2     	69.6     	69.6     	65.7     	64.1     	61.9     	57.7     	53.1     	47.4     	45.7     	34.5     
	2026-04-15  	11:23:12  	00:01:16  	         	42.8     	39.5     	46.1     	48.2     	44.6     	47.0     	53.0     	56.5     	61.5     	68.8     	80.3     	68.0     	71.3     	78.9     	70.8     	77.7     	80.3     	82.3     	79.1     	76.7     	71.0     	68.1     	63.0     	66.3     	69.0     	68.3     	65.6     	65.9     	64.8     	64.2     	61.3     	59.8     	55.4     	51.5     	50.9     	39.1     
	2026-04-15  	11:23:13  	00:01:17  	         	45.6     	40.3     	43.1     	47.0     	49.0     	49.9     	54.0     	55.4     	61.0     	67.7     	76.8     	77.2     	71.2     	78.2     	81.5     	82.0     	82.6     	84.3     	80.9     	80.8     	80.3     	75.3     	71.7     	72.1     	73.8     	73.5     	71.5     	71.8     	67.8     	65.7     	64.0     	61.3     	57.5     	51.6     	49.3     	38.2     
	2026-04-15  	11:23:14  	00:01:18  	         	41.9     	43.2     	52.0     	53.5     	53.9     	63.7     	78.0     	83.0     	74.5     	77.9     	81.4     	80.1     	75.2     	77.0     	83.7     	81.3     	83.2     	79.9     	82.7     	78.4     	77.5     	74.4     	72.2     	73.0     	72.4     	70.5     	69.5     	67.8     	64.2     	64.2     	61.9     	59.8     	55.0     	49.9     	48.2     	37.2     
	2026-04-15  	11:23:15  	00:01:19  	         	35.9     	42.4     	47.9     	50.3     	50.7     	54.5     	66.1     	63.0     	63.3     	68.8     	79.9     	68.9     	69.8     	75.0     	66.7     	81.5     	81.7     	77.9     	76.7     	73.7     	69.4     	66.4     	62.8     	61.5     	63.4     	65.5     	64.5     	64.6     	62.3     	62.6     	59.7     	57.7     	53.0     	48.1     	47.3     	35.9     
	2026-04-15  	11:23:16  	00:01:20  	         	43.0     	38.9     	48.8     	53.5     	51.7     	64.6     	74.4     	80.7     	77.2     	79.9     	83.9     	73.6     	75.9     	81.7     	78.7     	80.4     	82.5     	80.7     	77.8     	80.3     	72.4     	68.2     	65.9     	69.5     	69.7     	69.1     	69.2     	66.4     	63.9     	62.7     	59.3     	57.8     	54.1     	50.9     	50.3     	38.6     
	2026-04-15  	11:23:17  	00:01:21  	         	43.5     	40.0     	50.3     	50.3     	50.2     	56.4     	59.7     	63.3     	61.8     	66.6     	74.0     	80.3     	69.0     	75.9     	78.9     	82.1     	82.9     	75.7     	78.5     	74.5     	75.3     	69.1     	67.8     	68.3     	71.3     	71.0     	66.2     	67.1     	64.4     	63.6     	61.7     	59.1     	54.8     	50.8     	49.8     	38.3     
	2026-04-15  	11:23:18  	00:01:22  	         	35.3     	43.3     	48.5     	47.9     	55.4     	63.9     	73.6     	79.8     	74.0     	75.2     	81.2     	76.9     	72.5     	80.9     	80.2     	81.7     	83.3     	78.5     	79.4     	83.8     	74.2     	74.2     	70.7     	70.2     	73.4     	75.4     	74.7     	72.2     	66.7     	64.4     	62.4     	60.9     	56.7     	50.0     	46.9     	35.3     
	2026-04-15  	11:23:19  	00:01:23  	         	37.5     	40.8     	44.6     	48.9     	44.9     	46.9     	52.8     	55.4     	60.1     	68.7     	78.9     	68.4     	69.4     	79.7     	66.5     	80.1     	85.6     	80.9     	86.2     	84.5     	76.8     	78.3     	71.2     	71.0     	70.2     	69.1     	69.7     	67.8     	65.6     	65.0     	63.4     	60.4     	55.7     	50.8     	49.0     	37.3     
	2026-04-15  	11:23:20  	00:01:24  	         	40.8     	30.6     	46.3     	48.1     	45.6     	48.1     	53.6     	55.6     	54.8     	62.8     	78.7     	65.0     	68.2     	75.0     	69.2     	81.4     	80.1     	77.6     	79.4     	75.5     	76.4     	72.9     	67.7     	69.1     	71.6     	69.0     	68.2     	68.7     	65.1     	64.0     	60.5     	59.2     	55.0     	51.4     	50.5     	38.9     
	2026-04-15  	11:23:21  	00:01:25  	         	38.4     	38.0     	49.7     	51.6     	44.4     	51.0     	58.8     	65.0     	71.6     	69.8     	79.5     	83.1     	75.7     	79.2     	82.0     	82.6     	81.9     	77.8     	80.0     	79.9     	77.4     	69.7     	71.0     	72.2     	71.1     	72.5     	69.7     	67.3     	65.3     	64.3     	61.2     	59.6     	54.4     	49.9     	48.5     	37.4     
	2026-04-15  	11:23:22  	00:01:26  	         	45.7     	36.0     	48.5     	48.5     	50.1     	62.6     	70.7     	78.3     	70.3     	70.5     	80.4     	67.5     	69.1     	80.9     	76.2     	81.3     	83.3     	78.2     	84.6     	83.6     	74.7     	74.5     	69.9     	71.1     	74.2     	74.3     	74.6     	71.3     	66.7     	64.9     	63.9     	60.8     	55.7     	50.0     	47.6     	35.7     
	2026-04-15  	11:23:23  	00:01:27  	         	40.4     	38.7     	46.0     	46.7     	47.6     	47.8     	52.6     	58.5     	59.6     	67.5     	79.7     	67.9     	71.9     	75.2     	68.0     	78.4     	82.6     	80.5     	82.6     	85.2     	77.0     	77.8     	72.3     	71.1     	75.4     	70.1     	72.0     	71.0     	67.9     	65.0     	63.7     	60.5     	56.3     	51.9     	50.7     	38.7     
	2026-04-15  	11:23:24  	00:01:28  	         	35.8     	40.4     	45.0     	49.6     	45.4     	49.2     	52.4     	55.3     	59.6     	67.0     	77.1     	75.4     	70.7     	77.9     	77.7     	83.6     	87.8     	81.6     	80.8     	77.5     	75.9     	74.4     	73.4     	73.7     	74.5     	74.2     	73.3     	72.6     	70.9     	70.3     	66.6     	64.4     	57.9     	50.9     	49.2     	38.1     
	2026-04-15  	11:23:25  	00:01:29  	         	34.1     	42.1     	48.3     	49.7     	50.6     	56.2     	72.3     	77.6     	70.2     	74.1     	78.4     	81.1     	74.3     	78.0     	80.7     	82.3     	85.7     	81.0     	81.3     	75.9     	74.6     	75.7     	74.0     	73.3     	75.8     	76.6     	74.3     	73.4     	69.1     	68.1     	65.9     	61.9     	56.9     	50.6     	48.6     	37.7     
	2026-04-15  	11:23:26  	00:01:30  	         	37.8     	37.2     	44.5     	48.9     	48.7     	56.4     	68.1     	67.5     	61.8     	63.2     	79.9     	66.8     	68.4     	76.1     	65.7     	79.8     	82.0     	84.3     	81.9     	79.3     	80.2     	78.5     	77.6     	71.3     	77.1     	77.8     	75.6     	73.1     	67.3     	67.1     	64.2     	59.7     	54.5     	49.8     	47.4     	36.4     
	2026-04-15  	11:23:27  	00:01:31  	         	42.3     	42.3     	46.8     	49.6     	49.0     	54.5     	65.6     	85.2     	76.7     	78.6     	81.5     	72.6     	76.9     	80.4     	72.4     	80.2     	82.1     	82.7     	76.8     	73.4     	72.1     	67.2     	63.5     	65.9     	69.6     	68.8     	67.3     	67.2     	65.0     	63.9     	61.3     	59.5     	54.9     	51.4     	50.8     	38.9     
	2026-04-15  	11:23:28  	00:01:32  	         	39.3     	44.0     	48.1     	50.6     	47.2     	45.9     	59.4     	79.2     	64.9     	67.9     	75.4     	77.5     	71.3     	76.2     	82.5     	81.0     	81.3     	82.4     	82.4     	78.3     	82.0     	74.6     	72.4     	75.0     	75.4     	76.2     	72.5     	72.9     	68.3     	66.3     	65.6     	62.5     	57.0     	51.5     	49.5     	38.5     
	2026-04-15  	11:23:29  	00:01:33  	         	39.3     	43.7     	50.0     	52.1     	52.0     	65.0     	77.1     	80.8     	73.1     	75.7     	81.1     	77.9     	75.4     	77.3     	81.2     	81.8     	82.0     	79.6     	81.7     	77.7     	78.8     	70.7     	69.5     	72.8     	70.3     	70.3     	67.7     	66.5     	63.8     	63.0     	59.6     	57.8     	52.7     	47.3     	45.9     	34.8     
	2026-04-15  	11:23:30  	00:01:34  	         	42.5     	42.1     	46.6     	51.4     	49.3     	50.0     	57.4     	56.4     	61.0     	69.0     	79.9     	67.4     	70.1     	79.5     	67.5     	77.3     	79.2     	77.6     	76.3     	71.6     	70.6     	69.1     	63.1     	63.2     	64.7     	65.6     	65.7     	65.2     	63.4     	63.0     	60.2     	57.4     	52.0     	47.1     	46.4     	35.6     
	2026-04-15  	11:23:31  	00:01:35  	         	43.3     	42.4     	48.3     	48.7     	48.8     	49.8     	55.3     	50.4     	56.5     	63.7     	79.6     	62.4     	69.2     	77.3     	67.9     	78.3     	81.6     	79.4     	75.2     	69.2     	72.9     	70.6     	70.4     	71.4     	71.5     	70.2     	67.0     	64.9     	63.3     	63.1     	59.8     	58.3     	54.5     	51.5     	51.3     	39.3     
	2026-04-15  	11:23:32  	00:01:36  	         	40.6     	41.0     	47.2     	51.1     	48.3     	57.0     	73.8     	77.9     	72.1     	72.8     	76.9     	81.5     	76.3     	79.1     	82.9     	81.8     	82.8     	77.5     	79.6     	77.2     	75.7     	71.1     	73.5     	71.5     	72.2     	71.9     	67.3     	66.5     	65.0     	63.9     	61.3     	59.3     	55.0     	50.7     	49.4     	38.3     
	2026-04-15  	11:23:33  	00:01:37  	         	42.8     	45.0     	45.8     	51.6     	57.7     	67.3     	78.2     	80.6     	73.9     	76.1     	82.9     	71.1     	75.5     	81.3     	77.2     	81.0     	83.1     	83.6     	82.3     	84.4     	73.4     	73.1     	69.8     	71.4     	72.2     	75.5     	74.5     	71.4     	67.9     	64.5     	63.1     	60.9     	55.6     	50.0     	47.6     	35.7     
	2026-04-15  	11:23:34  	00:01:38  	         	44.3     	42.0     	42.8     	47.0     	49.5     	45.0     	53.8     	56.9     	62.4     	68.6     	79.7     	67.1     	71.2     	73.9     	69.4     	80.0     	84.7     	80.6     	84.4     	82.9     	77.2     	75.2     	70.7     	69.7     	69.3     	66.4     	67.0     	68.2     	65.3     	64.0     	61.5     	60.5     	56.8     	52.2     	50.7     	38.7     
	2026-04-15  	11:23:35  	00:01:39  	         	45.7     	42.3     	45.6     	47.8     	47.6     	48.3     	55.0     	54.9     	58.9     	66.6     	78.2     	75.5     	70.3     	78.6     	81.1     	81.7     	81.0     	79.1     	76.0     	77.1     	75.6     	69.9     	70.2     	74.4     	73.5     	68.9     	65.2     	66.5     	64.8     	63.5     	60.1     	58.6     	53.6     	49.9     	49.1     	37.6     
	2026-04-15  	11:23:36  	00:01:40  	         	47.7     	43.1     	52.9     	54.1     	48.6     	55.9     	71.1     	76.8     	68.5     	73.8     	78.0     	81.9     	76.5     	81.0     	83.0     	81.2     	83.6     	81.2     	84.0     	80.0     	74.8     	70.6     	71.2     	71.8     	72.7     	72.6     	73.8     	68.6     	64.7     	64.0     	61.7     	59.5     	54.5     	49.4     	47.9     	37.1     
	2026-04-15  	11:23:37  	00:01:41  	         	41.8     	42.4     	48.0     	48.4     	44.3     	59.0     	69.9     	71.2     	64.8     	67.1     	80.3     	65.8     	67.9     	80.5     	69.4     	81.0     	83.2     	78.5     	85.7     	82.6     	72.6     	72.8     	68.1     	66.4     	73.3     	76.6     	75.5     	72.2     	66.9     	64.9     	64.0     	61.4     	56.1     	49.1     	45.4     	34.5     
	2026-04-15  	11:23:38  	00:01:42  	         	46.8     	43.2     	47.9     	47.6     	40.3     	44.1     	56.2     	58.4     	61.7     	67.7     	80.6     	68.6     	72.4     	76.4     	68.9     	79.7     	83.9     	84.3     	85.2     	85.9     	77.0     	77.6     	73.3     	72.4     	77.5     	71.5     	73.5     	70.8     	67.6     	65.6     	62.4     	60.3     	56.1     	52.7     	51.3     	39.5     
	2026-04-15  	11:23:39  	00:01:43  	         	40.7     	40.7     	44.5     	49.1     	51.6     	53.4     	55.3     	59.6     	68.8     	75.2     	75.7     	78.5     	78.1     	78.1     	84.2     	83.4     	82.8     	77.8     	77.8     	77.0     	76.8     	73.8     	73.8     	71.7     	75.3     	75.2     	71.8     	71.4     	69.0     	66.6     	63.1     	61.0     	54.6     	49.9     	49.1     	38.0     
	2026-04-15  	11:23:40  	00:01:44  	         	41.6     	39.3     	45.8     	47.6     	46.9     	60.4     	71.6     	78.8     	71.0     	74.3     	78.1     	81.0     	73.9     	76.4     	82.1     	81.1     	80.3     	76.4     	79.1     	81.1     	81.0     	77.2     	71.8     	72.5     	73.1     	74.6     	70.1     	67.2     	64.2     	64.2     	60.2     	57.5     	51.0     	45.0     	44.3     	34.0     
	2026-04-15  	11:23:41  	00:01:45  	         	38.2     	39.4     	43.4     	47.4     	48.1     	52.3     	60.4     	54.6     	48.2     	49.4     	54.6     	57.2     	56.9     	62.3     	64.2     	78.7     	80.1     	73.1     	72.8     	64.1     	65.5     	64.6     	59.6     	60.3     	62.1     	63.6     	64.2     	64.8     	62.8     	62.5     	60.4     	57.4     	52.5     	48.1     	47.3     	36.2     
	2026-04-15  	11:23:42  	00:01:46  	         	37.2     	38.6     	41.5     	44.2     	45.7     	49.6     	55.5     	50.6     	52.6     	56.4     	58.3     	54.8     	56.4     	58.9     	66.4     	79.1     	79.2     	76.7     	76.7     	77.4     	80.4     	67.3     	65.5     	64.1     	64.9     	66.3     	66.4     	64.7     	63.9     	63.2     	60.1     	58.7     	54.7     	51.8     	51.4     	39.4     
	2026-04-15  	11:23:43  	00:01:47  	         	39.3     	42.7     	47.0     	50.1     	46.5     	44.7     	50.5     	54.0     	52.5     	59.7     	63.8     	61.3     	66.2     	69.4     	70.5     	81.8     	85.1     	78.7     	83.2     	74.5     	78.6     	77.8     	74.4     	76.0     	74.2     	71.3     	71.0     	70.0     	67.6     	67.0     	64.9     	62.3     	56.9     	51.2     	49.7     	38.5     
	2026-04-15  	11:23:44  	00:01:48  	         	44.7     	43.8     	48.0     	49.8     	48.8     	60.0     	74.4     	78.5     	70.2     	74.5     	76.6     	66.5     	71.8     	71.4     	72.9     	78.7     	79.3     	77.6     	84.2     	80.0     	76.4     	74.7     	70.0     	71.9     	73.3     	70.2     	68.2     	67.3     	63.6     	63.2     	59.4     	57.4     	52.3     	47.3     	47.0     	35.3     
	2026-04-15  	11:23:45  	00:01:49  	         	43.9     	40.2     	42.5     	45.2     	42.8     	43.9     	53.2     	54.1     	48.8     	53.8     	59.5     	61.3     	61.6     	63.4     	67.8     	80.5     	83.7     	80.9     	79.0     	73.1     	70.0     	68.5     	73.0     	69.3     	68.9     	69.2     	69.0     	68.1     	66.8     	65.4     	62.5     	59.8     	54.6     	49.7     	48.7     	37.0     
	2026-04-15  	11:23:46  	00:01:50  	         	38.7     	41.6     	46.1     	46.6     	46.7     	52.0     	55.1     	53.7     	54.0     	56.7     	60.7     	62.6     	62.8     	69.0     	71.5     	83.3     	86.4     	86.4     	80.9     	76.1     	75.7     	73.7     	73.7     	75.4     	71.5     	71.3     	72.1     	70.8     	69.6     	68.0     	65.3     	63.1     	57.7     	52.4     	51.4     	40.0     
	2026-04-15  	11:23:47  	00:01:51  	         	44.5     	44.2     	49.4     	48.5     	48.9     	57.4     	66.0     	76.1     	70.2     	74.5     	81.1     	79.0     	75.5     	79.5     	79.0     	79.1     	80.6     	80.7     	78.3     	73.0     	72.9     	72.8     	73.2     	78.0     	69.3     	68.5     	70.0     	65.8     	66.9     	68.2     	63.9     	60.2     	55.9     	50.1     	49.3     	37.8     
	2026-04-15  	11:23:48  	00:01:52  	         	45.2     	42.8     	48.9     	47.8     	46.1     	59.3     	67.4     	75.2     	67.9     	69.4     	73.8     	80.7     	67.1     	71.2     	78.1     	82.2     	81.5     	80.2     	75.7     	74.0     	73.8     	74.8     	69.6     	75.7     	70.1     	68.3     	70.3     	65.8     	65.4     	65.3     	63.5     	61.7     	56.5     	47.9     	47.0     	36.4     
	2026-04-15  	11:23:49  	00:01:53  	         	41.0     	37.6     	43.4     	45.8     	43.7     	49.5     	51.1     	56.6     	61.7     	65.3     	77.8     	74.7     	70.1     	73.3     	72.1     	81.6     	84.0     	80.7     	77.1     	74.8     	78.4     	73.2     	68.2     	77.8     	71.7     	68.2     	72.0     	66.8     	64.7     	64.3     	61.9     	60.2     	55.6     	51.4     	50.6     	38.7     
	2026-04-15  	11:23:50  	00:01:54  	         	42.9     	40.1     	46.0     	50.0     	47.3     	50.5     	55.4     	57.8     	57.8     	68.6     	76.0     	65.3     	73.8     	77.1     	69.9     	82.3     	83.8     	81.6     	80.9     	76.1     	78.3     	73.4     	69.7     	76.6     	67.9     	68.2     	70.1     	68.0     	66.2     	65.3     	64.2     	61.0     	56.7     	51.1     	50.3     	39.6     
	2026-04-15  	11:23:51  	00:01:55  	         	37.7     	39.8     	50.0     	51.4     	46.8     	60.7     	70.2     	77.9     	71.7     	75.3     	79.9     	80.4     	74.9     	76.1     	78.2     	83.3     	82.3     	78.3     	73.6     	76.6     	74.5     	76.0     	72.9     	69.7     	75.2     	72.8     	73.8     	70.6     	69.1     	68.8     	67.1     	67.3     	62.7     	51.1     	47.6     	36.6     
	2026-04-15  	11:23:52  	00:01:56  	         	38.6     	36.3     	43.2     	48.0     	49.0     	53.7     	58.3     	59.3     	61.6     	65.5     	74.5     	80.2     	71.4     	73.0     	79.7     	81.1     	81.0     	79.4     	78.7     	84.2     	75.2     	73.0     	68.6     	68.8     	75.2     	69.3     	73.2     	69.2     	65.6     	64.4     	64.0     	60.6     	56.7     	48.3     	47.3     	37.0     
	2026-04-15  	11:23:53  	00:01:57  	         	35.1     	35.9     	42.4     	47.0     	42.4     	52.1     	55.7     	56.8     	59.5     	66.6     	78.5     	67.5     	71.8     	79.7     	69.2     	81.3     	84.2     	83.4     	85.5     	78.1     	75.8     	76.6     	68.5     	71.0     	73.5     	69.9     	71.9     	70.8     	65.6     	65.4     	65.0     	62.1     	57.4     	52.1     	51.2     	39.8     
	2026-04-15  	11:23:54  	00:01:58  	         	41.7     	39.1     	45.6     	50.4     	47.4     	49.0     	54.1     	53.5     	57.0     	67.9     	72.7     	78.5     	70.0     	69.9     	75.8     	81.4     	82.7     	79.2     	81.6     	81.5     	76.2     	77.9     	72.7     	68.9     	76.8     	72.1     	72.1     	69.2     	66.5     	65.8     	64.5     	62.6     	57.6     	50.5     	49.1     	38.8     
	2026-04-15  	11:23:55  	00:01:59  	         	41.8     	35.1     	48.6     	47.1     	52.9     	65.3     	73.7     	76.7     	71.0     	74.7     	78.0     	80.0     	74.2     	75.9     	80.1     	81.5     	81.9     	80.1     	78.6     	80.3     	77.7     	79.4     	69.3     	67.4     	72.2     	74.8     	71.1     	68.6     	64.6     	64.1     	62.4     	59.6     	53.3     	46.9     	46.5     	35.4     
	2026-04-15  	11:23:56  	00:02:00  	         	42.4     	39.1     	45.5     	49.2     	46.5     	49.1     	51.2     	58.0     	59.7     	65.5     	75.3     	78.5     	72.9     	78.5     	78.4     	82.4     	82.8     	88.6     	82.5     	79.6     	75.2     	75.6     	68.0     	68.3     	69.7     	70.0     	70.7     	68.1     	66.7     	65.9     	64.5     	62.7     	56.8     	50.0     	49.2     	37.9     
	2026-04-15  	11:23:57  	00:02:01  	         	44.1     	42.9     	45.3     	49.5     	46.3     	50.5     	52.8     	53.6     	57.9     	68.0     	76.5     	66.7     	71.3     	76.9     	70.0     	82.4     	83.3     	81.4     	85.1     	83.2     	78.4     	75.5     	70.1     	73.1     	72.9     	70.3     	70.6     	68.2     	65.8     	65.1     	63.8     	61.1     	56.6     	52.0     	50.9     	39.9     
	2026-04-15  	11:23:58  	00:02:02  	         	41.5     	40.7     	47.3     	48.7     	43.1     	56.7     	61.1     	64.5     	71.8     	72.7     	78.2     	75.8     	76.5     	76.1     	74.2     	79.1     	82.5     	78.8     	80.7     	82.8     	75.1     	76.9     	72.0     	71.5     	75.9     	71.8     	74.3     	70.9     	67.5     	66.4     	65.3     	64.0     	58.1     	50.2     	48.6     	38.1     
	2026-04-15  	11:23:59  	00:02:03  	         	42.0     	39.2     	51.7     	53.8     	55.9     	66.5     	75.6     	71.8     	72.6     	71.6     	73.5     	81.2     	70.1     	69.3     	75.1     	82.0     	82.6     	80.1     	75.7     	78.5     	83.2     	74.6     	70.0     	68.5     	73.6     	74.7     	73.5     	69.6     	65.3     	64.0     	63.6     	60.3     	55.4     	47.6     	45.4     	35.9     
	2026-04-15  	11:24:00  	00:02:04  	         	42.1     	40.3     	44.9     	48.1     	45.6     	52.5     	56.2     	62.6     	70.7     	76.4     	79.2     	77.4     	80.4     	80.9     	77.1     	81.2     	82.7     	81.7     	81.6     	78.5     	75.3     	77.1     	69.1     	68.9     	77.2     	69.4     	72.3     	68.2     	65.4     	64.5     	61.8     	60.9     	56.4     	51.0     	50.1     	38.6     
	2026-04-15  	11:24:01  	00:02:05  	         	40.2     	37.5     	48.8     	50.8     	48.1     	54.8     	56.5     	65.2     	71.8     	79.5     	76.9     	76.0     	80.9     	81.2     	77.2     	82.2     	79.3     	80.4     	85.0     	77.0     	76.1     	77.4     	67.4     	69.3     	73.7     	66.8     	70.4     	65.7     	62.8     	61.1     	57.8     	56.2     	52.1     	50.0     	49.4     	38.0     
	2026-04-15  	11:24:02  	00:02:06  	         	38.6     	39.0     	51.0     	52.5     	51.8     	58.8     	62.5     	67.5     	78.3     	82.4     	80.3     	79.8     	74.7     	74.5     	79.4     	79.8     	80.7     	79.1     	74.9     	75.1     	78.8     	70.3     	67.5     	67.2     	68.4     	71.2     	68.3     	69.2     	66.4     	66.6     	65.4     	66.2     	63.3     	57.5     	54.2     	38.1     
	2026-04-15  	11:24:03  	00:02:07  	         	40.1     	40.3     	39.9     	36.1     	41.9     	42.9     	50.1     	65.7     	64.5     	83.5     	77.3     	65.1     	69.7     	70.5     	78.5     	73.2     	75.8     	80.7     	76.8     	74.9     	73.4     	69.3     	68.7     	64.7     	69.2     	69.0     	64.4     	66.3     	59.7     	61.7     	61.7     	62.4     	64.5     	54.6     	49.8     	32.2     
	2026-04-15  	11:24:04  	00:02:08  	         	44.1     	36.8     	35.1     	41.2     	42.3     	48.0     	51.3     	53.6     	61.4     	83.1     	77.5     	59.8     	68.0     	65.2     	75.1     	73.9     	82.2     	75.2     	75.0     	75.6     	75.1     	73.4     	70.0     	67.7     	69.3     	66.4     	64.7     	61.9     	57.7     	52.7     	46.8     	46.6     	48.0     	46.8     	44.7     	30.5     
	2026-04-15  	11:24:05  	00:02:09  	         	41.1     	40.6     	35.5     	38.2     	39.2     	43.0     	47.7     	55.3     	59.9     	83.4     	77.3     	63.0     	70.2     	65.8     	75.0     	77.7     	79.9     	76.0     	77.5     	77.4     	77.6     	72.9     	71.8     	67.0     	68.2     	67.2     	64.4     	63.3     	60.1     	60.4     	62.6     	64.4     	66.1     	58.5     	52.9     	34.6     
	2026-04-15  	11:24:06  	00:02:10  	         	45.0     	38.2     	37.1     	37.6     	38.8     	42.6     	47.3     	54.0     	58.6     	82.6     	76.9     	63.1     	69.3     	67.7     	73.8     	78.4     	76.5     	76.9     	79.2     	79.0     	73.7     	74.4     	69.2     	64.6     	65.2     	65.7     	63.5     	63.1     	60.3     	60.7     	58.5     	55.7     	53.7     	49.0     	46.3     	31.3     
	2026-04-15  	11:24:07  	00:02:11  	         	44.0     	39.8     	39.5     	36.5     	46.8     	48.2     	60.9     	71.5     	77.3     	80.2     	78.5     	77.6     	75.6     	71.2     	71.1     	74.7     	71.5     	75.1     	78.5     	72.0     	75.2     	77.0     	69.5     	66.5     	64.7     	65.2     	64.8     	60.4     	56.9     	56.1     	51.6     	50.9     	51.1     	48.7     	46.3     	31.5     
	2026-04-15  	11:24:08  	00:02:12  	         	41.2     	41.0     	29.9     	42.8     	42.9     	48.5     	65.0     	73.6     	68.9     	84.2     	78.1     	58.4     	68.7     	66.1     	74.0     	76.1     	89.5     	87.4     	79.3     	75.1     	76.3     	70.4     	65.1     	69.1     	62.9     	63.9     	64.9     	62.9     	58.4     	59.9     	60.6     	58.7     	58.6     	55.2     	49.6     	32.5     
	2026-04-15  	11:24:09  	00:02:13  	         	36.5     	27.1     	38.7     	38.1     	43.5     	48.4     	61.9     	70.7     	74.4     	80.9     	75.3     	72.6     	73.4     	69.7     	72.0     	84.6     	88.2     	76.5     	73.7     	77.9     	76.2     	69.1     	71.1     	67.8     	69.0     	63.0     	58.6     	55.1     	52.7     	57.7     	61.8     	60.7     	60.9     	57.6     	50.8     	33.5     
	2026-04-15  	11:24:10  	00:02:14  	         	42.6     	38.1     	37.5     	37.9     	36.4     	38.4     	37.7     	42.0     	59.2     	79.9     	53.9     	50.0     	65.4     	62.1     	77.7     	80.8     	81.8     	76.2     	72.6     	78.8     	76.9     	73.2     	64.4     	62.6     	66.4     	68.0     	62.2     	57.4     	51.9     	51.0     	55.6     	59.9     	59.3     	58.4     	53.6     	34.9     
	2026-04-15  	11:24:11  	00:02:15  	         	44.1     	37.2     	30.8     	39.9     	41.7     	42.8     	56.5     	67.0     	71.6     	80.1     	67.8     	69.3     	72.2     	68.5     	78.0     	77.3     	70.5     	73.8     	69.8     	70.7     	71.1     	63.1     	64.6     	59.5     	65.2     	60.4     	57.2     	61.5     	65.0     	61.4     	62.4     	57.9     	51.9     	47.8     	45.6     	30.6     
	2026-04-15  	11:24:12  	00:02:16  	         	41.8     	37.0     	36.3     	39.9     	40.9     	46.8     	60.2     	69.0     	78.4     	74.3     	68.5     	70.3     	67.6     	68.3     	72.4     	77.0     	85.2     	81.0     	71.3     	80.0     	76.5     	72.7     	72.2     	62.5     	68.4     	72.1     	63.9     	61.4     	51.9     	56.9     	58.8     	59.1     	58.1     	55.4     	50.2     	33.3     
	2026-04-15  	11:24:13  	00:02:17  	         	39.9     	37.0     	39.5     	41.8     	43.3     	47.9     	57.7     	66.7     	78.4     	72.9     	66.8     	70.2     	69.9     	70.4     	63.4     	77.9     	89.8     	81.1     	70.0     	82.2     	70.4     	66.7     	64.5     	63.3     	59.8     	55.5     	62.5     	59.7     	55.3     	55.6     	55.4     	52.9     	51.8     	51.1     	52.5     	36.4     
	2026-04-15  	11:24:14  	00:02:18  	         	41.0     	36.7     	29.3     	33.4     	33.7     	39.8     	41.0     	43.5     	76.1     	69.5     	47.8     	62.6     	65.2     	67.4     	74.3     	87.1     	82.4     	72.5     	80.3     	78.3     	80.7     	75.8     	74.0     	68.0     	72.0     	69.6     	62.3     	58.7     	47.7     	50.4     	51.7     	52.2     	52.8     	52.3     	46.9     	31.2     
	2026-04-15  	11:24:15  	00:02:19  	         	42.3     	36.2     	36.2     	34.0     	37.1     	43.1     	55.1     	64.9     	75.1     	71.5     	68.0     	69.4     	68.1     	68.1     	76.6     	88.2     	86.3     	67.8     	76.6     	75.9     	74.8     	63.0     	63.6     	60.9     	60.0     	56.1     	58.9     	60.9     	65.9     	61.0     	62.5     	59.7     	53.0     	46.3     	42.4     	29.9     
	2026-04-15  	11:24:16  	00:02:20  	         	43.1     	34.2     	31.7     	38.7     	37.7     	40.2     	57.9     	67.6     	69.6     	73.2     	67.7     	65.3     	66.3     	63.1     	76.4     	82.9     	70.9     	68.5     	70.8     	69.2     	73.6     	68.2     	70.8     	64.3     	65.0     	66.4     	60.5     	54.5     	50.2     	52.5     	53.7     	50.8     	45.5     	42.2     	39.9     	29.7     
	2026-04-15  	11:24:17  	00:02:21  	         	40.4     	38.9     	33.3     	37.0     	36.3     	43.9     	53.7     	63.3     	67.0     	73.9     	68.5     	65.0     	65.9     	64.2     	66.5     	81.2     	89.5     	81.4     	73.8     	79.3     	74.4     	69.6     	64.9     	60.4     	66.8     	63.4     	61.3     	57.3     	48.7     	53.6     	54.6     	61.7     	58.9     	57.0     	49.1     	32.7     
	2026-04-15  	11:24:18  	00:02:22  	         	39.2     	36.9     	32.1     	35.0     	34.8     	40.7     	48.6     	52.6     	55.3     	73.9     	61.7     	50.7     	60.3     	56.3     	69.7     	84.4     	87.7     	82.9     	75.0     	73.0     	77.1     	69.0     	66.0     	66.2     	63.4     	58.5     	58.1     	57.5     	62.1     	56.4     	59.0     	57.7     	53.3     	52.2     	48.1     	31.8     
	2026-04-15  	11:24:19  	00:02:23  	         	42.5     	32.9     	35.7     	35.4     	34.1     	36.6     	39.4     	44.1     	53.5     	74.1     	48.2     	47.9     	60.7     	56.6     	66.3     	79.9     	88.2     	85.6     	76.0     	76.6     	79.3     	71.9     	67.8     	63.8     	68.0     	65.3     	63.8     	58.6     	54.2     	51.5     	49.3     	49.7     	48.8     	49.2     	47.2     	31.8     
	2026-04-15  	11:24:20  	00:02:24  	         	38.4     	38.7     	34.2     	40.7     	38.8     	43.8     	56.6     	66.2     	73.7     	72.6     	66.0     	67.7     	68.1     	66.8     	71.7     	86.9     	81.9     	69.0     	80.1     	75.3     	81.5     	71.5     	69.5     	64.9     	62.9     	61.7     	62.9     	57.6     	51.7     	58.6     	59.1     	54.6     	50.4     	48.4     	44.7     	30.6     
	2026-04-15  	11:24:21  	00:02:25  	         	40.3     	32.2     	36.6     	37.5     	34.9     	39.4     	43.1     	51.6     	73.5     	68.1     	63.2     	66.2     	66.5     	66.0     	75.6     	84.9     	72.0     	70.9     	79.8     	74.1     	82.6     	70.0     	65.2     	59.8     	63.4     	68.4     	62.3     	58.9     	52.6     	50.1     	50.0     	47.7     	46.3     	49.4     	46.6     	31.5     
	2026-04-15  	11:24:22  	00:02:26  	         	44.8     	40.2     	40.1     	44.0     	36.7     	40.6     	54.0     	63.3     	73.2     	67.5     	54.8     	58.9     	56.2     	65.5     	75.4     	78.4     	78.5     	68.5     	69.4     	72.5     	68.8     	64.7     	58.3     	55.5     	64.5     	60.5     	55.6     	50.3     	47.8     	49.7     	51.2     	52.0     	53.6     	49.8     	44.1     	30.4     
	2026-04-15  	11:24:23  	00:02:27  	         	43.3     	38.4     	37.2     	37.1     	38.3     	39.2     	53.5     	62.7     	74.8     	69.5     	63.5     	65.6     	64.8     	66.0     	69.6     	81.7     	84.7     	76.0     	74.1     	77.1     	77.2     	72.0     	71.1     	61.9     	65.7     	67.5     	63.2     	59.0     	53.5     	59.5     	60.6     	55.7     	49.7     	48.2     	47.5     	32.0     
	2026-04-15  	11:24:24  	00:02:28  	         	45.4     	38.4     	33.0     	36.7     	39.1     	42.7     	57.7     	66.6     	73.9     	73.7     	68.8     	68.0     	68.9     	65.2     	65.5     	79.2     	82.1     	85.2     	73.6     	74.6     	80.6     	72.9     	74.1     	68.5     	65.7     	62.6     	57.8     	54.3     	54.0     	57.3     	57.8     	62.3     	62.1     	54.3     	49.9     	33.0     
	2026-04-15  	11:24:25  	00:02:29  	         	43.2     	38.1     	34.7     	37.2     	36.0     	34.0     	40.7     	45.3     	42.9     	73.3     	67.0     	52.6     	59.8     	58.2     	73.3     	83.2     	85.1     	73.8     	75.6     	76.0     	80.9     	74.5     	76.0     	68.2     	73.4     	71.9     	67.6     	60.6     	48.5     	53.9     	56.3     	54.3     	55.3     	52.0     	45.6     	30.7     
	2026-04-15  	11:24:26  	00:02:30  	         	47.0     	39.8     	40.2     	38.1     	38.7     	42.9     	55.1     	63.4     	66.8     	74.7     	67.5     	64.9     	66.5     	62.6     	73.8     	85.4     	84.7     	69.9     	79.2     	75.7     	78.5     	72.1     	69.3     	67.3     	66.6     	63.3     	62.4     	56.1     	48.1     	49.4     	51.2     	47.7     	45.2     	46.5     	45.1     	30.9     
	2026-04-15  	11:24:27  	00:02:31  	         	46.9     	37.7     	37.3     	35.4     	32.6     	36.5     	37.9     	40.9     	53.7     	74.1     	48.2     	49.9     	60.1     	59.5     	78.3     	82.4     	70.8     	74.6     	74.7     	77.8     	73.2     	65.7     	64.9     	59.0     	63.3     	63.2     	58.6     	54.7     	50.9     	53.7     	56.0     	56.4     	60.2     	56.2     	47.0     	31.3     
	2026-04-15  	11:24:28  	00:02:32  	         	46.3     	38.8     	33.6     	38.9     	40.2     	43.2     	56.7     	66.1     	69.0     	74.4     	65.5     	66.7     	67.2     	66.2     	72.9     	63.7     	68.9     	69.8     	61.9     	71.5     	66.0     	56.4     	49.7     	48.9     	47.5     	59.1     	56.0     	49.6     	43.7     	41.9     	48.3     	60.3     	63.2     	59.1     	47.5     	31.7     
	2026-04-15  	11:24:29  	00:02:33  	         	43.0     	34.3     	37.1     	35.9     	37.9     	34.5     	44.5     	49.0     	73.4     	67.0     	44.9     	58.2     	55.7     	64.6     	66.1     	78.0     	91.4     	77.3     	70.7     	80.7     	73.5     	76.6     	71.3     	67.5     	70.9     	68.0     	65.1     	63.8     	64.0     	60.3     	63.0     	59.8     	51.2     	46.1     	42.4     	30.0     
	2026-04-15  	11:24:30  	00:02:34  	         	47.1     	31.9     	34.7     	36.6     	40.3     	40.5     	54.7     	63.4     	74.7     	69.6     	64.0     	66.1     	66.8     	66.4     	74.2     	83.5     	81.0     	68.9     	75.0     	76.6     	79.7     	72.5     	72.0     	65.6     	68.9     	72.6     	64.8     	60.8     	61.2     	58.6     	62.4     	58.5     	52.4     	45.0     	40.8     	29.6     
	2026-04-15  	11:24:31  	00:02:35  	         	38.0     	35.5     	33.7     	37.9     	34.6     	39.6     	52.4     	62.8     	73.2     	68.6     	63.9     	65.4     	64.9     	65.6     	77.7     	81.0     	84.5     	79.6     	74.0     	76.7     	78.2     	68.6     	69.0     	64.0     	67.7     	58.6     	57.0     	52.8     	49.6     	46.1     	48.5     	49.8     	46.4     	50.0     	46.1     	30.9     
	2026-04-15  	11:24:32  	00:02:36  	         	38.3     	35.7     	39.7     	39.6     	38.0     	41.6     	54.5     	64.9     	73.7     	70.3     	65.6     	68.3     	68.7     	66.8     	62.9     	79.3     	86.9     	76.7     	70.2     	77.4     	74.5     	72.3     	70.1     	65.4     	69.0     	66.8     	63.4     	59.3     	52.0     	52.7     	54.4     	55.5     	57.9     	56.7     	51.5     	33.1     
	2026-04-15  	11:24:33  	00:02:37  	         	44.7     	39.9     	34.5     	39.1     	37.0     	39.7     	54.0     	63.1     	61.6     	73.4     	67.4     	48.5     	58.9     	56.5     	65.8     	84.7     	87.0     	76.4     	77.8     	77.4     	80.4     	72.5     	69.7     	62.8     	69.7     	69.1     	66.1     	62.0     	56.1     	59.7     	57.2     	51.7     	46.0     	45.8     	43.3     	30.1     
	2026-04-15  	11:24:34  	00:02:38  	         	42.0     	38.5     	36.6     	41.9     	36.8     	39.8     	55.0     	63.6     	67.1     	73.4     	67.8     	64.8     	66.8     	62.8     	70.8     	83.6     	83.8     	69.8     	77.2     	79.5     	79.6     	70.6     	59.2     	58.8     	65.6     	61.5     	61.6     	59.0     	54.7     	54.9     	58.0     	54.0     	47.2     	46.1     	44.7     	30.5     
	2026-04-15  	11:24:35  	00:02:39  	         	36.8     	33.5     	28.5     	32.9     	34.8     	34.1     	39.2     	36.8     	53.8     	74.2     	49.2     	47.2     	60.8     	56.5     	64.5     	79.5     	84.9     	71.4     	75.0     	78.7     	78.6     	76.6     	72.0     	63.9     	66.6     	71.9     	69.0     	61.1     	52.3     	51.8     	53.9     	51.8     	45.0     	42.4     	43.1     	30.1     
	2026-04-15  	11:24:36  	00:02:40  	         	36.4     	37.5     	29.3     	36.0     	32.0     	39.0     	50.2     	61.4     	66.2     	73.7     	62.5     	62.8     	63.7     	59.8     	67.4     	80.3     	86.4     	77.5     	73.8     	76.5     	75.9     	73.2     	65.6     	56.4     	62.8     	64.3     	64.2     	58.8     	52.7     	55.5     	59.5     	60.1     	58.9     	53.6     	48.8     	33.2     
	2026-04-15  	11:24:37  	00:02:41  	         	43.1     	37.4     	36.4     	38.9     	36.6     	42.4     	55.8     	64.4     	74.2     	70.8     	63.7     	65.5     	65.7     	65.8     	70.7     	84.5     	83.3     	67.1     	75.8     	73.4     	78.6     	68.8     	64.3     	61.0     	67.2     	62.9     	60.3     	58.8     	59.0     	54.5     	58.8     	63.6     	60.1     	55.0     	50.3     	33.0     
	2026-04-15  	11:24:38  	00:02:42  	         	39.5     	39.7     	34.5     	34.9     	39.5     	43.2     	54.4     	63.7     	74.2     	69.2     	63.5     	65.7     	66.4     	65.8     	67.8     	76.3     	91.2     	87.5     	70.1     	73.8     	73.2     	68.8     	72.3     	67.9     	69.3     	64.7     	63.9     	56.6     	51.6     	49.5     	50.5     	52.3     	51.6     	52.0     	49.9     	33.3     
	2026-04-15  	11:24:39  	00:02:43  	         	38.5     	37.8     	34.5     	39.7     	34.6     	33.3     	38.1     	43.4     	73.3     	66.8     	41.0     	58.2     	54.9     	64.0     	71.0     	75.9     	83.8     	73.8     	68.7     	81.2     	75.4     	68.4     	61.7     	64.5     	62.9     	57.3     	58.0     	56.6     	56.3     	59.6     	58.1     	54.9     	53.6     	47.5     	44.8     	30.3     
	2026-04-15  	11:24:40  	00:02:44  	         	43.1     	35.6     	29.9     	34.3     	34.9     	40.2     	53.1     	63.1     	74.7     	69.8     	65.5     	68.0     	68.3     	66.9     	64.5     	80.1     	90.2     	83.7     	70.1     	80.6     	79.4     	72.4     	71.2     	70.1     	65.5     	58.8     	59.3     	60.7     	58.6     	56.6     	58.7     	60.8     	59.9     	55.1     	50.6     	33.6     
	2026-04-15  	11:24:41  	00:02:45  	         	45.1     	33.8     	32.1     	38.0     	37.7     	44.2     	57.7     	66.9     	71.5     	73.1     	68.8     	64.9     	64.9     	62.9     	75.5     	80.6     	81.8     	86.0     	74.0     	74.1     	74.7     	63.0     	63.4     	61.4     	66.1     	58.0     	57.7     	57.2     	52.6     	52.2     	56.4     	59.5     	59.7     	54.8     	43.6     	30.4     
	2026-04-15  	11:24:42  	00:02:46  	         	39.2     	36.8     	27.6     	37.1     	38.7     	39.1     	52.6     	62.4     	66.7     	73.6     	68.4     	65.9     	66.0     	62.5     	75.5     	78.2     	77.5     	71.3     	70.0     	73.7     	69.8     	64.2     	66.2     	61.2     	66.1     	62.2     	60.5     	53.3     	45.5     	43.7     	43.9     	38.0     	36.5     	36.7     	31.5     	29.1     
	2026-04-15  	11:24:43  	00:02:47  	         	44.6     	36.3     	36.6     	40.1     	38.9     	37.1     	50.9     	58.3     	57.1     	73.9     	62.0     	45.9     	59.0     	55.7     	65.0     	82.5     	84.7     	83.7     	74.0     	80.2     	79.3     	71.2     	70.8     	65.9     	70.2     	65.3     	63.5     	61.9     	51.3     	52.3     	54.8     	58.7     	59.5     	57.7     	51.1     	33.6     
	2026-04-15  	11:24:44  	00:02:48  	         	41.5     	39.1     	36.8     	39.0     	34.5     	33.1     	34.8     	42.8     	53.7     	74.2     	48.5     	45.6     	59.8     	56.3     	65.3     	85.7     	89.9     	73.5     	81.6     	80.9     	81.6     	73.6     	71.7     	68.4     	66.0     	59.6     	62.9     	58.0     	50.8     	50.7     	51.3     	47.6     	41.7     	39.0     	33.1     	29.2     
	2026-04-15  	11:24:45  	00:02:49  	         	44.7     	38.5     	35.1     	40.6     	38.8     	41.2     	56.6     	66.1     	72.8     	72.9     	66.0     	67.5     	67.9     	64.9     	67.4     	84.9     	89.9     	85.0     	76.7     	81.4     	73.8     	68.9     	66.5     	61.4     	67.6     	64.9     	61.2     	54.9     	50.1     	47.2     	51.5     	57.5     	59.7     	57.5     	49.9     	32.6     
	2026-04-15  	11:24:46  	00:02:50  	         	37.8     	37.3     	32.9     	36.7     	36.7     	34.9     	41.1     	47.2     	73.4     	66.9     	61.2     	66.5     	66.3     	66.7     	60.4     	79.6     	88.2     	86.1     	79.6     	77.8     	76.5     	72.4     	66.0     	66.8     	69.8     	58.9     	60.2     	56.4     	50.6     	52.8     	55.9     	49.0     	42.0     	40.3     	37.1     	29.2     
	2026-04-15  	11:24:47  	00:02:51  	         	44.5     	35.8     	32.6     	34.5     	39.9     	41.1     	53.7     	63.6     	74.9     	69.6     	60.1     	59.7     	57.7     	64.5     	71.9     	76.9     	82.7     	76.3     	72.2     	78.9     	80.5     	75.7     	69.7     	69.0     	68.1     	63.8     	63.6     	52.8     	50.1     	52.5     	53.4     	56.4     	58.6     	57.5     	52.0     	34.2     
	2026-04-15  	11:24:48  	00:02:52  	         	40.0     	36.1     	33.4     	35.6     	38.4     	42.7     	53.4     	63.0     	73.6     	68.9     	63.8     	65.9     	65.5     	65.3     	75.3     	81.6     	71.3     	69.2     	79.8     	73.5     	79.7     	61.9     	58.4     	56.9     	63.1     	67.5     	64.9     	58.7     	49.7     	50.8     	52.4     	51.6     	52.8     	54.5     	47.9     	31.4     
	2026-04-15  	11:24:49  	00:02:53  	         	42.5     	36.5     	35.9     	41.3     	41.2     	43.5     	57.7     	67.2     	72.1     	71.7     	67.4     	67.5     	68.3     	66.7     	70.2     	80.5     	73.5     	65.3     	70.9     	71.4     	74.9     	69.0     	73.7     	70.9     	72.9     	60.0     	61.2     	55.6     	49.0     	52.1     	54.3     	53.4     	56.3     	51.5     	47.0     	31.2     
	2026-04-15  	11:24:50  	00:02:54  	         	43.0     	37.7     	35.8     	41.0     	36.6     	36.8     	41.2     	44.1     	44.4     	73.4     	67.2     	49.1     	60.4     	57.7     	67.2     	82.9     	82.2     	67.4     	79.1     	77.7     	80.0     	68.9     	65.0     	62.7     	67.4     	69.8     	71.1     	64.2     	51.1     	52.3     	55.2     	58.0     	59.7     	55.8     	47.2     	31.2     
	2026-04-15  	11:24:51  	00:02:55  	         	48.1     	43.0     	40.7     	40.8     	39.3     	43.2     	54.5     	63.8     	67.5     	74.4     	67.6     	65.4     	66.6     	61.9     	71.5     	83.7     	85.9     	75.5     	76.7     	75.8     	78.7     	69.1     	59.7     	59.3     	68.8     	70.7     	64.5     	56.9     	50.9     	56.6     	59.4     	57.5     	56.6     	51.8     	46.5     	31.1     
	2026-04-15  	11:24:52  	00:02:56  	         	41.1     	37.5     	34.1     	36.6     	32.8     	35.5     	35.1     	41.8     	53.6     	74.2     	48.4     	46.5     	59.0     	56.1     	64.4     	84.7     	87.0     	87.0     	73.4     	80.0     	71.8     	61.3     	63.4     	60.4     	56.7     	57.7     	63.3     	60.6     	53.2     	55.3     	55.9     	56.5     	55.4     	53.3     	48.0     	32.2     
	2026-04-15  	11:24:53  	00:02:57  	         	41.6     	37.5     	36.1     	35.6     	37.8     	40.1     	55.4     	66.1     	71.7     	74.1     	65.8     	67.0     	67.7     	64.8     	65.7     	84.1     	87.6     	74.0     	77.3     	78.4     	78.0     	73.9     	74.8     	68.5     	69.3     	66.6     	64.4     	64.8     	52.2     	51.8     	49.2     	46.4     	44.8     	46.4     	48.2     	31.2     
	2026-04-15  	11:24:54  	00:02:58  	         	41.0     	41.6     	33.7     	31.4     	34.9     	38.8     	48.3     	52.8     	73.2     	66.7     	44.4     	58.0     	55.5     	63.9     	77.1     	86.1     	87.2     	77.7     	77.7     	76.3     	75.5     	72.9     	69.6     	64.7     	71.9     	62.8     	61.0     	54.8     	48.1     	47.8     	48.2     	45.6     	44.6     	43.1     	39.9     	29.5     
	2026-04-15  	11:24:55  	00:02:59  	         	41.0     	34.4     	40.3     	35.6     	41.6     	43.3     	57.6     	66.5     	73.6     	71.1     	67.8     	69.5     	70.2     	68.3     	79.5     	76.2     	67.1     	70.6     	69.2     	71.1     	71.5     	60.7     	58.0     	56.1     	56.0     	53.9     	55.8     	55.1     	50.8     	49.7     	51.0     	53.4     	57.8     	46.6     	38.6     	29.5     
	2026-04-15  	11:24:56  	00:03:00  	         	45.9     	36.7     	40.2     	47.2     	46.0     	55.8     	60.3     	67.0     	74.9     	77.8     	76.2     	75.7     	73.4     	72.2     	69.2     	74.7     	77.8     	79.5     	73.5     	77.1     	77.6     	74.4     	71.2     	68.1     	70.7     	71.6     	69.9     	69.9     	68.7     	68.7     	67.3     	64.9     	61.2     	56.8     	50.7     	33.6     
	2026-04-15  	11:24:57  	00:03:01  	         	43.3     	29.8     	35.6     	37.6     	35.3     	40.9     	47.1     	63.9     	65.0     	71.0     	76.8     	72.1     	64.8     	62.7     	73.0     	83.1     	84.8     	88.1     	79.5     	78.3     	79.3     	77.4     	73.2     	69.1     	68.9     	64.3     	60.4     	63.6     	59.8     	59.6     	57.6     	56.7     	54.9     	50.1     	47.5     	31.5     
	2026-04-15  	11:24:58  	00:03:02  	         	37.7     	36.5     	34.4     	36.8     	35.6     	36.9     	50.2     	60.6     	60.5     	65.1     	68.8     	64.0     	56.3     	55.2     	59.2     	61.3     	61.9     	60.3     	56.7     	54.3     	56.2     	55.3     	56.6     	54.5     	57.5     	52.8     	49.2     	52.1     	48.2     	43.7     	44.4     	38.5     	37.2     	35.9     	35.2     	29.2     
	2026-04-15  	11:24:59  	00:03:03  	         	37.0     	33.4     	33.2     	34.7     	34.9     	33.6     	45.2     	51.2     	54.4     	52.4     	59.8     	54.7     	47.3     	42.6     	40.9     	43.5     	40.5     	45.6     	45.2     	42.1     	42.2     	41.5     	40.3     	40.8     	42.3     	42.7     	39.0     	37.0     	34.6     	31.4     	30.0     	28.5     	27.9     	28.0     	28.3     	29.1     
	2026-04-15  	11:25:00  	00:03:04  	         	38.5     	34.5     	33.0     	33.0     	35.9     	29.8     	36.2     	40.0     	46.2     	37.0     	44.8     	46.1     	36.6     	28.0     	24.9     	27.0     	27.6     	26.0     	31.4     	27.7     	27.6     	25.5     	25.4     	25.7     	25.6     	24.3     	22.2     	20.7     	20.9     	21.2     	22.4     	23.6     	24.4     	26.1     	26.9     	29.1     
	2026-04-15  	11:25:01  	00:03:05  	         	41.1     	37.3     	32.2     	38.9     	26.9     	35.8     	34.0     	30.4     	23.1     	28.1     	28.9     	23.9     	29.1     	28.0     	28.1     	27.4     	17.9     	21.5     	17.1     	16.0     	16.1     	15.7     	15.4     	16.3     	16.5     	18.0     	18.4     	19.2     	20.2     	21.5     	22.2     	23.4     	24.4     	26.0     	26.9     	29.1     

# RTA LOG Results over the whole log period
	2026-04-15  	11:25:01  	00:03:05  	         	42.8     	40.8     	46.8     	51.7     	50.8     	57.8     	67.3     	75.5     	71.1     	74.6     	78.7     	76.0     	73.5     	75.8     	76.8     	81.6     	84.1     	81.3     	80.5     	79.8     	77.3     	73.1     	70.2     	69.6     	71.2     	71.7     	70.9     	68.7     	65.6     	63.9     	62.3     	60.6     	56.6     	51.1     	47.9     	35.7     

#CheckSum
	56CE3C59E7167615CF02570DA8046516