XL2 RTA Spectrum Logging:		KU100\2026-04-13_SLM_013_RTA_3rd_Log.txt                                       
-------------------------


# Hardware Configuration
	Device Info:    	XL2, SNo. A2A-17501-E0, FW4.33
	Mic Sensitivity:	8.6 mV/Pa
	                	(User calibrated 2026-04-13  13:51)
	Time Zone:      	UTC+01:00 (Europe/Berlin)

# Measurement Setup
	Profile:        	Full mode
	Timer mode:     	continuous
	Timer set:      	--:--:--
	Log-Interval:   	00:00:01
	Resolution:     	1/3 Octave
	Range:          	40 - 140 dB

# Time
	Start:          	2026-04-13, 14:04:50
	End:            	2026-04-13, 14:08:00

# RTA LOG Results 
	            	          	          	         	LZeq_dt  	LZeq_dt  	LZeq_dt  	LZeq_dt  	LZeq_dt  	LZeq_dt  	LZeq_dt  	LZeq_dt  	LZeq_dt  	LZeq_dt  	LZeq_dt  	LZeq_dt  	LZeq_dt  	LZeq_dt  	LZeq_dt  	LZeq_dt  	LZeq_dt  	LZeq_dt  	LZeq_dt  	LZeq_dt  	LZeq_dt  	LZeq_dt  	LZeq_dt  	LZeq_dt  	LZeq_dt  	LZeq_dt  	LZeq_dt  	LZeq_dt  	LZeq_dt  	LZeq_dt  	LZeq_dt  	LZeq_dt  	LZeq_dt  	LZeq_dt  	LZeq_dt  	LZeq_dt  
	Date        	Time      	Timer     	Band [Hz]	6.3      	8.0      	10.0     	12.5     	16.0     	20.0     	25.0     	31.5     	40.0     	50.0     	63.0     	80.0     	100.0    	125.0    	160.0    	200.0    	250.0    	315.0    	400.0    	500.0    	630.0    	800.0    	1000.0   	1250.0   	1600.0   	2000.0   	2500.0   	3150.0   	4000.0   	5000.0   	6300.0   	8000.0   	10000.0  	12500.0  	16000.0  	20000.0  
	[YYYY-MM-DD]	[hh:mm:ss]	[hh:mm:ss]	         	[dB]     	[dB]     	[dB]     	[dB]     	[dB]     	[dB]     	[dB]     	[dB]     	[dB]     	[dB]     	[dB]     	[dB]     	[dB]     	[dB]     	[dB]     	[dB]     	[dB]     	[dB]     	[dB]     	[dB]     	[dB]     	[dB]     	[dB]     	[dB]     	[dB]     	[dB]     	[dB]     	[dB]     	[dB]     	[dB]     	[dB]     	[dB]     	[dB]     	[dB]     	[dB]     	[dB]     
	2026-04-13  	14:04:51  	00:00:01  	         	42.2     	34.8     	33.6     	34.6     	29.2     	38.3     	51.8     	54.8     	49.3     	49.1     	54.9     	61.2     	50.0     	52.1     	58.7     	61.6     	64.8     	66.5     	63.9     	64.9     	58.1     	54.0     	50.8     	50.5     	52.3     	57.9     	55.9     	47.8     	47.4     	40.0     	42.1     	38.6     	31.6     	29.5     	27.2     	29.1     
	2026-04-13  	14:04:52  	00:00:02  	         	41.1     	37.9     	36.6     	31.4     	32.0     	34.4     	34.1     	39.1     	40.2     	45.3     	57.7     	58.0     	52.8     	60.9     	59.9     	62.4     	63.8     	68.4     	60.6     	59.1     	63.7     	53.1     	53.1     	50.9     	53.1     	61.3     	60.2     	55.1     	52.7     	46.2     	46.3     	42.0     	34.3     	30.4     	27.7     	29.0     
	2026-04-13  	14:04:53  	00:00:03  	         	41.9     	37.2     	34.0     	34.2     	35.0     	36.9     	35.4     	35.8     	38.8     	49.7     	56.1     	45.2     	54.0     	59.6     	49.3     	61.2     	64.4     	63.7     	64.5     	65.9     	64.4     	59.2     	57.6     	55.4     	55.7     	54.1     	51.9     	50.1     	46.3     	40.1     	43.6     	39.3     	32.2     	30.6     	27.2     	29.0     
	2026-04-13  	14:04:54  	00:00:04  	         	41.4     	36.1     	29.0     	30.7     	33.1     	36.8     	48.0     	53.2     	44.9     	52.0     	58.9     	60.3     	55.8     	60.6     	62.3     	60.4     	65.2     	61.5     	66.0     	62.5     	55.3     	52.6     	50.7     	49.1     	51.9     	53.8     	54.9     	54.4     	51.5     	51.3     	50.5     	47.6     	41.8     	32.9     	29.5     	29.3     
	2026-04-13  	14:04:55  	00:00:05  	         	37.5     	40.1     	32.5     	35.1     	33.1     	41.0     	48.4     	49.2     	45.1     	50.8     	57.9     	60.3     	57.7     	55.6     	60.7     	64.2     	64.6     	64.2     	60.4     	60.4     	61.9     	54.4     	55.1     	53.3     	57.6     	59.1     	55.6     	54.0     	52.0     	50.5     	50.7     	48.1     	42.3     	33.8     	30.0     	29.3     
	2026-04-13  	14:04:56  	00:00:06  	         	38.5     	33.1     	36.4     	39.5     	35.3     	36.0     	42.1     	62.1     	53.6     	55.7     	62.7     	55.2     	56.2     	60.6     	53.6     	62.9     	65.3     	65.3     	58.5     	57.8     	62.3     	56.8     	54.1     	54.5     	57.5     	57.7     	58.2     	53.5     	52.4     	50.5     	48.8     	47.0     	40.1     	34.2     	31.4     	29.3     
	2026-04-13  	14:04:57  	00:00:07  	         	37.8     	33.2     	31.3     	36.4     	28.1     	36.9     	39.8     	58.6     	40.3     	48.5     	55.5     	45.0     	54.8     	54.9     	51.1     	64.7     	65.6     	63.6     	65.3     	64.6     	59.7     	55.2     	55.0     	49.1     	52.6     	54.3     	55.5     	53.6     	52.0     	50.3     	50.1     	49.3     	42.8     	35.0     	34.1     	29.8     
	2026-04-13  	14:04:58  	00:00:08  	         	43.4     	37.6     	37.2     	31.5     	37.8     	38.0     	49.9     	55.5     	50.3     	53.9     	61.2     	60.9     	58.3     	58.7     	60.3     	62.2     	66.0     	60.1     	62.9     	62.7     	54.3     	51.4     	48.3     	51.2     	51.0     	53.1     	52.9     	49.7     	49.9     	48.2     	46.7     	45.5     	39.3     	35.1     	34.3     	29.7     
	2026-04-13  	14:04:59  	00:00:09  	         	38.0     	34.5     	33.8     	35.0     	38.2     	41.1     	43.8     	45.8     	45.0     	52.3     	60.9     	59.4     	57.7     	56.4     	59.5     	64.3     	65.6     	63.7     	60.9     	66.4     	58.9     	53.6     	49.6     	51.5     	53.5     	59.1     	58.5     	54.7     	52.0     	50.7     	50.8     	49.1     	42.6     	33.5     	30.6     	29.4     
	2026-04-13  	14:05:00  	00:00:10  	         	44.1     	42.9     	32.3     	34.7     	32.6     	37.9     	40.5     	42.0     	42.9     	49.2     	62.4     	48.9     	55.0     	57.1     	51.2     	63.6     	66.1     	64.3     	64.0     	62.8     	61.8     	57.5     	55.7     	56.5     	51.0     	53.9     	57.3     	53.9     	51.2     	48.6     	48.8     	46.8     	40.6     	34.6     	32.5     	29.5     
	2026-04-13  	14:05:01  	00:00:11  	         	39.5     	39.7     	38.4     	32.4     	32.1     	38.0     	37.6     	35.4     	36.7     	46.6     	55.0     	43.8     	53.6     	57.6     	49.1     	63.0     	66.9     	63.5     	67.6     	62.8     	62.0     	56.1     	55.2     	53.6     	55.8     	57.3     	58.4     	55.3     	53.1     	52.5     	50.5     	49.1     	43.3     	36.1     	34.5     	29.9     
	2026-04-13  	14:05:02  	00:00:12  	         	32.4     	37.0     	33.4     	34.2     	34.5     	39.4     	49.2     	55.6     	49.9     	54.9     	62.0     	61.1     	58.0     	56.5     	59.8     	65.2     	67.9     	62.3     	58.7     	64.2     	57.8     	57.9     	52.1     	54.8     	54.4     	59.4     	59.3     	55.5     	53.0     	50.9     	50.0     	48.8     	43.1     	35.4     	32.8     	29.7     
	2026-04-13  	14:05:03  	00:00:13  	         	42.1     	34.5     	32.3     	37.9     	34.7     	37.9     	40.7     	43.7     	45.2     	55.2     	63.2     	57.9     	58.7     	57.0     	57.8     	63.5     	66.5     	62.8     	62.2     	66.5     	57.1     	55.9     	58.7     	52.5     	53.0     	54.1     	54.7     	54.2     	51.5     	49.5     	49.1     	46.8     	39.9     	33.3     	30.3     	29.3     
	2026-04-13  	14:05:04  	00:00:14  	         	42.0     	43.2     	33.9     	32.8     	36.1     	35.5     	44.7     	63.7     	53.8     	54.7     	58.0     	46.1     	56.0     	58.5     	52.3     	62.3     	65.9     	63.8     	64.8     	67.8     	61.9     	55.9     	53.6     	54.5     	58.3     	60.0     	57.9     	55.7     	53.4     	49.8     	48.2     	48.1     	42.6     	34.5     	33.0     	29.7     
	2026-04-13  	14:05:05  	00:00:15  	         	30.7     	34.2     	34.4     	40.8     	36.3     	37.6     	45.9     	51.0     	46.7     	53.1     	62.3     	60.3     	58.6     	60.1     	62.3     	62.8     	62.4     	62.1     	62.6     	61.7     	59.4     	56.9     	54.4     	58.4     	54.2     	54.4     	54.9     	56.1     	52.2     	48.2     	49.0     	47.1     	41.9     	36.6     	34.7     	29.9     
	2026-04-13  	14:05:06  	00:00:16  	         	41.6     	35.2     	35.3     	33.2     	34.2     	38.3     	52.3     	51.6     	49.0     	54.0     	61.2     	60.8     	58.4     	56.2     	60.6     	66.7     	64.3     	63.4     	65.4     	66.7     	61.4     	56.7     	51.8     	54.0     	57.4     	58.8     	56.5     	53.1     	51.5     	49.7     	48.9     	48.2     	41.9     	33.4     	32.4     	29.6     
	2026-04-13  	14:05:07  	00:00:17  	         	43.4     	34.3     	34.6     	39.9     	37.7     	38.7     	43.3     	43.3     	41.7     	45.5     	62.1     	54.8     	53.8     	54.0     	52.6     	62.1     	66.2     	64.6     	62.9     	60.8     	62.9     	57.0     	50.4     	50.7     	58.9     	60.0     	58.1     	55.4     	52.1     	49.5     	49.2     	47.7     	39.5     	33.2     	31.3     	29.3     
	2026-04-13  	14:05:08  	00:00:18  	         	44.2     	35.9     	37.1     	37.3     	33.5     	38.8     	38.3     	37.8     	39.7     	48.9     	55.4     	44.4     	54.3     	58.4     	52.6     	63.4     	65.5     	64.8     	63.5     	63.9     	65.6     	56.9     	52.0     	51.8     	59.1     	59.3     	58.0     	55.4     	53.7     	50.7     	51.0     	49.7     	43.5     	35.6     	34.1     	29.9     
	2026-04-13  	14:05:09  	00:00:19  	         	39.8     	41.6     	34.6     	36.6     	36.1     	36.8     	43.1     	55.8     	48.6     	52.9     	61.1     	60.4     	55.2     	56.1     	59.5     	61.4     	67.8     	64.0     	61.9     	60.7     	61.6     	54.9     	50.5     	52.0     	56.3     	60.0     	58.7     	57.2     	54.0     	52.3     	51.8     	50.3     	43.9     	36.5     	34.1     	29.8     
	2026-04-13  	14:05:10  	00:00:20  	         	34.7     	36.8     	39.0     	35.4     	36.6     	42.0     	43.4     	47.0     	46.3     	53.5     	61.1     	59.5     	58.9     	56.9     	58.7     	65.8     	65.3     	65.3     	62.7     	61.1     	58.7     	54.6     	51.1     	51.0     	52.4     	54.5     	55.2     	53.4     	52.1     	50.9     	51.3     	48.7     	43.2     	33.7     	30.7     	29.5     
	2026-04-13  	14:05:11  	00:00:21  	         	39.2     	34.4     	36.1     	34.9     	34.0     	38.4     	44.9     	63.3     	53.2     	56.0     	63.1     	52.0     	57.8     	56.8     	52.6     	64.6     	66.7     	64.1     	63.3     	63.9     	59.5     	53.8     	50.4     	52.0     	53.4     	57.3     	55.9     	53.9     	51.7     	48.0     	47.8     	46.7     	40.3     	34.6     	32.4     	29.4     
	2026-04-13  	14:05:12  	00:00:22  	         	34.8     	36.8     	30.9     	32.6     	36.4     	34.0     	35.3     	53.5     	39.8     	47.2     	56.0     	43.0     	52.9     	58.5     	52.0     	61.7     	65.6     	64.0     	67.6     	63.6     	59.1     	53.9     	51.0     	52.4     	54.8     	54.9     	57.9     	56.3     	52.9     	51.2     	51.0     	49.3     	43.3     	34.9     	33.4     	29.8     
	2026-04-13  	14:05:13  	00:00:23  	         	41.2     	34.3     	32.8     	39.1     	42.3     	48.8     	52.6     	53.4     	49.8     	55.7     	62.5     	61.3     	58.0     	57.4     	61.5     	65.4     	68.6     	63.5     	61.7     	62.8     	57.6     	55.3     	55.3     	54.5     	55.3     	57.0     	58.4     	55.8     	53.3     	51.0     	50.3     	47.6     	41.7     	35.0     	33.5     	29.8     
	2026-04-13  	14:05:14  	00:00:24  	         	38.9     	39.6     	32.0     	36.4     	32.3     	37.8     	43.2     	44.9     	44.8     	51.2     	63.0     	57.7     	58.2     	55.9     	56.6     	65.2     	67.3     	63.3     	58.8     	64.2     	58.3     	59.4     	54.2     	52.2     	60.3     	59.9     	56.9     	54.7     	52.3     	50.3     	50.1     	48.4     	42.8     	33.4     	30.4     	29.4     
	2026-04-13  	14:05:15  	00:00:25  	         	44.9     	40.3     	32.8     	33.8     	37.0     	43.0     	47.4     	38.3     	39.4     	47.8     	56.4     	45.1     	53.1     	56.7     	51.7     	64.8     	66.5     	63.4     	66.2     	67.4     	60.2     	55.4     	50.6     	49.1     	53.0     	59.3     	57.6     	55.1     	52.2     	49.6     	49.2     	48.3     	42.6     	35.3     	33.6     	29.7     
	2026-04-13  	14:05:16  	00:00:26  	         	37.2     	37.4     	32.8     	37.2     	36.1     	36.7     	42.7     	48.7     	41.6     	51.2     	58.5     	55.9     	56.0     	58.3     	57.4     	63.6     	64.6     	62.0     	69.5     	60.8     	62.3     	52.1     	49.4     	50.0     	52.3     	56.4     	56.7     	54.7     	52.1     	50.1     	51.2     	49.0     	42.6     	35.9     	34.3     	30.0     
	2026-04-13  	14:05:17  	00:00:27  	         	41.8     	35.9     	35.5     	33.8     	32.2     	38.7     	43.5     	55.5     	50.3     	54.5     	62.9     	61.2     	59.3     	57.6     	61.5     	66.2     	67.6     	62.7     	58.3     	64.4     	58.7     	56.4     	54.4     	55.4     	57.7     	60.5     	59.2     	57.6     	53.8     	50.6     	49.6     	48.0     	41.9     	34.4     	32.2     	29.7     
	2026-04-13  	14:05:18  	00:00:28  	         	42.4     	26.3     	34.9     	40.1     	28.9     	38.3     	44.8     	59.4     	53.3     	56.5     	63.3     	57.1     	56.5     	60.9     	56.7     	63.7     	65.6     	62.7     	61.6     	61.6     	62.6     	54.9     	51.3     	52.8     	57.1     	57.8     	56.0     	53.8     	51.5     	50.3     	50.2     	47.5     	41.9     	34.8     	32.4     	29.7     
	2026-04-13  	14:05:19  	00:00:29  	         	38.2     	40.3     	30.6     	30.6     	33.2     	35.1     	37.3     	61.7     	43.7     	49.8     	55.2     	45.0     	54.1     	53.2     	52.3     	63.7     	69.6     	66.5     	63.4     	61.0     	65.7     	55.7     	51.7     	53.1     	55.2     	61.7     	60.9     	57.3     	55.0     	53.6     	52.2     	51.1     	45.4     	35.5     	32.8     	29.6     
	2026-04-13  	14:05:20  	00:00:30  	         	42.4     	35.7     	34.1     	31.2     	34.2     	38.5     	46.7     	56.6     	48.2     	51.9     	58.8     	49.1     	55.3     	57.5     	56.0     	64.1     	63.8     	65.2     	64.2     	59.6     	59.3     	59.9     	59.3     	55.3     	57.8     	61.4     	59.6     	57.0     	53.7     	52.4     	50.3     	47.8     	42.8     	36.5     	35.5     	30.0     
	2026-04-13  	14:05:21  	00:00:31  	         	36.9     	31.3     	34.3     	35.9     	30.8     	37.8     	41.5     	44.0     	42.3     	47.8     	59.8     	48.5     	51.3     	56.7     	50.7     	62.4     	64.0     	65.3     	64.2     	59.6     	57.0     	52.0     	56.8     	49.4     	48.8     	48.6     	48.2     	47.8     	47.1     	46.9     	45.3     	43.0     	38.1     	34.0     	33.5     	29.7     
	2026-04-13  	14:05:22  	00:00:32  	         	39.1     	37.5     	34.9     	35.1     	32.0     	35.9     	34.9     	36.5     	37.5     	45.7     	61.0     	46.8     	52.0     	61.3     	49.8     	61.5     	63.8     	67.3     	59.3     	55.6     	58.8     	55.2     	51.1     	48.6     	52.8     	52.2     	51.8     	50.1     	50.3     	49.1     	45.6     	44.7     	40.5     	37.4     	36.9     	30.3     
	2026-04-13  	14:05:23  	00:00:33  	         	40.6     	37.6     	31.8     	36.6     	34.6     	40.7     	48.5     	53.0     	49.6     	52.8     	61.5     	59.6     	55.4     	59.0     	63.1     	63.6     	65.1     	67.4     	65.9     	63.5     	66.1     	60.7     	57.6     	58.0     	57.8     	57.0     	56.0     	57.6     	53.5     	50.4     	50.3     	47.6     	43.0     	37.7     	35.8     	30.3     
	2026-04-13  	14:05:24  	00:00:34  	         	37.8     	37.8     	27.3     	36.3     	32.4     	43.5     	53.8     	58.1     	52.1     	54.4     	60.8     	59.4     	55.3     	58.8     	61.5     	65.4     	64.7     	61.6     	65.8     	61.2     	61.0     	53.2     	49.7     	52.1     	53.3     	52.7     	52.0     	51.4     	47.6     	47.3     	45.7     	42.8     	38.5     	33.6     	32.9     	29.4     
	2026-04-13  	14:05:25  	00:00:35  	         	37.8     	38.8     	38.5     	34.5     	30.1     	37.1     	38.3     	38.1     	38.7     	47.9     	59.9     	48.9     	51.1     	60.9     	51.8     	61.3     	63.2     	61.7     	57.7     	61.0     	54.5     	49.7     	47.9     	47.5     	49.8     	48.5     	48.5     	49.6     	48.9     	47.8     	45.3     	44.0     	38.8     	35.3     	35.0     	29.9     
	2026-04-13  	14:05:26  	00:00:36  	         	42.2     	37.3     	37.2     	35.9     	34.3     	37.4     	38.1     	42.6     	40.6     	44.1     	60.1     	54.7     	51.6     	60.9     	59.1     	64.0     	63.9     	62.8     	64.7     	66.3     	62.7     	56.4     	51.6     	53.1     	53.0     	53.2     	52.5     	51.2     	50.7     	48.8     	46.5     	45.2     	40.7     	37.3     	36.9     	30.4     
	2026-04-13  	14:05:27  	00:00:37  	         	41.8     	36.7     	35.5     	35.6     	36.2     	43.9     	54.1     	59.1     	53.8     	57.5     	60.4     	60.9     	58.4     	59.6     	66.6     	64.7     	65.1     	62.1     	64.8     	63.0     	64.2     	54.6     	51.9     	52.0     	52.0     	54.0     	51.9     	49.8     	48.8     	47.7     	45.8     	44.3     	39.5     	35.6     	34.5     	29.9     
	2026-04-13  	14:05:28  	00:00:38  	         	37.7     	36.9     	36.2     	33.2     	35.1     	39.0     	51.8     	55.4     	46.5     	48.9     	61.0     	50.0     	49.7     	57.8     	51.6     	63.0     	66.0     	60.8     	64.4     	67.6     	57.1     	54.8     	52.8     	52.8     	58.0     	58.7     	57.3     	56.4     	51.9     	50.1     	48.8     	47.4     	41.6     	36.4     	33.7     	29.7     
	2026-04-13  	14:05:29  	00:00:39  	         	39.0     	38.4     	35.1     	36.4     	34.7     	34.0     	39.0     	39.5     	40.8     	47.9     	58.9     	49.1     	51.4     	60.9     	52.6     	61.7     	65.4     	63.4     	66.4     	67.1     	59.9     	58.9     	55.9     	54.8     	54.2     	51.8     	53.1     	53.3     	51.1     	49.6     	48.2     	47.1     	42.9     	37.7     	36.7     	30.3     
	2026-04-13  	14:05:30  	00:00:40  	         	44.6     	37.9     	32.4     	36.4     	32.2     	35.7     	36.3     	36.2     	38.7     	45.8     	57.0     	57.3     	48.9     	58.7     	62.7     	64.0     	63.3     	62.4     	63.8     	60.1     	61.0     	56.6     	53.5     	52.4     	53.4     	52.3     	50.9     	51.0     	49.4     	47.8     	45.9     	44.0     	39.4     	35.8     	35.1     	30.0     
	2026-04-13  	14:05:31  	00:00:41  	         	44.6     	39.3     	36.0     	32.1     	34.6     	45.1     	51.3     	60.2     	57.5     	58.7     	62.3     	60.2     	57.9     	61.7     	64.0     	63.8     	66.0     	61.2     	64.2     	64.1     	59.2     	55.7     	52.7     	51.2     	54.9     	56.8     	57.4     	52.8     	51.0     	48.6     	47.6     	46.6     	41.8     	35.7     	34.4     	29.8     
	2026-04-13  	14:05:32  	00:00:42  	         	42.1     	41.3     	35.5     	35.4     	28.0     	37.6     	41.6     	45.4     	42.0     	44.7     	59.2     	48.2     	50.5     	59.9     	52.0     	62.4     	65.6     	63.1     	65.5     	68.0     	57.3     	57.5     	55.1     	54.8     	57.5     	57.4     	56.5     	55.1     	51.8     	51.2     	50.0     	46.9     	41.3     	36.1     	34.0     	29.8     
	2026-04-13  	14:05:33  	00:00:43  	         	40.8     	38.9     	31.3     	32.4     	32.5     	33.4     	35.1     	38.9     	40.2     	47.0     	59.7     	46.7     	51.3     	61.2     	52.8     	62.5     	70.3     	65.0     	65.3     	68.0     	60.9     	61.3     	56.6     	56.6     	58.9     	55.4     	57.2     	55.6     	54.7     	52.8     	50.4     	48.1     	42.8     	38.1     	37.0     	30.5     
	2026-04-13  	14:05:34  	00:00:44  	         	41.8     	37.6     	37.3     	44.9     	36.0     	41.7     	41.7     	42.6     	41.0     	44.9     	54.4     	59.4     	50.0     	55.9     	63.4     	65.4     	65.9     	60.1     	65.7     	64.1     	64.5     	56.8     	53.7     	52.4     	53.8     	54.1     	53.9     	53.8     	51.4     	50.8     	48.0     	45.6     	40.1     	36.3     	35.5     	30.0     
	2026-04-13  	14:05:35  	00:00:45  	         	37.4     	40.5     	33.1     	36.1     	37.3     	39.3     	44.6     	55.0     	52.3     	55.1     	62.7     	63.5     	58.8     	61.1     	63.2     	63.0     	63.7     	60.2     	62.6     	63.9     	59.1     	53.9     	50.8     	49.6     	51.2     	56.5     	56.0     	50.8     	49.5     	47.8     	45.7     	44.9     	38.7     	32.5     	30.9     	29.3     
	2026-04-13  	14:05:36  	00:00:46  	         	35.6     	33.5     	40.3     	35.6     	42.6     	40.5     	41.2     	46.2     	44.8     	51.2     	60.4     	59.2     	58.5     	55.8     	58.4     	65.0     	66.1     	67.5     	59.8     	60.4     	63.2     	54.3     	56.0     	52.5     	52.4     	59.0     	59.7     	56.5     	54.9     	49.3     	48.8     	47.9     	42.2     	32.8     	30.2     	29.3     
	2026-04-13  	14:05:37  	00:00:47  	         	44.4     	34.6     	33.2     	39.9     	37.1     	38.5     	42.7     	44.5     	42.3     	48.1     	61.7     	47.1     	52.3     	59.6     	49.8     	62.7     	66.0     	66.9     	64.7     	68.1     	63.4     	58.0     	56.9     	55.0     	57.5     	57.2     	55.9     	55.2     	51.1     	48.2     	46.6     	45.5     	39.9     	33.8     	32.6     	29.4     
	2026-04-13  	14:05:38  	00:00:48  	         	44.2     	36.9     	26.9     	42.0     	36.7     	40.5     	41.0     	43.1     	36.7     	45.0     	55.1     	44.5     	52.0     	56.0     	48.9     	62.2     	65.3     	63.8     	70.3     	66.6     	58.2     	55.7     	56.1     	53.9     	54.0     	57.3     	58.6     	56.5     	53.6     	52.4     	51.4     	50.9     	45.5     	36.6     	35.0     	30.0     
	2026-04-13  	14:05:39  	00:00:49  	         	45.6     	36.2     	33.8     	35.4     	36.7     	38.7     	46.4     	47.1     	48.4     	51.2     	61.2     	61.6     	56.8     	55.6     	59.0     	66.2     	66.0     	66.0     	66.9     	63.7     	58.1     	55.1     	54.2     	51.8     	53.0     	58.1     	57.0     	55.2     	52.5     	49.6     	49.4     	48.2     	42.5     	34.3     	32.3     	29.6     
	2026-04-13  	14:05:40  	00:00:50  	         	39.3     	37.7     	37.8     	41.6     	36.6     	41.1     	46.2     	47.8     	52.6     	57.7     	63.8     	57.3     	59.0     	56.9     	57.0     	62.5     	65.4     	65.2     	60.4     	61.3     	60.3     	55.3     	53.4     	51.9     	56.2     	60.0     	57.0     	54.9     	53.3     	50.0     	48.8     	47.6     	40.9     	35.1     	31.2     	29.3     
	2026-04-13  	14:05:41  	00:00:51  	         	43.1     	28.5     	34.4     	39.7     	39.3     	36.4     	44.9     	63.8     	48.9     	48.5     	56.7     	53.0     	55.0     	56.2     	52.9     	61.7     	63.3     	63.0     	62.4     	63.9     	62.1     	57.9     	56.6     	54.4     	59.9     	60.8     	57.6     	58.4     	53.7     	49.5     	49.1     	48.7     	41.8     	34.2     	32.1     	29.4     
	2026-04-13  	14:05:42  	00:00:52  	         	36.3     	28.9     	37.6     	35.4     	39.0     	39.6     	42.3     	46.0     	47.5     	48.5     	58.3     	61.2     	53.8     	53.2     	61.1     	63.2     	69.2     	64.6     	65.7     	63.5     	59.0     	59.2     	54.7     	54.0     	56.5     	59.4     	59.2     	58.4     	56.3     	53.6     	52.4     	50.5     	43.5     	35.9     	33.9     	29.9     
	2026-04-13  	14:05:43  	00:00:53  	         	43.8     	38.3     	39.0     	37.5     	41.1     	43.3     	44.7     	44.6     	46.2     	52.1     	60.8     	60.5     	58.8     	56.4     	60.1     	65.2     	66.7     	63.9     	63.9     	61.0     	58.3     	55.6     	53.2     	53.4     	56.1     	56.1     	57.7     	56.0     	53.4     	51.0     	50.0     	48.6     	43.8     	35.0     	33.2     	29.8     
	2026-04-13  	14:05:44  	00:00:54  	         	42.2     	41.1     	36.7     	44.0     	40.6     	41.2     	41.5     	46.3     	41.5     	45.6     	61.7     	53.0     	53.2     	55.3     	51.2     	62.8     	67.6     	61.6     	61.7     	67.2     	58.5     	57.8     	52.8     	57.2     	57.7     	56.8     	57.0     	58.0     	53.0     	50.7     	50.2     	47.9     	42.2     	33.9     	32.0     	29.5     
	2026-04-13  	14:05:45  	00:00:55  	         	42.8     	38.2     	37.4     	40.6     	39.4     	44.1     	45.3     	40.2     	40.8     	49.3     	55.1     	45.8     	54.4     	57.7     	51.0     	64.9     	65.3     	63.1     	69.7     	67.0     	61.5     	59.0     	57.0     	54.0     	52.6     	53.5     	56.7     	56.8     	51.3     	49.7     	48.1     	47.7     	42.5     	34.8     	33.6     	29.6     
	2026-04-13  	14:05:46  	00:00:56  	         	41.4     	36.3     	33.8     	32.8     	36.6     	42.5     	49.5     	58.0     	54.6     	57.6     	60.6     	60.8     	60.0     	58.9     	61.9     	62.4     	65.0     	60.6     	66.4     	62.3     	54.8     	55.1     	56.3     	55.2     	55.3     	59.8     	62.3     	55.9     	52.3     	49.0     	47.0     	45.6     	38.9     	34.5     	33.4     	29.6     
	2026-04-13  	14:05:47  	00:00:57  	         	36.7     	41.9     	34.9     	33.6     	38.0     	38.4     	42.8     	46.8     	44.8     	52.5     	60.6     	59.2     	57.0     	56.0     	58.3     	65.4     	63.7     	63.5     	62.3     	63.9     	61.7     	58.0     	54.4     	56.1     	59.4     	58.9     	58.3     	56.1     	52.6     	52.6     	50.3     	48.4     	43.7     	35.1     	32.4     	29.7     
	2026-04-13  	14:05:48  	00:00:58  	         	39.2     	31.0     	32.6     	39.5     	38.6     	31.9     	41.8     	62.6     	52.7     	55.9     	63.9     	55.8     	57.5     	59.0     	61.4     	64.7     	64.1     	65.0     	64.8     	64.5     	63.4     	59.2     	54.7     	52.8     	56.3     	56.1     	57.5     	54.1     	50.4     	48.9     	47.0     	44.6     	38.7     	33.4     	32.5     	29.5     
	2026-04-13  	14:05:49  	00:00:59  	         	37.4     	40.4     	34.5     	37.4     	39.7     	38.1     	39.0     	50.5     	41.6     	47.1     	59.5     	61.8     	53.0     	57.2     	64.0     	62.2     	61.0     	64.3     	66.2     	61.4     	61.8     	55.1     	52.4     	55.0     	55.6     	56.5     	57.6     	52.7     	49.8     	48.2     	48.6     	48.4     	42.9     	36.1     	34.9     	30.0     
	2026-04-13  	14:05:50  	00:01:00  	         	42.9     	41.4     	35.8     	39.5     	40.0     	38.3     	49.5     	52.4     	49.1     	53.2     	61.1     	61.8     	57.6     	57.6     	62.1     	65.0     	65.0     	62.8     	64.5     	65.2     	60.9     	60.9     	57.1     	58.3     	57.2     	59.7     	58.0     	55.8     	51.4     	51.2     	49.1     	46.9     	42.4     	33.8     	31.9     	29.5     
	2026-04-13  	14:05:51  	00:01:01  	         	39.1     	40.6     	36.7     	39.1     	44.5     	39.8     	41.1     	48.3     	46.4     	51.5     	63.8     	58.2     	58.7     	59.2     	58.0     	63.7     	65.7     	64.3     	63.5     	65.3     	61.0     	56.0     	52.4     	50.9     	54.1     	57.3     	57.1     	54.0     	51.5     	50.9     	47.4     	45.9     	40.2     	32.0     	29.4     	29.2     
	2026-04-13  	14:05:52  	00:01:02  	         	46.3     	42.0     	36.6     	36.9     	39.0     	41.8     	42.0     	42.5     	39.6     	48.3     	56.0     	44.6     	55.0     	60.1     	57.5     	61.2     	65.0     	66.9     	63.7     	62.6     	63.6     	60.1     	56.2     	52.8     	60.5     	59.5     	59.0     	57.6     	52.9     	51.2     	50.5     	49.7     	43.0     	34.6     	32.8     	29.4     
	2026-04-13  	14:05:53  	00:01:03  	         	39.7     	38.5     	31.0     	43.1     	41.1     	39.1     	44.0     	52.7     	47.5     	54.5     	60.9     	57.6     	57.0     	56.4     	57.3     	58.0     	63.8     	63.7     	61.2     	62.0     	62.2     	59.4     	55.1     	51.7     	58.1     	59.3     	59.6     	56.6     	52.8     	51.2     	49.7     	48.6     	43.7     	36.6     	34.6     	29.9     
	2026-04-13  	14:05:54  	00:01:04  	         	39.1     	35.3     	38.0     	38.3     	36.5     	43.7     	50.5     	50.6     	46.4     	52.8     	61.1     	60.1     	58.5     	56.3     	57.7     	65.7     	65.3     	64.8     	62.3     	61.8     	62.9     	57.4     	51.8     	53.8     	57.1     	60.5     	59.1     	57.3     	53.8     	50.8     	49.8     	47.9     	43.1     	35.2     	32.2     	29.5     
	2026-04-13  	14:05:55  	00:01:05  	         	31.7     	37.5     	38.0     	44.8     	38.1     	37.7     	45.1     	61.2     	53.5     	55.9     	62.8     	55.1     	56.7     	57.2     	56.9     	62.5     	65.5     	63.2     	61.4     	61.4     	61.1     	58.5     	57.4     	58.5     	57.0     	56.1     	57.1     	54.8     	51.7     	49.9     	47.6     	45.2     	39.6     	33.3     	30.6     	29.2     
	2026-04-13  	14:05:56  	00:01:06  	         	41.0     	38.4     	37.2     	41.9     	36.8     	47.4     	55.8     	59.1     	42.0     	48.5     	54.2     	53.2     	53.7     	59.9     	55.4     	65.1     	66.0     	64.3     	64.6     	65.6     	61.9     	57.1     	53.4     	55.0     	56.5     	58.6     	57.6     	56.2     	52.3     	50.2     	49.9     	49.1     	43.9     	35.6     	34.1     	29.9     
	2026-04-13  	14:05:57  	00:01:07  	         	40.1     	33.8     	34.2     	39.2     	38.9     	47.9     	53.5     	58.4     	56.7     	58.2     	60.3     	62.9     	58.4     	58.5     	61.6     	61.4     	66.0     	61.3     	62.5     	59.7     	61.7     	52.5     	49.6     	50.2     	51.4     	57.7     	57.5     	54.5     	55.1     	52.6     	50.9     	51.3     	45.5     	35.9     	34.0     	29.9     
	2026-04-13  	14:05:58  	00:01:08  	         	38.8     	40.3     	31.6     	38.3     	37.6     	46.3     	47.7     	50.0     	45.6     	52.9     	60.8     	59.1     	58.7     	56.4     	58.7     	64.8     	67.1     	63.8     	59.3     	64.4     	61.0     	60.5     	55.7     	57.1     	59.6     	58.8     	58.1     	57.0     	53.8     	50.1     	48.8     	47.7     	41.6     	32.5     	30.3     	29.3     
	2026-04-13  	14:05:59  	00:01:09  	         	42.5     	38.4     	34.7     	34.6     	34.0     	35.8     	35.7     	38.3     	42.2     	48.4     	62.6     	49.9     	55.4     	56.6     	56.7     	66.0     	67.1     	63.7     	66.1     	64.6     	58.8     	56.3     	51.4     	49.3     	53.3     	58.8     	58.6     	53.8     	51.3     	50.5     	50.4     	48.1     	41.3     	34.3     	33.1     	29.7     
	2026-04-13  	14:06:00  	00:01:10  	         	37.3     	39.4     	32.1     	32.8     	31.5     	35.8     	35.1     	36.4     	32.6     	47.0     	55.1     	44.1     	53.9     	58.7     	55.9     	61.1     	64.9     	63.8     	64.8     	65.7     	60.7     	56.0     	52.0     	54.3     	54.1     	57.1     	59.1     	57.1     	53.5     	51.8     	50.4     	49.9     	43.9     	35.5     	34.0     	29.8     
	2026-04-13  	14:06:01  	00:01:11  	         	37.6     	40.0     	28.7     	33.8     	37.1     	44.1     	52.0     	58.5     	58.5     	59.7     	61.5     	61.4     	59.9     	60.5     	62.5     	64.1     	66.8     	65.0     	61.4     	63.0     	57.7     	56.6     	53.4     	54.1     	55.0     	57.6     	56.1     	54.3     	53.3     	51.0     	50.2     	49.4     	44.0     	35.3     	33.4     	29.8     
	2026-04-13  	14:06:02  	00:01:12  	         	37.9     	38.7     	35.3     	35.1     	33.4     	36.1     	40.7     	44.0     	43.8     	50.9     	62.9     	58.3     	58.8     	61.3     	59.7     	64.6     	64.9     	63.4     	61.3     	64.6     	58.0     	59.3     	54.6     	53.1     	57.6     	55.6     	54.9     	54.6     	52.8     	52.2     	52.1     	50.0     	44.2     	34.6     	32.4     	30.0     
	2026-04-13  	14:06:03  	00:01:13  	         	34.9     	37.2     	35.3     	38.3     	31.1     	39.7     	48.9     	62.6     	52.5     	55.3     	59.1     	56.3     	57.8     	59.0     	61.2     	65.2     	66.2     	65.9     	67.1     	65.7     	60.6     	56.6     	51.4     	50.4     	52.0     	55.9     	56.7     	54.1     	51.9     	50.2     	47.8     	47.2     	41.6     	34.3     	33.4     	29.8     
	2026-04-13  	14:06:04  	00:01:14  	         	38.1     	36.5     	36.3     	43.1     	33.3     	42.8     	47.5     	50.6     	45.3     	50.9     	58.9     	60.7     	56.8     	58.7     	65.8     	61.9     	64.8     	62.7     	66.0     	61.4     	59.4     	57.6     	55.3     	54.3     	56.4     	58.5     	58.8     	55.8     	51.9     	50.5     	48.6     	46.8     	41.5     	36.6     	35.3     	30.0     
	2026-04-13  	14:06:05  	00:01:15  	         	40.5     	33.8     	32.9     	36.0     	34.3     	40.1     	46.4     	54.1     	46.6     	46.5     	60.9     	47.3     	49.7     	61.1     	49.9     	62.8     	63.5     	64.9     	62.4     	61.6     	59.6     	57.9     	54.5     	56.9     	57.4     	58.4     	53.7     	53.8     	50.5     	49.2     	47.4     	43.6     	38.8     	33.5     	32.4     	29.4     
	2026-04-13  	14:06:06  	00:01:16  	         	39.7     	27.7     	27.8     	39.1     	32.0     	34.7     	34.9     	37.6     	39.6     	47.7     	59.9     	48.4     	52.2     	60.4     	52.9     	60.0     	62.7     	64.6     	61.6     	59.9     	54.8     	52.1     	46.8     	50.5     	53.7     	52.8     	50.3     	50.4     	49.8     	49.4     	46.5     	45.6     	41.1     	37.3     	36.9     	30.4     
	2026-04-13  	14:06:07  	00:01:17  	         	33.0     	33.2     	31.3     	35.5     	34.4     	35.4     	34.8     	40.2     	41.4     	48.5     	56.6     	57.2     	52.7     	59.5     	63.1     	64.1     	64.9     	66.5     	63.4     	64.1     	63.9     	59.4     	55.9     	56.3     	58.1     	57.8     	56.0     	56.3     	52.7     	51.0     	49.8     	47.4     	43.3     	37.5     	35.5     	30.1     
	2026-04-13  	14:06:08  	00:01:18  	         	49.8     	55.9     	56.0     	50.3     	45.1     	45.0     	55.6     	60.8     	52.7     	56.8     	60.7     	60.3     	55.8     	58.3     	65.5     	64.1     	65.6     	62.2     	65.3     	61.4     	61.0     	58.4     	56.1     	57.2     	56.8     	55.0     	54.2     	52.5     	49.5     	49.4     	47.7     	45.7     	40.6     	35.7     	34.6     	29.8     
	2026-04-13  	14:06:09  	00:01:19  	         	61.2     	70.7     	64.9     	52.7     	49.0     	43.4     	44.5     	41.3     	42.9     	47.6     	59.4     	48.6     	50.8     	56.8     	48.5     	62.8     	63.6     	60.3     	59.4     	57.3     	53.4     	50.5     	46.9     	45.3     	47.4     	49.8     	48.1     	48.3     	46.9     	47.7     	45.1     	43.4     	38.7     	34.1     	33.7     	29.6     
	2026-04-13  	14:06:10  	00:01:20  	         	45.2     	54.8     	48.3     	38.5     	39.1     	45.3     	53.3     	58.5     	55.2     	58.7     	63.2     	53.8     	56.7     	62.8     	60.5     	62.6     	64.7     	62.9     	60.6     	63.6     	56.1     	52.3     	49.8     	53.7     	54.2     	53.6     	53.8     	50.9     	48.9     	47.8     	45.0     	43.8     	39.8     	36.9     	36.2     	30.2     
	2026-04-13  	14:06:11  	00:01:21  	         	42.4     	39.4     	35.9     	37.8     	32.2     	37.1     	37.6     	45.0     	39.7     	45.6     	53.5     	60.5     	49.8     	57.3     	60.6     	64.2     	65.2     	58.0     	61.0     	58.3     	59.1     	53.3     	51.9     	52.5     	55.8     	55.5     	50.8     	51.6     	49.5     	48.7     	47.4     	45.2     	40.6     	36.8     	35.8     	30.1     
	2026-04-13  	14:06:12  	00:01:22  	         	44.2     	34.0     	36.6     	34.6     	31.8     	41.7     	50.6     	57.5     	52.0     	54.2     	60.9     	56.8     	53.4     	62.5     	62.0     	63.8     	65.6     	61.2     	62.4     	66.9     	57.8     	58.2     	54.6     	54.4     	57.7     	59.8     	59.1     	56.6     	51.5     	49.6     	48.0     	46.9     	42.4     	35.8     	33.5     	29.7     
	2026-04-13  	14:06:13  	00:01:23  	         	37.7     	36.4     	29.3     	33.9     	33.5     	31.8     	34.9     	36.9     	40.1     	47.8     	58.4     	48.6     	50.4     	61.1     	48.5     	62.5     	67.9     	62.9     	68.8     	67.7     	60.8     	62.7     	55.3     	55.2     	55.0     	53.5     	54.2     	52.3     	50.6     	50.1     	48.9     	46.5     	41.4     	36.7     	35.1     	29.9     
	2026-04-13  	14:06:14  	00:01:24  	         	41.9     	34.4     	31.8     	33.1     	30.8     	31.8     	34.5     	37.7     	34.5     	43.2     	58.3     	46.4     	49.0     	56.1     	51.4     	64.6     	62.5     	59.8     	61.9     	58.1     	60.0     	55.4     	51.7     	53.3     	55.7     	53.6     	52.7     	53.3     	50.5     	49.4     	46.3     	45.4     	41.0     	37.6     	36.9     	30.5     
	2026-04-13  	14:06:15  	00:01:25  	         	40.4     	34.3     	32.9     	39.3     	34.6     	37.8     	38.7     	44.1     	49.8     	49.3     	59.0     	63.3     	56.6     	60.6     	63.7     	63.8     	64.3     	60.0     	62.7     	63.0     	61.0     	53.8     	55.0     	56.5     	55.4     	57.0     	54.6     	51.7     	50.0     	49.2     	46.8     	45.6     	39.9     	35.5     	34.5     	29.8     
	2026-04-13  	14:06:16  	00:01:26  	         	38.6     	34.1     	35.3     	32.5     	31.3     	40.3     	47.9     	55.8     	47.9     	49.4     	59.8     	47.3     	49.8     	62.4     	57.9     	63.4     	65.3     	60.4     	67.3     	66.8     	58.4     	58.6     	53.9     	55.2     	58.6     	58.6     	58.9     	55.8     	51.6     	49.9     	49.4     	46.6     	41.3     	35.7     	33.6     	29.5     
	2026-04-13  	14:06:17  	00:01:27  	         	37.6     	40.8     	34.0     	37.9     	34.6     	34.4     	32.9     	37.6     	39.7     	46.7     	59.2     	48.2     	52.9     	56.9     	50.1     	60.6     	64.9     	62.8     	65.1     	68.5     	60.7     	61.8     	56.6     	55.3     	59.9     	54.6     	56.6     	55.5     	52.8     	50.0     	49.3     	46.6     	42.1     	37.8     	36.6     	30.3     
	2026-04-13  	14:06:18  	00:01:28  	         	40.0     	39.2     	35.3     	35.9     	33.7     	35.7     	36.0     	38.3     	39.0     	46.3     	56.5     	55.2     	51.4     	59.3     	59.7     	66.0     	70.1     	63.9     	63.6     	60.4     	59.8     	58.5     	57.3     	57.8     	58.7     	58.6     	57.8     	57.1     	56.0     	55.5     	52.3     	50.6     	43.8     	36.9     	35.4     	30.1     
	2026-04-13  	14:06:19  	00:01:29  	         	37.8     	29.6     	30.3     	32.0     	34.9     	36.6     	49.6     	54.4     	48.3     	52.8     	57.9     	61.3     	55.0     	59.3     	62.4     	64.3     	67.8     	63.2     	63.8     	59.2     	58.0     	59.6     	58.1     	57.4     	60.3     	61.1     	58.9     	57.9     	53.8     	52.9     	51.3     	47.6     	42.2     	36.4     	35.0     	30.0     
	2026-04-13  	14:06:20  	00:01:30  	         	42.9     	36.2     	34.4     	38.5     	35.1     	36.9     	45.8     	45.4     	40.7     	43.5     	59.3     	47.4     	50.0     	56.9     	48.8     	62.2     	64.5     	66.5     	64.5     	62.3     	64.0     	62.4     	61.4     	55.5     	61.4     	62.0     	60.1     	57.6     	52.4     	52.3     	50.1     	46.0     	40.4     	36.1     	34.3     	29.9     
	2026-04-13  	14:06:21  	00:01:31  	         	42.4     	38.9     	31.4     	33.7     	32.4     	35.0     	41.9     	62.7     	54.6     	57.5     	60.9     	52.6     	57.5     	61.6     	54.0     	61.8     	63.8     	64.8     	58.8     	56.3     	55.5     	51.4     	47.3     	50.5     	54.6     	53.1     	51.7     	51.2     	49.6     	48.5     	46.4     	45.1     	40.3     	37.0     	36.5     	30.3     
	2026-04-13  	14:06:22  	00:01:32  	         	43.2     	39.1     	38.0     	35.1     	33.4     	33.0     	37.5     	56.5     	43.7     	47.6     	54.9     	57.6     	52.0     	57.6     	64.3     	62.9     	63.5     	64.6     	64.9     	61.4     	65.6     	58.7     	56.5     	59.1     	59.5     	60.6     	56.8     	57.4     	53.2     	51.4     	51.2     	48.5     	42.7     	37.1     	35.8     	30.2     
	2026-04-13  	14:06:23  	00:01:33  	         	40.6     	36.7     	32.3     	36.0     	32.3     	42.0     	54.2     	58.3     	51.0     	54.1     	60.5     	57.9     	56.2     	58.4     	62.8     	63.9     	64.1     	61.9     	64.2     	60.7     	62.4     	54.3     	53.0     	56.8     	54.6     	54.7     	52.0     	50.9     	48.7     	48.1     	45.0     	43.8     	38.6     	33.5     	32.7     	29.4     
	2026-04-13  	14:06:24  	00:01:34  	         	42.2     	39.1     	33.8     	31.2     	33.5     	34.9     	37.4     	39.0     	40.9     	48.6     	59.4     	47.5     	50.9     	60.8     	49.1     	59.2     	61.4     	60.1     	58.9     	54.8     	54.6     	53.3     	47.3     	47.6     	49.3     	50.2     	50.4     	49.6     	48.3     	48.2     	45.9     	43.5     	38.1     	34.4     	34.0     	29.8     
	2026-04-13  	14:06:25  	00:01:35  	         	42.4     	33.6     	38.4     	29.3     	33.5     	32.8     	36.9     	34.4     	35.8     	42.5     	58.8     	42.3     	49.9     	58.4     	49.7     	60.5     	63.9     	61.6     	57.5     	52.3     	56.5     	54.7     	54.5     	55.5     	56.1     	54.7     	51.4     	49.4     	48.2     	48.0     	45.2     	44.1     	40.1     	37.0     	36.7     	30.3     
	2026-04-13  	14:06:26  	00:01:36  	         	45.9     	37.3     	36.9     	35.0     	31.3     	35.3     	50.7     	56.0     	50.8     	51.7     	56.5     	61.6     	57.7     	60.6     	64.8     	64.1     	65.2     	59.9     	62.6     	61.7     	59.4     	55.1     	57.5     	56.1     	56.7     	56.5     	52.5     	51.2     	50.1     	48.9     	47.0     	45.4     	40.6     	36.7     	35.5     	30.1     
	2026-04-13  	14:06:27  	00:01:37  	         	37.0     	36.4     	36.9     	37.2     	37.6     	43.6     	55.3     	57.8     	51.6     	55.1     	62.4     	51.2     	55.9     	62.6     	58.7     	63.0     	65.2     	65.8     	65.1     	67.3     	57.1     	57.3     	54.1     	55.2     	56.4     	59.8     	58.8     	55.8     	52.8     	49.6     	48.7     	46.7     	41.3     	35.8     	34.2     	29.6     
	2026-04-13  	14:06:28  	00:01:38  	         	39.9     	31.9     	34.5     	34.2     	37.6     	34.4     	38.3     	39.9     	41.3     	48.0     	59.2     	47.2     	52.1     	55.3     	51.2     	62.1     	67.0     	63.0     	66.9     	66.0     	61.1     	59.1     	54.5     	53.9     	53.7     	50.7     	51.5     	52.7     	50.3     	49.1     	47.1     	46.4     	42.6     	37.9     	36.6     	30.3     
	2026-04-13  	14:06:29  	00:01:39  	         	41.8     	36.3     	35.7     	37.2     	35.6     	37.6     	38.2     	37.9     	36.0     	46.3     	57.7     	55.4     	51.4     	60.1     	62.9     	64.0     	63.2     	61.4     	59.0     	60.5     	59.6     	54.3     	54.6     	58.7     	57.9     	53.5     	49.7     	51.0     	49.8     	48.7     	45.7     	44.6     	39.3     	35.9     	35.3     	30.1     
	2026-04-13  	14:06:30  	00:01:40  	         	40.9     	36.5     	31.7     	33.1     	34.9     	38.5     	49.0     	54.7     	47.2     	53.1     	57.9     	62.1     	57.4     	62.4     	64.8     	63.3     	65.8     	63.5     	66.6     	63.2     	58.4     	54.5     	55.1     	56.0     	57.1     	57.2     	58.3     	53.0     	49.8     	49.2     	47.5     	45.5     	40.3     	35.5     	34.4     	30.0     
	2026-04-13  	14:06:31  	00:01:41  	         	41.7     	33.3     	31.5     	37.9     	34.3     	36.7     	44.1     	48.6     	42.9     	45.7     	59.7     	45.7     	48.5     	61.8     	51.2     	63.1     	65.4     	60.7     	68.2     	65.8     	56.3     	56.9     	52.1     	50.6     	57.8     	61.0     	59.8     	56.7     	51.8     	50.0     	49.7     	47.5     	41.9     	35.1     	32.5     	29.4     
	2026-04-13  	14:06:32  	00:01:42  	         	32.7     	31.1     	31.2     	30.7     	30.7     	34.0     	37.1     	39.7     	39.7     	46.8     	60.1     	48.8     	53.2     	57.7     	50.9     	62.6     	66.6     	66.6     	67.7     	69.1     	60.7     	61.6     	57.3     	56.6     	61.8     	56.0     	58.0     	55.3     	52.6     	50.8     	48.0     	46.3     	41.8     	38.6     	37.3     	30.6     
	2026-04-13  	14:06:33  	00:01:43  	         	33.9     	34.6     	31.6     	36.1     	32.6     	33.1     	33.6     	38.6     	47.0     	54.1     	55.0     	58.8     	58.8     	59.4     	66.2     	65.2     	64.5     	59.9     	60.3     	60.3     	61.2     	57.9     	58.0     	56.0     	59.8     	59.7     	56.4     	55.9     	53.9     	51.6     	48.6     	46.8     	40.3     	35.5     	35.2     	30.0     
	2026-04-13  	14:06:34  	00:01:44  	         	37.6     	34.5     	36.2     	35.8     	35.6     	37.3     	48.9     	56.4     	49.0     	53.3     	57.5     	61.1     	54.8     	57.6     	63.7     	63.1     	62.3     	58.6     	61.7     	64.3     	64.6     	61.2     	55.7     	56.6     	57.5     	58.8     	54.4     	51.7     	49.0     	49.3     	45.8     	43.6     	37.1     	31.8     	31.6     	29.4     
	2026-04-13  	14:06:35  	00:01:45  	         	38.9     	37.3     	34.0     	34.4     	37.9     	34.7     	38.2     	38.3     	32.6     	35.0     	35.9     	37.4     	37.7     	43.4     	45.7     	60.7     	62.2     	55.4     	55.1     	47.2     	49.4     	48.6     	43.6     	44.6     	46.9     	48.0     	48.7     	49.2     	47.5     	47.7     	45.8     	43.2     	38.2     	34.3     	33.8     	29.8     
	2026-04-13  	14:06:36  	00:01:46  	         	44.7     	37.4     	30.5     	36.8     	36.7     	29.7     	37.3     	36.7     	35.5     	35.1     	38.4     	34.8     	37.4     	39.9     	47.8     	61.0     	61.2     	58.6     	59.4     	60.5     	64.0     	51.5     	50.1     	48.4     	49.4     	50.7     	50.9     	49.0     	48.9     	48.2     	45.7     	44.5     	40.5     	37.7     	37.4     	30.4     
	2026-04-13  	14:06:37  	00:01:47  	         	40.0     	32.8     	28.7     	34.2     	38.9     	28.0     	34.6     	34.0     	36.7     	42.5     	46.8     	42.2     	47.8     	51.3     	52.1     	63.7     	67.2     	61.0     	65.6     	57.2     	62.4     	61.7     	58.3     	60.2     	58.7     	55.7     	55.6     	54.5     	52.6     	52.1     	50.5     	48.2     	42.6     	37.0     	35.8     	30.2     
	2026-04-13  	14:06:38  	00:01:48  	         	42.1     	40.4     	37.0     	38.2     	40.6     	36.9     	51.2     	55.9     	48.2     	52.9     	55.4     	46.2     	52.3     	51.9     	54.6     	60.4     	61.0     	59.3     	66.4     	63.2     	60.2     	58.7     	53.9     	55.9     	57.6     	54.4     	52.5     	51.7     	48.3     	48.3     	45.0     	43.4     	38.1     	33.8     	33.5     	29.6     
	2026-04-13  	14:06:39  	00:01:49  	         	41.7     	37.6     	30.3     	36.2     	40.7     	30.8     	36.8     	37.9     	33.3     	34.6     	39.4     	41.2     	42.4     	44.6     	49.8     	62.6     	66.3     	63.2     	61.6     	55.7     	53.4     	52.7     	57.2     	53.9     	53.5     	54.0     	53.6     	53.1     	52.0     	50.9     	48.5     	46.1     	40.8     	36.5     	36.0     	30.1     
	2026-04-13  	14:06:40  	00:01:50  	         	41.9     	39.5     	33.7     	32.1     	31.9     	30.6     	35.2     	35.4     	34.7     	36.9     	39.9     	43.0     	43.6     	50.4     	53.1     	65.4     	68.2     	68.5     	63.4     	59.2     	59.5     	57.7     	57.8     	59.9     	55.8     	55.5     	56.6     	55.0     	54.4     	52.9     	50.7     	48.9     	43.0     	37.7     	36.6     	30.5     
	2026-04-13  	14:06:41  	00:01:51  	         	42.0     	39.0     	38.1     	32.9     	34.3     	34.2     	44.2     	53.8     	48.0     	53.2     	60.4     	59.2     	56.0     	60.6     	60.6     	61.0     	62.6     	62.8     	60.8     	56.2     	56.7     	57.2     	57.2     	62.0     	54.0     	52.9     	54.6     	50.5     	51.8     	53.2     	49.4     	46.2     	41.6     	36.1     	35.6     	30.1     
	2026-04-13  	14:06:42  	00:01:52  	         	34.1     	33.7     	30.9     	30.2     	31.5     	36.7     	43.5     	52.0     	45.9     	48.0     	53.3     	60.4     	47.7     	52.5     	59.5     	64.2     	63.4     	62.5     	58.4     	57.3     	57.8     	58.7     	54.0     	60.3     	54.5     	52.9     	54.8     	50.3     	50.3     	50.4     	48.9     	47.6     	42.7     	34.2     	33.3     	29.8     
	2026-04-13  	14:06:43  	00:01:53  	         	37.9     	35.7     	30.9     	32.8     	32.9     	31.2     	30.6     	39.5     	41.4     	44.5     	57.3     	54.2     	50.8     	54.5     	53.8     	63.5     	66.1     	62.8     	59.6     	58.0     	62.5     	57.3     	52.1     	61.8     	56.0     	52.5     	56.6     	51.3     	49.7     	49.3     	47.5     	46.1     	41.3     	37.3     	36.8     	30.3     
	2026-04-13  	14:06:44  	00:01:54  	         	36.1     	36.5     	34.0     	32.4     	31.0     	33.5     	36.1     	39.3     	37.2     	48.1     	55.6     	45.5     	54.6     	58.3     	51.6     	64.9     	66.2     	63.9     	63.5     	59.4     	62.0     	57.7     	53.9     	60.9     	53.0     	52.9     	54.8     	52.7     	51.4     	50.8     	50.0     	47.4     	42.7     	37.4     	36.8     	30.7     
	2026-04-13  	14:06:45  	00:01:55  	         	40.8     	34.2     	35.8     	34.2     	32.9     	38.3     	47.2     	55.4     	50.2     	54.2     	59.3     	60.6     	55.8     	57.5     	60.1     	65.2     	64.3     	60.5     	56.1     	60.0     	58.3     	60.0     	56.9     	53.9     	59.5     	57.1     	58.2     	55.0     	54.0     	53.7     	52.4     	53.2     	48.2     	36.4     	33.0     	29.6     
	2026-04-13  	14:06:46  	00:01:56  	         	41.9     	37.3     	33.3     	34.7     	32.1     	36.0     	37.0     	38.6     	40.3     	44.6     	54.2     	60.0     	52.4     	54.5     	61.3     	63.2     	63.2     	61.7     	61.5     	67.5     	59.0     	57.2     	52.7     	53.2     	59.7     	53.7     	57.6     	53.8     	50.5     	49.6     	49.4     	46.8     	42.0     	34.5     	33.9     	29.9     
	2026-04-13  	14:06:47  	00:01:57  	         	45.0     	35.1     	35.3     	34.4     	31.7     	33.6     	37.0     	37.2     	37.8     	45.9     	58.1     	47.6     	52.7     	61.1     	51.1     	63.5     	66.5     	65.9     	68.2     	61.4     	59.7     	60.7     	52.6     	55.3     	58.2     	54.4     	56.5     	55.5     	50.6     	50.6     	50.5     	48.2     	43.2     	37.9     	37.1     	30.6     
	2026-04-13  	14:06:48  	00:01:58  	         	38.8     	38.9     	31.6     	33.6     	31.1     	30.5     	33.0     	35.5     	37.4     	47.2     	52.0     	58.7     	50.8     	51.2     	57.8     	63.6     	64.9     	61.1     	64.4     	64.8     	59.9     	62.0     	56.7     	53.1     	61.1     	56.8     	56.4     	53.7     	51.5     	50.9     	50.1     	48.6     	43.0     	36.4     	35.3     	30.3     
	2026-04-13  	14:06:49  	00:01:59  	         	43.3     	40.7     	34.4     	37.2     	33.1     	42.1     	51.0     	54.6     	48.8     	53.6     	57.6     	60.1     	55.1     	57.3     	61.9     	63.7     	64.1     	62.4     	61.1     	63.7     	61.6     	63.5     	53.5     	51.7     	56.6     	59.1     	55.4     	52.9     	49.6     	49.1     	47.8     	45.5     	39.2     	33.4     	33.2     	29.6     
	2026-04-13  	14:06:50  	00:02:00  	         	43.1     	31.8     	32.9     	33.9     	33.6     	31.4     	33.3     	38.5     	37.1     	44.2     	55.0     	58.1     	53.7     	59.9     	59.8     	64.4     	65.2     	70.8     	65.0     	62.4     	59.1     	59.7     	52.1     	52.6     	54.2     	54.3     	55.2     	52.6     	51.7     	51.1     	50.1     	48.6     	42.6     	36.0     	35.4     	30.0     
	2026-04-13  	14:06:51  	00:02:01  	         	43.7     	38.6     	36.4     	36.6     	33.0     	35.1     	33.8     	35.2     	38.4     	47.5     	55.9     	46.5     	52.1     	57.8     	51.7     	64.5     	65.4     	63.7     	67.7     	66.3     	62.2     	59.7     	54.3     	57.6     	57.6     	54.8     	55.4     	52.6     	50.8     	50.1     	49.2     	47.0     	42.2     	37.8     	37.0     	30.6     
	2026-04-13  	14:06:52  	00:02:02  	         	44.3     	38.8     	34.4     	31.7     	35.8     	36.3     	40.7     	43.6     	50.7     	52.1     	57.6     	56.4     	57.3     	57.3     	56.2     	61.3     	64.7     	61.0     	63.2     	66.0     	59.0     	60.9     	56.0     	55.2     	60.2     	56.3     	58.7     	55.3     	52.4     	51.7     	50.9     	50.1     	43.9     	35.9     	34.8     	30.1     
	2026-04-13  	14:06:53  	00:02:03  	         	41.7     	33.2     	35.1     	35.6     	35.4     	44.1     	52.3     	49.4     	50.4     	49.4     	53.3     	61.3     	50.9     	50.7     	56.9     	64.1     	64.7     	62.4     	58.3     	61.8     	66.9     	58.6     	54.4     	52.7     	58.1     	59.1     	58.1     	54.0     	50.1     	49.1     	49.1     	46.3     	41.0     	33.8     	32.4     	29.7     
	2026-04-13  	14:06:54  	00:02:04  	         	33.4     	39.3     	27.9     	33.4     	34.2     	31.5     	36.4     	41.2     	48.9     	55.2     	58.6     	57.1     	61.2     	62.1     	58.7     	63.3     	64.9     	63.8     	64.5     	61.8     	58.8     	61.3     	52.5     	53.2     	61.6     	53.6     	56.6     	52.7     	50.4     	49.6     	47.4     	46.7     	42.2     	36.8     	36.0     	30.2     
	2026-04-13  	14:06:55  	00:02:05  	         	44.3     	40.2     	30.9     	37.1     	35.0     	35.7     	35.1     	44.5     	50.0     	58.2     	56.4     	56.1     	61.6     	62.4     	58.9     	64.3     	61.5     	62.6     	67.3     	60.1     	59.8     	61.3     	51.6     	53.4     	57.9     	51.1     	54.7     	50.3     	47.8     	46.1     	43.4     	42.2     	37.9     	35.8     	35.6     	30.2     
	2026-04-13  	14:06:56  	00:02:06  	         	45.3     	38.5     	37.6     	36.8     	34.4     	37.2     	38.1     	45.0     	56.5     	61.4     	59.6     	60.0     	55.5     	55.9     	61.2     	61.9     	63.0     	61.5     	57.6     	58.4     	62.5     	54.3     	51.4     	51.6     	52.9     	55.6     	52.8     	53.6     	51.5     	51.7     	51.0     	52.2     	49.0     	43.5     	40.6     	30.1     
	2026-04-13  	14:06:57  	00:02:07  	         	42.3     	38.2     	37.8     	37.0     	31.5     	31.3     	31.7     	43.3     	41.3     	62.5     	56.3     	45.0     	50.4     	51.9     	60.3     	55.3     	58.0     	62.9     	59.5     	58.0     	56.9     	53.3     	52.6     	48.8     	53.5     	53.4     	48.9     	50.8     	44.6     	46.7     	47.2     	48.5     	49.8     	39.4     	33.8     	29.1     
	2026-04-13  	14:06:58  	00:02:08  	         	42.8     	39.5     	36.1     	33.3     	30.9     	34.9     	36.1     	37.4     	39.5     	62.1     	56.6     	40.2     	49.1     	46.4     	57.0     	56.3     	64.5     	58.0     	57.9     	59.8     	58.9     	57.3     	54.0     	51.9     	53.7     	50.9     	49.2     	46.5     	42.7     	38.0     	32.9     	33.2     	34.0     	33.3     	31.9     	29.2     
	2026-04-13  	14:06:59  	00:02:09  	         	38.2     	41.1     	37.1     	40.0     	36.5     	32.7     	38.7     	39.3     	39.1     	62.4     	56.4     	43.3     	51.1     	47.1     	57.0     	59.9     	62.1     	58.0     	60.2     	59.9     	61.4     	57.0     	55.9     	51.3     	52.7     	51.7     	48.9     	48.0     	45.3     	46.0     	48.1     	50.5     	51.8     	44.0     	38.7     	29.4     
	2026-04-13  	14:07:00  	00:02:10  	         	42.0     	37.3     	31.5     	34.9     	34.7     	31.0     	30.2     	33.9     	37.6     	61.5     	56.0     	43.1     	50.3     	49.1     	55.4     	60.5     	58.7     	59.2     	62.1     	62.1     	57.5     	58.9     	53.2     	48.8     	49.6     	50.0     	47.9     	47.4     	45.1     	45.4     	43.8     	41.7     	39.5     	35.1     	33.0     	29.2     
	2026-04-13  	14:07:01  	00:02:11  	         	41.1     	34.4     	35.9     	37.1     	33.3     	30.4     	41.2     	51.0     	55.5     	59.4     	57.8     	57.5     	56.1     	52.6     	52.9     	57.2     	53.8     	57.3     	60.6     	55.0     	59.0     	60.6     	53.4     	50.6     	49.2     	49.6     	49.3     	45.0     	42.0     	41.2     	37.3     	37.1     	36.7     	34.8     	33.2     	29.1     
	2026-04-13  	14:07:02  	00:02:12  	         	33.3     	32.3     	31.0     	37.2     	33.5     	35.1     	41.6     	50.5     	46.4     	63.1     	56.8     	37.7     	49.4     	47.0     	55.7     	57.8     	71.9     	69.6     	61.8     	59.1     	59.9     	54.3     	49.2     	53.3     	47.3     	48.2     	49.4     	47.4     	43.3     	45.0     	46.2     	44.6     	44.0     	40.7     	35.5     	29.2     
	2026-04-13  	14:07:03  	00:02:13  	         	38.4     	37.2     	29.1     	36.3     	33.5     	31.2     	41.0     	48.2     	51.8     	59.9     	54.5     	52.9     	54.2     	50.9     	54.5     	66.9     	70.1     	58.9     	56.5     	60.9     	60.1     	53.9     	55.2     	52.0     	53.5     	47.8     	43.7     	39.6     	37.8     	42.9     	47.4     	46.6     	46.3     	42.9     	36.8     	29.4     
	2026-04-13  	14:07:04  	00:02:14  	         	37.9     	39.3     	34.6     	33.8     	33.0     	36.4     	43.5     	40.3     	39.4     	58.5     	34.4     	31.1     	46.3     	43.9     	60.2     	63.2     	64.2     	58.5     	55.2     	62.2     	60.8     	57.1     	48.0     	46.8     	50.6     	52.3     	46.4     	42.0     	37.1     	38.0     	41.7     	45.9     	44.7     	43.9     	39.4     	29.4     
	2026-04-13  	14:07:05  	00:02:15  	         	37.9     	42.3     	34.0     	37.4     	34.7     	34.9     	38.1     	46.3     	49.7     	58.8     	47.5     	50.9     	53.7     	50.0     	59.2     	59.0     	52.9     	56.0     	52.4     	54.0     	54.9     	47.3     	48.7     	43.9     	49.6     	44.9     	41.7     	46.1     	50.0     	46.4     	47.9     	43.8     	37.5     	33.9     	32.4     	29.1     
	2026-04-13  	14:07:06  	00:02:16  	         	43.9     	36.5     	35.0     	32.8     	32.9     	34.6     	36.1     	46.9     	56.8     	52.9     	47.6     	48.8     	44.2     	49.6     	54.2     	59.0     	67.4     	63.3     	53.8     	63.3     	60.2     	56.8     	56.3     	46.8     	52.9     	56.6     	48.3     	45.8     	38.2     	42.6     	44.5     	45.1     	43.8     	41.1     	36.5     	29.3     
	2026-04-13  	14:07:07  	00:02:17  	         	41.4     	39.0     	36.0     	30.1     	30.6     	35.9     	36.5     	43.5     	56.5     	51.5     	46.6     	50.4     	50.7     	51.7     	45.0     	60.2     	72.2     	63.5     	53.0     	65.6     	54.5     	53.7     	50.5     	50.4     	52.8     	40.7     	47.1     	44.2     	39.7     	40.3     	40.9     	38.6     	37.1     	36.6     	38.1     	29.6     
	2026-04-13  	14:07:08  	00:02:18  	         	39.1     	39.2     	34.5     	34.1     	31.1     	36.4     	34.8     	37.0     	54.3     	47.8     	36.8     	45.7     	47.3     	48.7     	56.1     	69.2     	63.8     	53.4     	62.7     	60.9     	64.5     	59.1     	57.5     	50.4     	54.2     	53.9     	46.7     	43.1     	32.7     	35.5     	37.4     	38.2     	38.4     	37.8     	33.5     	29.2     
	2026-04-13  	14:07:09  	00:02:19  	         	40.5     	39.3     	34.2     	35.5     	34.7     	34.2     	41.1     	43.0     	53.0     	50.0     	47.0     	48.7     	47.9     	49.5     	59.6     	70.4     	68.6     	50.7     	59.4     	59.2     	57.6     	47.2     	47.7     	45.3     	44.6     	39.0     	43.5     	45.5     	50.9     	46.2     	48.2     	45.7     	38.8     	32.7     	30.4     	29.0     
	2026-04-13  	14:07:10  	00:02:20  	         	38.2     	33.4     	31.1     	33.3     	36.0     	40.2     	43.3     	45.4     	47.9     	52.3     	47.3     	45.7     	47.1     	44.7     	57.5     	65.3     	54.6     	50.7     	53.5     	53.9     	58.2     	54.7     	55.1     	48.7     	49.6     	51.5     	46.4     	40.1     	35.4     	37.9     	39.3     	37.0     	31.9     	29.9     	29.2     	29.0     
	2026-04-13  	14:07:11  	00:02:21  	         	35.7     	32.0     	35.5     	30.5     	38.0     	35.6     	41.2     	43.5     	45.5     	53.1     	47.8     	45.3     	46.8     	45.7     	48.7     	63.6     	71.9     	63.9     	56.7     	62.6     	57.7     	50.7     	48.9     	44.8     	51.3     	46.6     	44.2     	41.1     	33.8     	38.9     	40.3     	47.8     	44.2     	42.3     	35.2     	29.2     
	2026-04-13  	14:07:12  	00:02:22  	         	44.2     	35.5     	34.3     	33.9     	35.8     	37.1     	40.6     	37.7     	37.7     	53.1     	40.7     	31.4     	41.7     	38.3     	52.1     	67.0     	70.4     	65.6     	58.1     	57.4     	61.2     	53.5     	50.4     	50.7     	48.2     	44.3     	43.1     	42.3     	47.1     	41.7     	44.6     	43.8     	38.9     	37.9     	34.5     	29.3     
	2026-04-13  	14:07:13  	00:02:23  	         	38.3     	36.6     	36.3     	32.8     	33.7     	34.0     	42.5     	38.8     	35.4     	52.9     	29.8     	29.1     	41.5     	38.5     	48.5     	62.4     	70.7     	68.1     	58.8     	59.9     	63.6     	56.8     	53.6     	48.5     	52.7     	49.6     	48.3     	43.2     	39.3     	36.7     	35.1     	36.0     	34.6     	35.2     	33.7     	29.2     
	2026-04-13  	14:07:14  	00:02:24  	         	41.5     	35.0     	34.9     	33.0     	32.6     	33.3     	34.2     	44.5     	51.8     	51.3     	45.5     	47.5     	48.6     	47.9     	53.5     	68.8     	63.4     	51.0     	62.6     	58.1     	65.1     	54.7     	52.1     	48.9     	46.7     	46.0     	47.3     	42.0     	37.1     	43.8     	44.6     	40.6     	36.3     	35.0     	32.5     	29.1     
	2026-04-13  	14:07:15  	00:02:25  	         	40.1     	34.1     	33.0     	38.5     	32.8     	34.4     	33.7     	39.5     	51.9     	46.8     	43.1     	46.6     	47.3     	47.5     	58.1     	67.1     	54.1     	53.3     	62.2     	57.4     	66.2     	54.0     	49.3     	44.1     	47.8     	52.7     	46.7     	43.3     	37.4     	35.1     	35.7     	33.8     	32.0     	34.9     	32.6     	29.1     
	2026-04-13  	14:07:16  	00:02:26  	         	38.1     	34.9     	35.6     	32.2     	30.5     	33.1     	34.9     	41.7     	51.6     	45.8     	33.6     	39.6     	36.9     	47.0     	57.1     	61.8     	63.2     	51.0     	52.3     	56.0     	52.7     	48.8     	42.7     	40.1     	49.1     	45.1     	40.3     	34.9     	33.1     	35.0     	36.9     	38.1     	39.0     	35.7     	31.4     	29.1     
	2026-04-13  	14:07:17  	00:02:27  	         	38.5     	31.2     	35.0     	30.1     	35.5     	34.3     	35.3     	40.5     	53.1     	48.0     	43.1     	45.9     	45.6     	47.6     	51.8     	63.6     	66.5     	58.5     	57.1     	60.6     	61.4     	56.4     	55.5     	46.3     	50.3     	52.0     	47.7     	43.5     	38.7     	44.8     	46.3     	45.2     	40.7     	35.8     	34.7     	29.2     
	2026-04-13  	14:07:18  	00:02:28  	         	41.5     	36.4     	43.4     	41.2     	36.0     	34.4     	37.3     	46.1     	52.1     	52.5     	48.2     	48.3     	49.6     	46.5     	47.5     	61.0     	64.4     	67.6     	56.5     	58.2     	65.0     	57.4     	58.5     	53.1     	50.4     	47.2     	42.5     	38.8     	39.3     	42.6     	43.3     	47.2     	47.1     	39.4     	35.3     	29.2     
	2026-04-13  	14:07:19  	00:02:29  	         	38.2     	34.6     	41.0     	42.4     	32.1     	34.0     	38.3     	44.0     	35.7     	52.3     	46.0     	33.4     	41.0     	39.5     	55.6     	65.6     	67.5     	56.2     	58.4     	59.5     	65.0     	58.9     	60.3     	52.7     	57.9     	56.4     	52.1     	45.2     	33.8     	39.2     	42.2     	40.5     	40.9     	37.7     	32.6     	29.2     
	2026-04-13  	14:07:20  	00:02:30  	         	39.1     	30.0     	38.9     	40.8     	34.2     	32.2     	37.2     	41.7     	45.2     	53.5     	46.5     	45.0     	47.0     	43.8     	56.3     	67.6     	67.0     	52.8     	61.8     	59.2     	62.3     	56.4     	54.0     	51.7     	51.0     	47.8     	47.0     	40.6     	33.0     	34.4     	36.1     	33.7     	31.4     	32.7     	32.0     	29.1     
	2026-04-13  	14:07:21  	00:02:31  	         	32.7     	31.8     	42.3     	40.2     	31.8     	32.2     	35.6     	35.3     	34.7     	52.9     	31.2     	30.5     	41.1     	41.0     	60.2     	64.4     	53.1     	56.9     	57.3     	61.3     	57.2     	49.2     	46.9     	42.6     	47.9     	47.8     	43.2     	39.4     	36.2     	38.9     	41.7     	42.6     	45.7     	41.8     	33.7     	29.1     
	2026-04-13  	14:07:22  	00:02:32  	         	43.9     	36.0     	40.3     	37.6     	35.3     	33.7     	37.2     	43.2     	46.9     	53.2     	44.7     	46.7     	47.8     	47.7     	54.1     	45.0     	57.4     	53.3     	44.7     	57.1     	49.1     	39.7     	33.4     	33.3     	32.1     	43.2     	40.5     	33.7     	29.3     	28.0     	34.2     	46.4     	48.7     	44.5     	34.0     	29.1     
	2026-04-13  	14:07:23  	00:02:33  	         	37.7     	35.1     	35.2     	38.4     	32.2     	37.9     	39.3     	36.4     	51.6     	45.2     	29.3     	38.6     	36.1     	45.8     	47.8     	60.1     	73.5     	59.1     	53.7     	63.8     	58.6     	60.9     	55.5     	51.9     	55.5     	52.6     	49.8     	48.4     	48.9     	45.3     	48.6     	45.8     	37.1     	32.6     	30.3     	29.1     
	2026-04-13  	14:07:24  	00:02:34  	         	39.3     	38.2     	32.7     	34.3     	29.7     	30.9     	36.2     	43.2     	52.8     	47.6     	43.6     	46.1     	47.3     	47.5     	55.8     	65.3     	63.1     	51.0     	57.4     	59.7     	63.1     	56.3     	56.0     	49.7     	53.1     	57.0     	49.1     	45.3     	46.3     	43.8     	48.0     	44.5     	38.4     	31.7     	29.6     	29.2     
	2026-04-13  	14:07:25  	00:02:35  	         	40.5     	37.8     	34.6     	34.7     	26.9     	31.5     	34.7     	42.3     	50.9     	46.7     	43.2     	45.4     	45.4     	46.7     	59.6     	62.9     	66.3     	61.9     	56.4     	60.0     	62.0     	52.8     	53.1     	48.3     	52.2     	43.1     	41.6     	37.3     	34.7     	31.7     	34.3     	36.0     	32.7     	35.9     	32.9     	29.2     
	2026-04-13  	14:07:26  	00:02:36  	         	42.6     	36.1     	34.9     	32.5     	32.3     	31.8     	34.8     	45.1     	51.8     	48.6     	44.8     	48.3     	49.2     	48.1     	44.7     	62.1     	69.1     	59.0     	53.5     	60.8     	59.1     	56.7     	54.5     	50.0     	54.1     	51.6     	48.2     	44.0     	37.2     	38.0     	40.0     	41.6     	43.6     	42.2     	37.5     	29.2     
	2026-04-13  	14:07:27  	00:02:37  	         	38.4     	30.9     	37.6     	35.5     	31.9     	30.4     	34.1     	41.2     	37.3     	52.0     	46.0     	28.7     	39.8     	37.2     	47.4     	66.3     	69.0     	58.5     	60.3     	60.5     	63.9     	56.4     	53.5     	46.8     	53.6     	53.3     	50.4     	46.4     	41.2     	45.0     	43.2     	38.1     	32.7     	32.6     	31.4     	29.1     
	2026-04-13  	14:07:28  	00:02:38  	         	44.6     	33.7     	30.0     	33.5     	31.2     	34.3     	41.2     	40.9     	44.8     	52.2     	47.1     	44.9     	47.2     	43.7     	52.5     	65.6     	67.1     	52.0     	59.7     	63.3     	63.4     	54.8     	43.5     	43.2     	50.1     	46.0     	46.2     	43.6     	39.7     	39.8     	43.2     	39.9     	33.4     	32.2     	31.5     	29.1     
	2026-04-13  	14:07:29  	00:02:39  	         	39.0     	36.8     	35.3     	31.7     	33.6     	30.1     	33.5     	36.3     	36.7     	52.6     	30.7     	27.9     	41.3     	38.2     	46.2     	61.6     	66.2     	53.6     	57.9     	61.6     	62.7     	61.1     	56.4     	48.5     	51.3     	56.4     	53.6     	45.7     	37.4     	37.1     	39.5     	37.9     	31.6     	30.0     	30.8     	29.2     
	2026-04-13  	14:07:30  	00:02:40  	         	35.5     	37.2     	34.4     	36.1     	34.0     	30.1     	32.7     	39.6     	45.0     	52.1     	42.0     	42.9     	45.0     	43.3     	49.6     	62.9     	68.7     	59.9     	56.9     	60.0     	60.3     	57.7     	50.2     	41.1     	47.5     	49.0     	48.8     	43.4     	37.9     	40.8     	45.2     	46.3     	44.8     	39.3     	35.2     	29.2     
	2026-04-13  	14:07:31  	00:02:41  	         	35.1     	36.4     	35.4     	36.6     	36.8     	35.7     	38.8     	42.1     	52.1     	48.8     	42.9     	45.5     	46.0     	46.5     	53.0     	66.3     	65.4     	49.4     	58.3     	56.8     	62.5     	53.2     	48.7     	45.6     	51.8     	47.5     	44.9     	43.4     	44.0     	39.7     	44.2     	49.5     	45.7     	40.4     	36.1     	29.2     
	2026-04-13  	14:07:32  	00:02:42  	         	38.8     	36.2     	37.3     	38.7     	29.0     	31.9     	35.6     	42.5     	52.4     	47.6     	42.1     	45.8     	47.1     	46.7     	48.7     	58.3     	73.2     	69.6     	53.3     	58.1     	57.2     	53.3     	56.9     	52.5     	53.9     	49.4     	48.8     	41.3     	36.7     	34.9     	36.4     	38.4     	37.3     	37.7     	36.0     	29.3     
	2026-04-13  	14:07:33  	00:02:43  	         	45.5     	33.7     	40.7     	34.6     	33.4     	38.2     	39.4     	39.0     	51.5     	45.3     	28.5     	38.1     	38.7     	45.8     	52.5     	57.5     	66.0     	57.6     	50.4     	64.8     	60.0     	52.8     	46.2     	49.1     	48.0     	41.6     	41.5     	41.1     	41.4     	44.8     	43.7     	40.9     	39.3     	33.7     	31.9     	29.1     
	2026-04-13  	14:07:34  	00:02:44  	         	41.2     	36.1     	41.6     	40.6     	33.7     	36.0     	37.4     	43.8     	52.7     	48.6     	45.4     	48.1     	48.5     	47.6     	46.1     	62.2     	72.5     	66.4     	52.7     	63.7     	62.9     	56.4     	55.4     	54.2     	49.5     	42.9     	43.7     	45.1     	43.6     	41.7     	44.4     	46.8     	45.5     	40.7     	36.6     	29.3     
	2026-04-13  	14:07:35  	00:02:45  	         	41.9     	36.4     	36.5     	36.1     	31.0     	34.5     	37.2     	44.6     	49.2     	51.7     	47.4     	44.5     	45.3     	43.7     	57.3     	62.7     	62.3     	67.8     	57.0     	58.1     	58.0     	46.2     	46.5     	45.9     	50.8     	43.9     	42.7     	41.8     	37.6     	37.3     	42.1     	45.5     	45.4     	40.4     	31.1     	29.1     
	2026-04-13  	14:07:36  	00:02:46  	         	34.1     	31.0     	31.1     	34.3     	32.4     	34.5     	36.7     	42.0     	44.7     	52.3     	47.2     	45.9     	46.5     	43.6     	57.1     	60.5     	59.6     	53.5     	52.3     	56.5     	55.1     	49.8     	52.6     	49.7     	52.1     	47.1     	46.0     	38.1     	31.0     	29.4     	29.8     	26.5     	26.4     	27.3     	27.2     	29.0     
	2026-04-13  	14:07:37  	00:02:47  	         	39.6     	36.1     	32.6     	38.6     	33.7     	35.7     	38.3     	40.2     	37.2     	52.2     	40.6     	26.4     	39.2     	36.7     	46.5     	64.8     	66.9     	66.0     	57.1     	63.6     	63.9     	55.5     	54.5     	48.2     	54.8     	49.6     	47.6     	46.5     	36.5     	37.6     	40.5     	44.8     	45.2     	43.2     	37.1     	29.3     
	2026-04-13  	14:07:38  	00:02:48  	         	42.2     	36.6     	39.0     	39.0     	38.6     	35.1     	39.0     	40.1     	36.0     	52.4     	30.0     	26.6     	40.1     	37.3     	46.7     	67.5     	71.8     	55.4     	64.1     	64.0     	65.0     	57.5     	55.7     	52.5     	48.3     	43.3     	47.3     	42.3     	35.8     	35.9     	36.8     	33.8     	29.0     	28.2     	27.4     	29.1     
	2026-04-13  	14:07:39  	00:02:49  	         	37.5     	39.6     	39.8     	42.7     	35.4     	34.1     	35.3     	44.3     	50.6     	50.9     	45.2     	47.2     	47.9     	45.8     	48.9     	66.0     	72.0     	66.9     	58.9     	64.2     	57.2     	52.7     	50.4     	45.5     	51.9     	49.3     	45.7     	39.4     	35.3     	32.8     	37.3     	44.0     	45.6     	42.9     	36.1     	29.2     
	2026-04-13  	14:07:40  	00:02:50  	         	42.8     	37.8     	34.6     	36.6     	29.5     	27.6     	32.1     	36.7     	51.6     	45.8     	42.3     	46.3     	46.5     	47.5     	41.9     	61.7     	69.7     	68.1     	61.8     	61.2     	60.1     	56.5     	50.1     	51.1     	54.3     	43.3     	44.7     	40.8     	35.8     	38.3     	41.4     	35.4     	29.2     	28.8     	28.2     	29.0     
	2026-04-13  	14:07:41  	00:02:51  	         	42.2     	32.7     	32.6     	32.4     	31.6     	33.9     	38.0     	43.5     	52.4     	47.0     	36.4     	38.9     	37.3     	45.5     	53.4     	57.7     	63.5     	58.1     	54.8     	61.8     	64.1     	59.6     	53.6     	53.1     	52.4     	48.2     	48.3     	37.7     	35.4     	37.8     	39.2     	42.7     	44.2     	43.1     	37.9     	29.4     
	2026-04-13  	14:07:42  	00:02:52  	         	35.6     	34.3     	30.7     	35.4     	31.4     	33.9     	36.8     	42.4     	51.6     	47.5     	42.4     	45.6     	45.5     	46.0     	56.6     	63.1     	52.9     	50.9     	61.9     	56.3     	63.0     	45.5     	42.2     	40.9     	47.3     	51.8     	49.2     	43.0     	34.7     	36.0     	37.9     	37.7     	38.5     	40.0     	34.4     	29.1     
	2026-04-13  	14:07:43  	00:02:53  	         	38.8     	36.1     	31.5     	36.0     	30.4     	31.2     	36.4     	46.7     	50.2     	50.4     	46.3     	47.1     	48.6     	47.4     	51.6     	62.1     	55.1     	47.0     	53.2     	54.3     	58.5     	52.6     	57.4     	54.9     	57.2     	44.4     	45.6     	40.0     	34.3     	37.3     	40.3     	40.8     	43.6     	38.7     	34.3     	29.1     
	2026-04-13  	14:07:44  	00:02:54  	         	44.9     	34.5     	37.0     	34.0     	35.8     	33.7     	34.5     	41.1     	36.2     	52.2     	45.9     	27.9     	39.1     	37.3     	48.5     	64.8     	64.0     	49.2     	61.7     	60.4     	63.7     	52.7     	48.9     	46.8     	51.7     	54.8     	55.8     	48.7     	36.2     	37.4     	40.6     	43.6     	44.3     	40.4     	32.8     	29.2     
	2026-04-13  	14:07:45  	00:02:55  	         	44.0     	38.8     	32.5     	32.4     	32.0     	31.9     	36.8     	42.6     	45.6     	53.2     	46.8     	45.4     	46.8     	43.0     	53.1     	65.3     	67.9     	57.5     	58.1     	58.6     	61.3     	52.4     	42.9     	42.9     	52.8     	54.1     	47.2     	41.1     	36.8     	41.8     	45.0     	43.7     	42.4     	37.6     	33.3     	29.1     
	2026-04-13  	14:07:46  	00:02:56  	         	40.6     	34.5     	35.7     	32.8     	35.1     	32.4     	33.2     	39.5     	35.8     	53.0     	31.0     	26.4     	40.1     	37.6     	46.0     	66.8     	69.2     	69.2     	55.9     	62.9     	55.0     	44.9     	47.1     	44.2     	40.8     	41.8     	47.7     	44.9     	37.5     	40.3     	41.4     	42.6     	41.0     	38.8     	34.4     	29.2     
	2026-04-13  	14:07:47  	00:02:57  	         	36.9     	39.6     	31.4     	32.6     	34.4     	34.6     	38.3     	41.8     	49.4     	52.9     	45.2     	46.9     	48.2     	46.1     	47.9     	66.1     	69.7     	56.2     	59.7     	61.4     	61.4     	57.6     	58.5     	52.4     	53.5     	51.0     	48.9     	49.3     	37.2     	37.0     	35.0     	32.8     	31.3     	32.9     	34.6     	29.2     
	2026-04-13  	14:07:48  	00:02:58  	         	44.0     	35.4     	36.7     	36.6     	37.5     	31.4     	37.9     	39.4     	51.7     	45.3     	30.8     	38.4     	36.0     	45.1     	59.0     	68.1     	69.2     	59.8     	60.0     	59.3     	59.0     	56.5     	53.4     	48.7     	56.1     	47.0     	45.5     	39.2     	33.2     	33.1     	34.1     	32.2     	31.3     	30.4     	29.1     	29.0     
	2026-04-13  	14:07:49  	00:02:59  	         	45.7     	42.5     	38.8     	37.7     	38.8     	39.1     	47.5     	50.3     	51.8     	50.0     	47.1     	49.9     	51.3     	49.5     	61.0     	58.0     	48.1     	52.8     	51.8     	54.2     	55.1     	44.6     	42.1     	40.4     	40.4     	38.4     	40.5     	40.1     	36.6     	35.4     	36.9     	39.5     	43.0     	32.8     	28.7     	29.0     
	2026-04-13  	14:07:50  	00:03:00  	         	43.6     	41.2     	42.0     	38.9     	42.0     	41.9     	46.1     	49.0     	52.9     	56.4     	55.7     	55.7     	53.8     	53.5     	50.9     	56.9     	60.4     	61.7     	56.1     	60.6     	61.3     	58.3     	55.1     	52.3     	55.1     	56.0     	54.2     	54.3     	53.5     	53.7     	52.9     	50.9     	46.7     	42.3     	36.8     	29.3     
	2026-04-13  	14:07:51  	00:03:01  	         	40.2     	38.5     	37.0     	35.0     	32.3     	32.4     	33.9     	45.1     	42.8     	49.5     	56.1     	51.7     	45.5     	44.1     	55.0     	65.4     	67.0     	70.4     	61.9     	61.3     	63.0     	61.2     	57.0     	53.0     	53.3     	48.6     	44.8     	48.1     	44.7     	44.7     	43.3     	42.7     	40.6     	36.0     	34.0     	29.0     
	2026-04-13  	14:07:52  	00:03:02  	         	43.0     	39.6     	36.2     	35.5     	35.4     	36.3     	36.6     	43.8     	39.6     	43.6     	48.5     	44.0     	37.5     	35.1     	40.0     	41.4     	42.5     	41.4     	38.8     	36.2     	37.2     	36.8     	37.0     	37.0     	40.1     	36.6     	33.5     	34.6     	31.8     	28.5     	29.1     	26.6     	26.5     	27.1     	27.7     	28.9     
	2026-04-13  	14:07:53  	00:03:03  	         	41.8     	41.5     	35.9     	36.5     	33.3     	38.5     	39.2     	39.9     	34.9     	33.3     	39.2     	34.8     	28.9     	25.1     	24.2     	26.2     	23.9     	27.9     	28.2     	25.7     	26.0     	25.8     	24.9     	25.5     	27.0     	27.1     	24.2     	23.2     	22.5     	22.4     	22.9     	23.8     	24.6     	26.2     	26.9     	29.1     
	2026-04-13  	14:07:54  	00:03:04  	         	41.3     	42.3     	37.7     	39.5     	31.1     	36.3     	37.0     	43.5     	39.1     	32.6     	34.1     	28.4     	23.0     	20.4     	20.0     	19.8     	18.7     	16.4     	19.4     	18.8     	17.8     	16.4     	16.4     	16.7     	17.4     	17.8     	18.5     	19.4     	20.0     	21.2     	22.4     	23.4     	24.4     	26.0     	26.9     	29.0     
	2026-04-13  	14:07:55  	00:03:05  	         	39.5     	37.9     	39.1     	38.1     	29.3     	36.9     	41.4     	45.5     	39.2     	33.8     	31.9     	23.0     	22.6     	19.9     	20.4     	21.5     	23.5     	24.1     	22.2     	22.2     	22.1     	18.0     	18.3     	17.0     	17.1     	17.8     	17.9     	19.3     	20.2     	21.3     	22.2     	23.6     	24.6     	26.0     	26.9     	29.0     
	2026-04-13  	14:07:56  	00:03:06  	         	39.6     	38.6     	35.6     	39.5     	33.7     	36.8     	37.7     	41.3     	38.7     	34.2     	29.2     	21.4     	22.7     	20.3     	19.3     	22.0     	24.1     	27.9     	23.9     	22.3     	23.0     	20.6     	18.8     	17.4     	16.9     	17.4     	18.3     	19.3     	20.3     	21.3     	22.4     	23.4     	24.5     	26.1     	26.9     	29.0     
	2026-04-13  	14:07:57  	00:03:07  	         	36.0     	37.4     	38.0     	36.7     	33.1     	33.9     	38.4     	36.1     	34.4     	32.9     	27.3     	18.4     	21.7     	18.1     	18.4     	19.6     	19.0     	16.9     	17.9     	17.9     	16.8     	15.8     	15.3     	15.7     	16.8     	17.4     	18.3     	19.0     	20.3     	21.4     	22.3     	23.3     	24.3     	26.1     	26.9     	29.0     
	2026-04-13  	14:07:58  	00:03:08  	         	46.8     	36.7     	37.0     	37.4     	33.1     	32.4     	35.7     	37.7     	32.6     	29.6     	26.9     	20.3     	22.4     	18.3     	18.2     	20.7     	18.0     	16.2     	18.7     	18.4     	16.2     	14.8     	15.2     	15.9     	16.9     	17.2     	18.1     	19.0     	20.2     	21.2     	22.2     	23.6     	24.4     	26.0     	26.7     	29.1     
	2026-04-13  	14:07:59  	00:03:09  	         	43.0     	35.1     	32.1     	34.2     	36.0     	33.5     	31.7     	37.7     	34.2     	31.8     	27.8     	20.1     	23.3     	19.9     	17.4     	20.3     	18.9     	16.1     	19.0     	18.0     	16.0     	15.2     	15.1     	16.0     	16.6     	17.5     	18.4     	19.5     	20.2     	21.1     	22.4     	23.4     	24.4     	26.1     	26.8     	29.0     
	2026-04-13  	14:08:00  	00:03:10  	         	42.5     	38.3     	36.9     	37.5     	32.4     	35.4     	35.8     	42.4     	33.9     	31.7     	29.5     	21.7     	22.8     	19.5     	18.8     	20.0     	19.1     	18.5     	20.7     	20.8     	18.8     	17.9     	16.3     	16.4     	16.7     	17.5     	18.2     	19.3     	20.3     	21.2     	22.3     	23.6     	24.4     	26.1     	26.9     	29.1     

# RTA LOG Results over the whole log period
	2026-04-13  	14:08:00  	00:03:10  	         	43.2     	48.5     	43.5     	38.2     	36.2     	38.8     	45.6     	53.1     	49.1     	53.4     	58.1     	56.0     	54.2     	57.0     	58.4     	63.6     	66.1     	63.4     	63.0     	62.9     	60.9     	57.1     	54.2     	53.7     	55.5     	56.0     	55.3     	53.1     	50.4     	48.9     	47.8     	46.5     	42.2     	36.8     	34.2     	29.6     

#CheckSum
	E7C1742A664BC7D18A2209C291589E43