XL2 RTA Spectrum Logging:		KU100\2026-04-14_SLM_002_RTA_3rd_Log.txt                                       
-------------------------


# Hardware Configuration
	Device Info:    	XL2, SNo. A2A-17501-E0, FW4.33
	Mic Sensitivity:	8.6 mV/Pa
	                	(User calibrated 2026-04-13  13:51)
	Time Zone:      	UTC+01:00 (Europe/Berlin)

# Measurement Setup
	Profile:        	Full mode
	Timer mode:     	continuous
	Timer set:      	--:--:--
	Log-Interval:   	00:00:01
	Resolution:     	1/3 Octave
	Range:          	40 - 140 dB

# Time
	Start:          	2026-04-14, 10:11:10
	End:            	2026-04-14, 10:11:42

# RTA LOG Results 
	            	          	          	         	LZeq_dt  	LZeq_dt  	LZeq_dt  	LZeq_dt  	LZeq_dt  	LZeq_dt  	LZeq_dt  	LZeq_dt  	LZeq_dt  	LZeq_dt  	LZeq_dt  	LZeq_dt  	LZeq_dt  	LZeq_dt  	LZeq_dt  	LZeq_dt  	LZeq_dt  	LZeq_dt  	LZeq_dt  	LZeq_dt  	LZeq_dt  	LZeq_dt  	LZeq_dt  	LZeq_dt  	LZeq_dt  	LZeq_dt  	LZeq_dt  	LZeq_dt  	LZeq_dt  	LZeq_dt  	LZeq_dt  	LZeq_dt  	LZeq_dt  	LZeq_dt  	LZeq_dt  	LZeq_dt  
	Date        	Time      	Timer     	Band [Hz]	6.3      	8.0      	10.0     	12.5     	16.0     	20.0     	25.0     	31.5     	40.0     	50.0     	63.0     	80.0     	100.0    	125.0    	160.0    	200.0    	250.0    	315.0    	400.0    	500.0    	630.0    	800.0    	1000.0   	1250.0   	1600.0   	2000.0   	2500.0   	3150.0   	4000.0   	5000.0   	6300.0   	8000.0   	10000.0  	12500.0  	16000.0  	20000.0  
	[YYYY-MM-DD]	[hh:mm:ss]	[hh:mm:ss]	         	[dB]     	[dB]     	[dB]     	[dB]     	[dB]     	[dB]     	[dB]     	[dB]     	[dB]     	[dB]     	[dB]     	[dB]     	[dB]     	[dB]     	[dB]     	[dB]     	[dB]     	[dB]     	[dB]     	[dB]     	[dB]     	[dB]     	[dB]     	[dB]     	[dB]     	[dB]     	[dB]     	[dB]     	[dB]     	[dB]     	[dB]     	[dB]     	[dB]     	[dB]     	[dB]     	[dB]     
	2026-04-14  	10:11:11  	00:00:01  	         	43.8     	39.5     	36.3     	41.3     	36.6     	36.3     	41.4     	53.7     	56.9     	60.9     	59.9     	63.9     	60.1     	61.8     	62.2     	60.2     	62.9     	62.0     	65.3     	65.5     	67.0     	66.3     	61.7     	60.0     	55.6     	52.9     	47.0     	44.7     	49.8     	55.1     	52.1     	44.7     	46.7     	40.8     	46.6     	38.7     
	2026-04-14  	10:11:12  	00:00:02  	         	40.3     	40.2     	37.8     	43.4     	35.9     	33.9     	44.0     	52.7     	56.7     	61.6     	62.3     	62.7     	62.8     	61.9     	61.5     	61.8     	62.3     	62.0     	65.5     	65.4     	67.0     	66.2     	61.8     	60.1     	56.0     	52.7     	47.0     	45.1     	49.6     	55.2     	51.9     	44.5     	46.5     	40.8     	46.7     	38.7     
	2026-04-14  	10:11:13  	00:00:03  	         	41.1     	39.4     	37.0     	41.6     	31.3     	33.0     	42.1     	54.6     	58.7     	59.2     	62.1     	64.6     	61.4     	62.0     	63.1     	61.6     	63.1     	63.2     	64.9     	65.4     	67.2     	66.3     	62.0     	60.1     	55.9     	52.6     	46.7     	45.0     	49.6     	55.2     	51.7     	44.8     	46.7     	40.7     	46.9     	39.0     
	2026-04-14  	10:11:14  	00:00:04  	         	42.6     	34.5     	36.7     	44.2     	33.7     	36.0     	43.7     	53.1     	58.7     	61.2     	64.4     	63.5     	61.3     	61.8     	61.4     	61.4     	64.0     	62.7     	65.3     	65.3     	66.8     	65.8     	62.3     	60.0     	55.7     	52.6     	47.1     	44.8     	49.7     	55.3     	52.2     	44.8     	46.7     	40.7     	46.8     	38.9     
	2026-04-14  	10:11:15  	00:00:05  	         	46.0     	35.0     	32.2     	41.3     	35.3     	36.6     	43.7     	54.4     	56.7     	60.4     	61.1     	63.4     	62.0     	60.7     	61.3     	62.1     	64.3     	61.9     	65.4     	65.7     	66.9     	65.8     	62.2     	60.2     	55.7     	52.5     	47.1     	45.1     	49.8     	55.4     	52.1     	44.9     	46.8     	41.0     	46.8     	38.9     
	2026-04-14  	10:11:16  	00:00:06  	         	43.4     	31.9     	35.7     	42.2     	33.1     	37.4     	43.7     	54.5     	57.0     	63.6     	62.0     	62.5     	61.3     	61.9     	61.4     	61.5     	63.8     	62.2     	65.6     	64.8     	66.7     	66.2     	61.6     	60.1     	55.6     	52.5     	47.0     	44.9     	49.8     	55.5     	52.1     	44.9     	46.7     	40.7     	46.9     	38.9     
	2026-04-14  	10:11:17  	00:00:07  	         	43.3     	36.2     	35.6     	41.5     	36.2     	36.7     	39.6     	51.0     	58.8     	62.0     	63.4     	62.4     	63.1     	62.6     	63.1     	61.6     	64.2     	62.0     	64.9     	66.3     	67.2     	66.6     	61.9     	60.1     	55.8     	52.7     	47.0     	44.9     	49.9     	55.6     	52.0     	44.9     	46.7     	40.8     	47.1     	39.0     
	2026-04-14  	10:11:18  	00:00:08  	         	37.4     	37.0     	37.1     	40.9     	34.0     	36.4     	45.0     	54.9     	59.1     	61.7     	63.0     	63.6     	63.1     	62.4     	63.3     	61.3     	64.4     	60.9     	64.7     	66.1     	67.4     	66.2     	62.0     	61.0     	56.1     	52.2     	47.1     	45.2     	49.8     	55.5     	52.2     	44.7     	46.8     	40.9     	47.1     	39.1     
	2026-04-14  	10:11:19  	00:00:09  	         	43.8     	41.9     	32.3     	40.6     	37.2     	34.2     	42.6     	51.8     	56.2     	60.4     	61.4     	62.4     	59.5     	60.5     	63.1     	62.2     	64.8     	62.6     	65.6     	65.8     	67.0     	66.4     	62.2     	60.0     	55.9     	52.7     	47.3     	44.9     	49.7     	55.4     	52.2     	44.8     	46.9     	40.9     	47.1     	39.2     
	2026-04-14  	10:11:20  	00:00:10  	         	43.3     	39.2     	34.6     	38.5     	34.4     	36.1     	42.6     	56.7     	57.8     	60.6     	61.3     	63.7     	59.7     	62.5     	64.0     	62.2     	64.8     	63.8     	65.3     	65.0     	66.7     	66.6     	61.7     	60.8     	56.3     	52.9     	47.4     	45.2     	49.9     	55.3     	52.1     	44.9     	46.8     	41.0     	47.1     	39.1     
	2026-04-14  	10:11:21  	00:00:11  	         	45.7     	42.3     	35.2     	41.3     	33.5     	32.8     	41.5     	52.6     	56.6     	62.0     	63.1     	62.8     	61.7     	61.5     	62.2     	60.7     	64.0     	62.9     	64.7     	65.5     	66.3     	66.1     	62.2     	60.0     	55.9     	52.9     	47.7     	45.2     	49.7     	55.5     	52.2     	44.9     	46.9     	40.9     	47.1     	39.2     
	2026-04-14  	10:11:22  	00:00:12  	         	36.5     	43.7     	34.6     	41.3     	36.5     	36.4     	42.3     	53.8     	57.8     	62.1     	64.8     	63.0     	62.4     	61.2     	62.8     	62.3     	64.0     	61.6     	65.1     	65.6     	66.7     	65.9     	62.5     	60.1     	56.1     	52.7     	47.3     	45.4     	50.1     	55.4     	52.2     	44.7     	46.6     	40.9     	47.2     	39.1     
	2026-04-14  	10:11:23  	00:00:13  	         	37.6     	31.7     	36.0     	43.0     	35.2     	35.2     	43.5     	51.3     	58.0     	59.5     	60.3     	63.3     	61.6     	61.8     	65.0     	63.0     	64.2     	61.1     	64.6     	65.2     	66.3     	66.3     	62.6     	60.5     	56.0     	52.8     	47.1     	45.2     	50.3     	55.4     	52.0     	44.7     	46.9     	40.9     	47.3     	39.2     
	2026-04-14  	10:11:24  	00:00:14  	         	39.1     	34.4     	31.5     	37.6     	34.5     	35.1     	43.7     	52.9     	57.7     	60.8     	62.4     	62.8     	61.5     	61.9     	62.2     	62.0     	63.6     	61.3     	65.4     	65.8     	67.0     	66.1     	62.2     	60.6     	56.1     	53.3     	47.4     	45.4     	49.8     	55.7     	52.6     	44.8     	46.7     	41.0     	47.4     	39.2     
	2026-04-14  	10:11:25  	00:00:15  	         	34.4     	34.9     	34.2     	42.4     	34.7     	35.2     	40.7     	54.3     	59.2     	60.6     	60.3     	60.9     	61.3     	63.1     	64.0     	62.7     	64.0     	62.0     	65.2     	64.5     	67.4     	66.5     	62.6     	60.6     	56.5     	53.0     	47.3     	45.3     	49.9     	55.4     	52.3     	44.8     	46.9     	41.0     	47.1     	39.1     
	2026-04-14  	10:11:26  	00:00:16  	         	38.3     	37.7     	35.7     	43.2     	35.0     	36.3     	40.2     	53.7     	58.6     	61.2     	62.0     	61.5     	61.0     	60.9     	62.9     	62.7     	64.5     	62.0     	65.1     	65.1     	66.7     	66.2     	62.3     	61.1     	56.3     	52.6     	47.0     	45.2     	50.4     	55.6     	52.1     	45.0     	47.0     	41.0     	47.4     	39.3     
	2026-04-14  	10:11:27  	00:00:17  	         	47.3     	41.1     	33.4     	40.7     	34.7     	36.3     	42.9     	54.5     	57.2     	58.4     	60.9     	64.9     	62.7     	62.6     	63.2     	62.4     	64.0     	61.7     	64.9     	65.8     	67.3     	66.8     	62.1     	61.1     	56.1     	52.7     	46.9     	45.3     	49.9     	55.6     	52.2     	44.8     	46.8     	41.1     	47.5     	39.2     
	2026-04-14  	10:11:28  	00:00:18  	         	41.7     	38.3     	35.1     	39.8     	35.3     	36.9     	45.7     	53.5     	58.8     	62.6     	62.8     	63.7     	60.2     	60.6     	64.5     	61.6     	63.6     	62.3     	65.7     	65.9     	67.5     	66.3     	62.1     	60.5     	56.1     	52.7     	47.6     	45.4     	50.3     	55.7     	52.4     	44.8     	47.2     	41.1     	47.5     	39.2     
	2026-04-14  	10:11:29  	00:00:19  	         	42.1     	39.3     	33.1     	36.5     	38.1     	34.5     	40.4     	50.7     	58.5     	61.6     	62.8     	61.7     	61.0     	61.6     	62.8     	61.7     	64.2     	62.2     	65.0     	66.1     	67.0     	66.4     	62.2     	60.3     	55.8     	52.9     	47.8     	45.3     	50.1     	55.6     	52.2     	44.7     	47.0     	41.1     	47.6     	39.4     
	2026-04-14  	10:11:30  	00:00:20  	         	38.6     	38.8     	30.3     	35.0     	28.5     	36.2     	41.6     	55.0     	55.3     	61.5     	62.5     	61.0     	61.6     	62.4     	62.0     	62.2     	65.1     	61.7     	65.4     	65.0     	67.0     	66.4     	62.4     	60.4     	55.7     	52.8     	47.3     	45.6     	49.9     	55.5     	52.1     	44.8     	47.0     	41.1     	47.6     	39.3     
	2026-04-14  	10:11:31  	00:00:21  	         	41.5     	36.4     	35.6     	37.7     	34.4     	33.6     	43.5     	54.4     	56.7     	62.3     	63.0     	64.0     	60.9     	61.8     	64.1     	61.4     	63.1     	62.4     	64.9     	65.4     	67.2     	66.6     	62.7     	61.0     	56.3     	52.9     	47.7     	45.2     	49.9     	55.7     	52.6     	44.9     	47.1     	41.0     	47.6     	39.3     
	2026-04-14  	10:11:32  	00:00:22  	         	42.7     	41.5     	34.9     	40.3     	36.5     	39.0     	42.0     	50.7     	60.1     	61.3     	61.3     	64.3     	60.3     	61.4     	63.8     	61.9     	63.5     	62.9     	64.9     	65.4     	66.9     	66.6     	62.5     	60.4     	56.5     	53.2     	47.2     	45.4     	50.3     	55.7     	52.4     	44.9     	47.0     	41.1     	47.5     	39.2     
	2026-04-14  	10:11:33  	00:00:23  	         	43.6     	37.0     	35.9     	39.4     	32.4     	37.9     	42.1     	54.7     	57.6     	60.4     	63.7     	62.5     	61.7     	61.1     	63.5     	62.6     	63.8     	61.8     	64.7     	66.0     	67.2     	66.4     	62.9     	60.5     	56.6     	53.4     	47.3     	45.0     	50.1     	55.8     	52.3     	44.9     	47.0     	41.2     	47.7     	39.5     
	2026-04-14  	10:11:34  	00:00:24  	         	40.4     	39.3     	34.8     	43.1     	35.2     	30.5     	41.6     	56.9     	56.9     	62.6     	62.1     	63.1     	61.0     	61.7     	62.7     	62.2     	64.5     	62.5     	65.6     	65.4     	66.8     	65.9     	62.3     	60.8     	56.1     	52.8     	47.9     	45.3     	50.1     	55.9     	52.2     	44.8     	46.9     	41.0     	47.6     	39.3     
	2026-04-14  	10:11:35  	00:00:25  	         	39.3     	42.9     	37.5     	41.3     	34.5     	34.2     	39.3     	54.8     	58.8     	59.6     	63.0     	64.2     	61.1     	60.8     	63.1     	62.1     	63.9     	61.9     	65.7     	65.4     	66.3     	66.2     	62.3     	60.7     	56.0     	52.9     	47.6     	45.5     	50.3     	55.9     	52.3     	44.9     	47.0     	41.3     	47.6     	39.3     
	2026-04-14  	10:11:36  	00:00:26  	         	36.7     	36.3     	35.4     	39.5     	31.0     	37.2     	44.0     	55.7     	60.5     	63.7     	61.2     	62.7     	61.1     	61.5     	63.2     	61.7     	64.0     	61.7     	65.2     	65.4     	67.6     	66.8     	63.2     	60.8     	56.6     	53.0     	47.7     	45.4     	50.1     	55.8     	52.2     	44.6     	47.1     	41.3     	47.7     	39.3     
	2026-04-14  	10:11:37  	00:00:27  	         	38.8     	37.9     	39.7     	41.3     	29.1     	34.9     	39.8     	54.2     	57.4     	62.0     	64.2     	60.8     	61.6     	60.0     	63.2     	61.3     	64.7     	62.2     	64.9     	65.2     	67.3     	66.8     	62.7     	60.6     	56.2     	53.0     	47.8     	45.7     	50.1     	55.9     	52.4     	45.1     	47.1     	41.3     	47.7     	39.4     
	2026-04-14  	10:11:38  	00:00:28  	         	46.8     	38.7     	35.7     	43.3     	34.1     	36.5     	41.3     	53.8     	56.9     	61.1     	64.8     	62.4     	61.9     	61.7     	62.0     	61.7     	64.8     	61.9     	64.7     	65.8     	67.2     	66.2     	62.6     	61.1     	56.8     	53.2     	47.5     	45.3     	50.0     	55.9     	52.4     	44.8     	47.1     	41.1     	47.8     	39.4     
	2026-04-14  	10:11:39  	00:00:29  	         	40.4     	34.8     	34.8     	41.7     	32.4     	32.8     	41.4     	55.0     	58.5     	60.4     	60.9     	60.9     	61.1     	60.6     	63.5     	62.6     	64.0     	62.0     	65.0     	65.0     	66.9     	66.5     	62.5     	60.7     	56.4     	52.8     	48.0     	45.5     	49.9     	55.5     	52.2     	45.0     	47.1     	41.3     	47.8     	39.5     
	2026-04-14  	10:11:40  	00:00:30  	         	39.9     	42.3     	36.1     	41.2     	32.1     	32.5     	40.6     	54.1     	55.6     	59.9     	60.6     	64.1     	63.1     	62.7     	63.2     	61.3     	64.9     	61.5     	66.1     	64.4     	66.9     	66.8     	63.3     	60.8     	56.5     	53.2     	47.4     	45.4     	50.4     	55.8     	52.3     	45.0     	47.0     	41.2     	47.6     	39.3     
	2026-04-14  	10:11:41  	00:00:31  	         	38.1     	42.3     	33.4     	36.9     	37.2     	36.2     	44.9     	54.0     	56.5     	62.9     	63.1     	63.0     	62.6     	62.1     	64.5     	62.2     	64.2     	61.7     	65.4     	65.0     	67.6     	66.7     	62.5     	60.8     	56.3     	53.2     	47.8     	45.4     	50.4     	55.8     	52.5     	44.8     	47.3     	41.2     	47.7     	39.5     
	2026-04-14  	10:11:42  	00:00:32  	         	35.8     	41.1     	38.7     	44.0     	38.2     	35.0     	42.3     	53.5     	58.5     	64.3     	62.7     	64.2     	60.9     	61.6     	63.3     	62.8     	63.1     	61.6     	65.5     	65.0     	66.5     	66.0     	62.4     	60.7     	56.7     	53.3     	47.9     	45.4     	50.1     	55.8     	52.4     	45.0     	47.0     	41.2     	47.8     	39.4     

# RTA LOG Results over the whole log period
	2026-04-14  	10:11:42  	00:00:32  	         	42.1     	39.4     	35.7     	41.3     	34.9     	35.7     	42.6     	54.0     	57.9     	61.5     	62.5     	63.1     	61.6     	61.7     	63.1     	61.9     	64.0     	62.1     	65.2     	65.4     	67.0     	66.3     	62.3     	60.5     	56.1     	52.9     	47.4     	45.2     	50.0     	55.6     	52.2     	44.8     	46.9     	41.0     	47.4     	39.2     

#CheckSum
	75B0A951C0EF46DB9D5CFA40B650D167