XL2 RTA Spectrum Logging:		KU100\2026-04-13_SLM_014_RTA_3rd_Log.txt                                       
-------------------------


# Hardware Configuration
	Device Info:    	XL2, SNo. A2A-17501-E0, FW4.33
	Mic Sensitivity:	8.6 mV/Pa
	                	(User calibrated 2026-04-13  13:51)
	Time Zone:      	UTC+01:00 (Europe/Berlin)

# Measurement Setup
	Profile:        	Full mode
	Timer mode:     	continuous
	Timer set:      	--:--:--
	Log-Interval:   	00:00:01
	Resolution:     	1/3 Octave
	Range:          	40 - 140 dB

# Time
	Start:          	2026-04-13, 14:09:06
	End:            	2026-04-13, 14:12:15

# RTA LOG Results 
	            	          	          	         	LZeq_dt  	LZeq_dt  	LZeq_dt  	LZeq_dt  	LZeq_dt  	LZeq_dt  	LZeq_dt  	LZeq_dt  	LZeq_dt  	LZeq_dt  	LZeq_dt  	LZeq_dt  	LZeq_dt  	LZeq_dt  	LZeq_dt  	LZeq_dt  	LZeq_dt  	LZeq_dt  	LZeq_dt  	LZeq_dt  	LZeq_dt  	LZeq_dt  	LZeq_dt  	LZeq_dt  	LZeq_dt  	LZeq_dt  	LZeq_dt  	LZeq_dt  	LZeq_dt  	LZeq_dt  	LZeq_dt  	LZeq_dt  	LZeq_dt  	LZeq_dt  	LZeq_dt  	LZeq_dt  
	Date        	Time      	Timer     	Band [Hz]	6.3      	8.0      	10.0     	12.5     	16.0     	20.0     	25.0     	31.5     	40.0     	50.0     	63.0     	80.0     	100.0    	125.0    	160.0    	200.0    	250.0    	315.0    	400.0    	500.0    	630.0    	800.0    	1000.0   	1250.0   	1600.0   	2000.0   	2500.0   	3150.0   	4000.0   	5000.0   	6300.0   	8000.0   	10000.0  	12500.0  	16000.0  	20000.0  
	[YYYY-MM-DD]	[hh:mm:ss]	[hh:mm:ss]	         	[dB]     	[dB]     	[dB]     	[dB]     	[dB]     	[dB]     	[dB]     	[dB]     	[dB]     	[dB]     	[dB]     	[dB]     	[dB]     	[dB]     	[dB]     	[dB]     	[dB]     	[dB]     	[dB]     	[dB]     	[dB]     	[dB]     	[dB]     	[dB]     	[dB]     	[dB]     	[dB]     	[dB]     	[dB]     	[dB]     	[dB]     	[dB]     	[dB]     	[dB]     	[dB]     	[dB]     
	2026-04-13  	14:09:07  	00:00:01  	         	40.2     	31.4     	35.0     	27.5     	32.8     	34.4     	40.4     	41.1     	34.9     	35.3     	40.2     	46.2     	35.5     	37.2     	43.9     	46.9     	50.0     	51.6     	48.9     	49.8     	43.3     	38.9     	36.3     	35.4     	37.2     	42.9     	40.9     	33.0     	32.6     	26.6     	28.3     	26.5     	25.0     	26.2     	27.0     	28.9     
	2026-04-13  	14:09:08  	00:00:02  	         	44.1     	33.4     	31.0     	33.5     	33.0     	35.2     	33.9     	37.5     	34.5     	33.7     	42.5     	42.9     	38.1     	46.2     	45.2     	47.7     	49.0     	53.5     	45.6     	44.2     	48.7     	38.1     	37.6     	35.8     	38.1     	46.4     	45.2     	40.1     	37.7     	31.5     	31.7     	28.5     	25.5     	26.3     	26.9     	29.0     
	2026-04-13  	14:09:09  	00:00:03  	         	41.0     	40.2     	30.3     	33.2     	32.9     	33.7     	33.0     	38.5     	34.9     	36.5     	41.0     	30.7     	38.8     	44.6     	34.7     	46.6     	49.6     	48.9     	49.6     	51.0     	49.3     	44.3     	42.6     	40.4     	40.8     	38.1     	36.9     	35.0     	31.4     	26.4     	29.4     	26.9     	25.2     	26.3     	27.0     	29.1     
	2026-04-13  	14:09:10  	00:00:04  	         	42.8     	48.3     	46.7     	47.0     	39.9     	35.4     	39.2     	43.1     	35.1     	36.6     	43.9     	45.4     	40.9     	45.7     	47.3     	45.6     	50.4     	46.6     	51.1     	47.5     	40.3     	37.6     	35.6     	34.0     	36.8     	38.6     	39.7     	39.4     	36.5     	36.2     	35.3     	32.9     	28.7     	26.5     	27.0     	29.0     
	2026-04-13  	14:09:11  	00:00:05  	         	34.8     	40.7     	37.0     	30.2     	37.4     	38.0     	36.4     	40.4     	31.2     	36.6     	43.0     	45.1     	42.7     	40.7     	45.9     	49.4     	49.8     	49.4     	45.5     	45.5     	47.1     	39.4     	40.1     	38.4     	42.5     	44.1     	40.6     	39.0     	37.0     	35.6     	35.9     	33.5     	28.9     	26.7     	27.1     	29.1     
	2026-04-13  	14:09:12  	00:00:06  	         	41.8     	38.8     	34.0     	35.8     	32.8     	38.4     	37.0     	45.8     	38.9     	41.1     	47.6     	40.3     	41.4     	45.6     	38.7     	48.2     	50.5     	50.4     	43.6     	42.8     	47.2     	41.8     	39.2     	39.5     	42.5     	42.5     	43.1     	38.6     	37.6     	35.7     	34.1     	32.6     	27.7     	26.8     	27.2     	29.0     
	2026-04-13  	14:09:13  	00:00:07  	         	40.5     	35.9     	36.1     	34.9     	34.7     	39.6     	40.3     	44.0     	32.4     	35.6     	40.8     	30.7     	39.8     	39.7     	36.4     	49.6     	50.6     	48.7     	50.3     	49.5     	44.6     	40.0     	39.7     	34.0     	37.5     	39.3     	40.5     	38.5     	37.0     	35.5     	35.3     	34.5     	29.4     	26.9     	27.5     	29.0     
	2026-04-13  	14:09:14  	00:00:08  	         	39.4     	35.0     	38.0     	40.8     	35.4     	39.8     	42.3     	45.2     	40.0     	39.8     	46.1     	45.7     	43.1     	43.6     	45.5     	47.3     	51.0     	45.1     	47.8     	47.7     	39.4     	36.6     	33.4     	36.2     	36.1     	38.1     	37.9     	34.8     	35.0     	33.3     	32.1     	31.1     	27.3     	26.8     	27.5     	29.0     
	2026-04-13  	14:09:15  	00:00:09  	         	36.4     	33.0     	36.5     	37.9     	35.0     	36.8     	42.5     	47.9     	41.5     	39.1     	46.1     	44.5     	42.7     	41.6     	44.6     	49.4     	50.8     	48.8     	46.0     	51.4     	43.8     	38.5     	34.6     	36.5     	38.6     	43.9     	43.5     	39.7     	37.0     	35.8     	35.9     	34.4     	29.1     	26.8     	27.1     	29.1     
	2026-04-13  	14:09:16  	00:00:10  	         	36.8     	38.7     	31.5     	37.5     	38.6     	38.9     	44.0     	47.1     	37.0     	35.6     	47.4     	34.1     	40.2     	42.1     	35.6     	48.7     	51.1     	49.3     	48.9     	47.8     	46.8     	42.4     	40.7     	41.4     	36.0     	38.9     	42.2     	38.9     	36.2     	33.8     	34.0     	32.3     	27.9     	26.7     	27.3     	29.0     
	2026-04-13  	14:09:17  	00:00:11  	         	39.8     	39.3     	32.7     	33.1     	34.3     	37.3     	41.0     	40.3     	32.2     	35.3     	40.0     	29.8     	38.6     	42.6     	34.6     	48.1     	52.0     	48.7     	52.6     	47.8     	47.0     	41.1     	40.2     	38.6     	40.8     	42.3     	43.3     	40.2     	38.1     	37.7     	35.7     	34.5     	29.7     	27.1     	27.5     	29.0     
	2026-04-13  	14:09:18  	00:00:12  	         	39.8     	40.0     	34.8     	35.2     	32.1     	36.7     	38.9     	42.7     	34.3     	40.2     	47.2     	46.0     	42.9     	41.6     	44.9     	50.4     	53.0     	47.3     	43.7     	49.2     	42.8     	42.8     	37.0     	39.7     	39.3     	44.4     	44.3     	40.5     	38.0     	36.0     	35.2     	34.2     	29.5     	26.9     	27.3     	29.0     
	2026-04-13  	14:09:19  	00:00:13  	         	42.9     	40.3     	30.5     	33.7     	31.0     	32.7     	32.2     	38.7     	33.8     	40.4     	48.1     	42.7     	43.3     	41.9     	42.8     	48.3     	51.3     	47.8     	47.1     	51.4     	42.1     	40.8     	43.6     	37.3     	37.9     	38.8     	39.5     	39.0     	36.6     	34.7     	34.2     	32.4     	27.6     	26.5     	27.0     	29.1     
	2026-04-13  	14:09:20  	00:00:14  	         	37.4     	31.4     	35.6     	36.1     	32.9     	30.3     	33.4     	49.8     	39.8     	39.1     	43.0     	31.8     	41.0     	43.5     	37.1     	47.2     	50.9     	48.7     	49.7     	52.8     	46.9     	40.9     	38.7     	39.6     	43.3     	45.0     	42.8     	40.6     	38.4     	34.8     	33.5     	33.5     	29.3     	26.7     	27.3     	29.1     
	2026-04-13  	14:09:21  	00:00:15  	         	37.9     	35.0     	31.0     	35.8     	33.6     	34.2     	39.9     	38.9     	37.1     	38.5     	47.4     	45.5     	44.5     	45.6     	47.3     	47.9     	47.5     	47.0     	47.7     	47.0     	44.7     	42.0     	39.5     	43.5     	39.3     	39.3     	39.8     	41.1     	37.2     	33.4     	34.3     	32.6     	28.8     	27.3     	27.5     	29.2     
	2026-04-13  	14:09:22  	00:00:16  	         	38.9     	40.7     	39.5     	40.8     	36.4     	39.0     	42.2     	41.4     	36.5     	38.8     	45.7     	45.7     	43.4     	41.1     	45.4     	51.7     	49.3     	48.4     	50.6     	51.7     	46.3     	41.8     	37.0     	38.6     	42.5     	43.8     	41.4     	38.1     	36.6     	34.9     	34.2     	33.7     	28.9     	26.6     	27.2     	29.1     
	2026-04-13  	14:09:23  	00:00:17  	         	42.2     	49.4     	44.1     	43.9     	43.3     	47.1     	51.9     	43.7     	37.7     	36.4     	46.9     	41.0     	41.3     	39.8     	38.2     	47.1     	51.2     	49.7     	47.7     	45.9     	48.0     	42.2     	35.8     	36.1     	44.0     	44.9     	43.0     	40.3     	37.2     	34.7     	34.4     	33.2     	27.4     	26.6     	27.3     	29.1     
	2026-04-13  	14:09:24  	00:00:18  	         	46.2     	46.0     	42.2     	40.9     	42.4     	43.0     	39.6     	37.4     	33.2     	37.0     	41.2     	31.5     	39.4     	43.6     	38.5     	48.5     	50.7     	49.9     	48.7     	48.9     	50.5     	42.2     	37.1     	36.8     	44.0     	44.3     	43.0     	40.4     	38.7     	35.9     	36.2     	35.1     	29.8     	27.2     	27.5     	29.0     
	2026-04-13  	14:09:25  	00:00:19  	         	45.3     	43.7     	35.4     	36.9     	41.7     	31.3     	39.6     	44.6     	35.8     	39.8     	46.1     	45.4     	40.6     	41.0     	44.6     	46.4     	52.8     	49.0     	46.8     	45.7     	46.6     	40.0     	35.7     	37.1     	41.3     	45.0     	43.6     	42.1     	39.0     	37.3     	36.8     	35.5     	30.1     	27.2     	27.5     	29.2     
	2026-04-13  	14:09:26  	00:00:20  	         	43.6     	43.4     	35.2     	37.2     	39.9     	35.1     	37.7     	37.4     	35.2     	38.7     	46.2     	44.4     	43.9     	42.0     	43.8     	50.9     	50.3     	50.4     	47.7     	46.1     	43.7     	39.8     	36.3     	36.0     	37.3     	39.5     	40.2     	38.4     	37.1     	36.0     	36.5     	34.0     	29.8     	26.6     	27.2     	29.1     
	2026-04-13  	14:09:27  	00:00:21  	         	41.6     	44.0     	38.6     	41.7     	34.2     	36.4     	34.8     	48.1     	37.6     	40.9     	47.9     	37.3     	43.5     	42.0     	37.8     	49.7     	51.8     	49.3     	48.4     	48.9     	44.6     	39.0     	35.5     	37.0     	38.5     	42.3     	40.9     	39.0     	36.8     	33.2     	33.1     	32.1     	27.7     	26.8     	27.3     	29.1     
	2026-04-13  	14:09:28  	00:00:22  	         	42.3     	44.2     	37.1     	41.3     	35.1     	41.0     	43.6     	39.3     	33.6     	33.4     	41.4     	29.1     	37.4     	43.4     	37.0     	46.7     	50.8     	49.1     	52.6     	48.6     	44.2     	39.0     	36.3     	37.4     	39.9     	39.9     	42.9     	41.3     	38.1     	36.5     	36.2     	34.7     	29.7     	26.9     	27.4     	29.1     
	2026-04-13  	14:09:29  	00:00:23  	         	42.8     	38.9     	38.6     	37.5     	36.5     	34.4     	39.9     	41.3     	42.3     	41.1     	47.4     	46.1     	43.1     	42.5     	46.6     	50.5     	53.6     	48.5     	46.5     	47.7     	42.6     	40.3     	40.2     	39.4     	40.4     	41.9     	43.4     	40.6     	38.1     	35.8     	35.4     	32.9     	28.6     	26.9     	27.5     	29.0     
	2026-04-13  	14:09:30  	00:00:24  	         	41.7     	38.6     	35.8     	35.4     	35.7     	37.2     	39.1     	43.0     	39.2     	38.9     	48.1     	42.9     	43.1     	41.0     	41.4     	50.3     	52.3     	48.3     	43.8     	49.2     	43.4     	44.3     	39.1     	37.1     	45.3     	44.9     	41.8     	39.7     	37.3     	35.5     	35.4     	34.0     	29.4     	26.6     	27.1     	29.0     
	2026-04-13  	14:09:31  	00:00:25  	         	41.4     	37.1     	32.8     	31.0     	36.3     	37.8     	38.2     	41.0     	33.9     	38.4     	41.5     	31.6     	38.4     	41.6     	36.8     	49.9     	51.6     	48.4     	51.2     	52.5     	45.0     	40.4     	35.6     	34.1     	37.9     	44.2     	42.5     	40.0     	37.2     	34.6     	34.4     	33.7     	29.4     	27.0     	27.4     	29.1     
	2026-04-13  	14:09:32  	00:00:26  	         	40.4     	29.9     	35.3     	35.2     	37.6     	35.0     	36.7     	41.1     	37.2     	36.1     	43.2     	40.7     	41.2     	43.0     	42.5     	48.6     	49.6     	47.0     	54.5     	45.5     	47.3     	37.1     	34.4     	34.9     	37.3     	41.5     	41.8     	39.7     	37.2     	35.3     	36.2     	34.3     	29.3     	27.1     	27.5     	29.1     
	2026-04-13  	14:09:33  	00:00:27  	         	37.2     	40.9     	37.6     	30.9     	32.4     	33.3     	35.7     	43.1     	38.0     	40.5     	47.8     	45.9     	44.2     	42.5     	46.5     	51.3     	52.6     	47.6     	43.3     	49.5     	43.7     	41.3     	39.3     	40.4     	42.7     	45.6     	44.1     	42.6     	38.8     	35.6     	34.8     	33.5     	28.9     	26.8     	27.2     	29.0     
	2026-04-13  	14:09:34  	00:00:28  	         	35.6     	38.1     	32.7     	34.5     	34.5     	31.9     	35.1     	45.0     	37.5     	41.5     	48.0     	41.8     	41.5     	45.9     	41.8     	48.7     	50.6     	47.8     	46.5     	46.4     	47.7     	39.9     	36.3     	37.7     	42.1     	42.8     	41.0     	38.8     	36.6     	35.6     	35.1     	33.1     	28.7     	27.1     	27.3     	29.1     
	2026-04-13  	14:09:35  	00:00:29  	         	42.1     	36.2     	33.6     	38.6     	39.8     	37.9     	39.6     	47.1     	35.5     	35.6     	40.3     	30.3     	39.1     	38.1     	37.5     	48.7     	54.6     	51.4     	48.3     	46.1     	50.6     	40.6     	36.6     	38.2     	40.2     	46.6     	45.9     	42.2     	40.1     	38.6     	37.4     	36.3     	31.3     	27.0     	27.3     	29.0     
	2026-04-13  	14:09:36  	00:00:30  	         	42.5     	39.3     	34.9     	38.9     	32.7     	32.7     	33.2     	43.2     	35.7     	37.1     	43.7     	34.3     	40.2     	42.5     	41.1     	49.3     	48.9     	50.2     	49.2     	44.4     	44.3     	44.9     	44.2     	40.3     	42.8     	46.4     	44.6     	42.0     	38.7     	37.5     	35.5     	33.2     	29.3     	27.2     	27.7     	29.0     
	2026-04-13  	14:09:37  	00:00:31  	         	46.6     	38.0     	35.9     	37.0     	35.1     	34.4     	39.2     	34.0     	33.3     	36.2     	44.2     	32.5     	35.9     	41.7     	35.3     	46.8     	48.9     	50.3     	49.1     	44.5     	42.0     	37.0     	41.8     	34.4     	33.6     	33.6     	33.0     	32.8     	32.1     	32.0     	30.8     	29.3     	26.7     	26.7     	27.4     	29.2     
	2026-04-13  	14:09:38  	00:00:32  	         	41.3     	39.2     	30.7     	40.9     	29.4     	31.7     	39.7     	36.6     	32.4     	32.1     	45.8     	31.6     	36.8     	46.2     	34.6     	46.4     	48.6     	52.2     	44.2     	40.5     	43.8     	40.3     	36.0     	33.6     	37.8     	37.2     	36.8     	35.0     	35.3     	34.3     	31.3     	30.6     	28.2     	27.4     	27.9     	29.0     
	2026-04-13  	14:09:39  	00:00:33  	         	42.3     	41.5     	37.7     	40.6     	33.0     	32.8     	36.0     	37.9     	36.2     	38.8     	46.4     	44.4     	40.4     	44.1     	48.2     	48.7     	50.1     	52.4     	51.0     	48.6     	51.1     	45.7     	42.4     	43.0     	42.7     	41.9     	41.0     	42.6     	38.6     	35.6     	35.5     	32.9     	29.4     	27.5     	27.8     	29.2     
	2026-04-13  	14:09:40  	00:00:34  	         	40.8     	36.5     	39.2     	35.7     	30.1     	33.2     	41.8     	43.5     	39.2     	38.9     	45.0     	44.1     	40.2     	43.7     	46.4     	50.3     	49.7     	46.6     	50.8     	46.2     	45.9     	38.3     	34.7     	37.0     	38.3     	37.8     	37.1     	36.3     	32.8     	32.5     	31.2     	29.1     	27.0     	26.5     	27.4     	29.0     
	2026-04-13  	14:09:41  	00:00:35  	         	42.4     	42.3     	39.9     	41.1     	35.9     	35.5     	39.5     	39.2     	33.8     	35.7     	44.6     	34.0     	36.4     	45.8     	37.1     	46.1     	48.0     	46.7     	42.7     	46.1     	39.5     	34.9     	33.0     	32.8     	34.9     	33.7     	33.5     	34.7     	34.1     	33.0     	31.0     	30.0     	27.2     	27.0     	27.6     	29.0     
	2026-04-13  	14:09:42  	00:00:36  	         	36.1     	39.3     	35.0     	39.4     	28.2     	34.2     	37.1     	35.2     	33.1     	33.8     	44.8     	39.5     	37.0     	45.6     	44.3     	49.3     	48.9     	47.8     	49.6     	51.2     	47.7     	41.5     	36.6     	38.0     	38.0     	38.3     	37.5     	36.2     	35.8     	34.3     	32.1     	30.9     	28.1     	27.6     	27.9     	29.1     
	2026-04-13  	14:09:43  	00:00:37  	         	40.9     	36.5     	36.4     	39.1     	36.5     	36.8     	43.9     	43.7     	39.6     	41.8     	45.1     	45.8     	43.1     	44.4     	51.6     	49.5     	50.2     	47.1     	49.8     	48.2     	49.2     	39.5     	36.9     	37.0     	36.9     	39.1     	37.0     	35.0     	34.0     	32.7     	31.3     	30.5     	27.3     	27.0     	27.5     	29.1     
	2026-04-13  	14:09:44  	00:00:38  	         	40.9     	37.2     	41.6     	39.8     	33.3     	35.1     	39.2     	43.9     	34.9     	36.5     	45.6     	34.6     	34.5     	42.7     	36.5     	48.0     	50.9     	45.8     	49.3     	52.5     	42.0     	39.7     	37.9     	37.8     	42.9     	43.6     	42.2     	41.3     	36.9     	35.1     	34.1     	32.9     	28.7     	27.3     	27.5     	29.1     
	2026-04-13  	14:09:45  	00:00:39  	         	44.6     	39.3     	40.3     	39.2     	33.2     	33.5     	36.4     	38.7     	34.4     	34.9     	44.2     	34.0     	36.6     	45.8     	37.7     	46.8     	50.4     	48.5     	51.4     	52.1     	44.9     	43.9     	40.9     	39.7     	39.1     	36.9     	38.1     	38.3     	36.2     	34.8     	33.4     	32.7     	29.5     	27.7     	28.1     	29.0     
	2026-04-13  	14:09:46  	00:00:40  	         	43.8     	34.8     	33.2     	32.2     	36.0     	36.5     	37.6     	36.3     	35.0     	32.8     	42.1     	42.2     	34.0     	43.6     	47.6     	49.2     	48.2     	47.3     	48.8     	45.1     	46.0     	41.4     	38.2     	37.2     	38.3     	37.2     	35.9     	36.0     	34.5     	33.1     	31.6     	30.1     	27.3     	27.0     	27.7     	29.0     
	2026-04-13  	14:09:47  	00:00:41  	         	42.9     	37.5     	34.4     	38.9     	36.3     	37.8     	38.0     	46.5     	43.9     	44.4     	46.9     	45.0     	42.9     	46.7     	49.0     	48.9     	51.0     	46.2     	49.1     	49.0     	44.1     	40.9     	38.0     	36.1     	40.0     	41.9     	42.4     	38.0     	36.1     	33.8     	32.8     	32.1     	28.7     	27.1     	27.5     	29.0     
	2026-04-13  	14:09:48  	00:00:42  	         	44.0     	40.5     	34.6     	39.0     	34.5     	36.0     	35.4     	39.5     	35.2     	33.9     	43.6     	33.6     	35.9     	44.9     	37.2     	47.6     	50.6     	48.1     	50.5     	52.9     	42.4     	42.2     	39.8     	39.7     	42.2     	42.2     	41.3     	40.1     	36.7     	36.4     	35.2     	32.5     	28.3     	27.2     	27.5     	29.0     
	2026-04-13  	14:09:49  	00:00:43  	         	36.2     	39.5     	31.9     	35.7     	31.9     	37.9     	33.4     	38.0     	35.0     	34.5     	44.8     	31.8     	36.0     	46.2     	37.6     	47.3     	55.4     	50.0     	50.2     	52.9     	45.8     	46.2     	41.5     	41.4     	43.8     	40.3     	42.1     	40.5     	39.6     	37.7     	35.5     	33.5     	29.4     	27.8     	28.0     	29.2     
	2026-04-13  	14:09:50  	00:00:44  	         	36.8     	35.5     	35.5     	47.8     	40.3     	38.1     	43.1     	43.7     	35.4     	35.4     	39.7     	44.4     	35.6     	41.0     	48.4     	50.6     	51.1     	45.2     	50.8     	49.1     	49.5     	41.8     	38.8     	37.4     	38.7     	39.1     	38.9     	38.8     	36.5     	35.9     	33.3     	31.3     	27.7     	27.4     	27.6     	29.1     
	2026-04-13  	14:09:51  	00:00:45  	         	47.5     	35.3     	35.0     	42.6     	38.7     	44.6     	47.9     	46.7     	40.3     	40.2     	47.6     	48.4     	43.8     	46.2     	48.3     	48.2     	48.9     	45.7     	47.6     	49.0     	44.1     	38.9     	35.8     	34.6     	36.2     	41.5     	41.0     	36.1     	34.7     	33.0     	31.2     	30.8     	27.0     	26.6     	27.0     	29.1     
	2026-04-13  	14:09:52  	00:00:46  	         	44.5     	41.1     	40.7     	49.9     	42.3     	41.1     	45.7     	47.7     	41.6     	37.9     	45.5     	43.5     	45.5     	42.2     	44.0     	50.1     	51.1     	52.5     	44.8     	45.3     	48.2     	39.4     	41.0     	37.5     	37.4     	43.9     	44.6     	41.5     	39.9     	34.4     	34.1     	33.3     	28.8     	26.6     	27.1     	29.1     
	2026-04-13  	14:09:53  	00:00:47  	         	33.5     	38.0     	37.8     	42.4     	39.7     	41.7     	47.8     	46.5     	37.5     	33.7     	46.1     	32.0     	37.3     	44.6     	34.7     	47.7     	51.0     	51.9     	49.7     	53.2     	48.4     	43.1     	41.9     	40.0     	42.5     	42.2     	40.8     	40.1     	36.3     	33.6     	32.0     	31.3     	27.6     	26.8     	27.3     	29.0     
	2026-04-13  	14:09:54  	00:00:48  	         	41.9     	37.0     	35.1     	36.7     	36.6     	41.6     	46.4     	38.4     	34.3     	33.6     	39.9     	30.8     	37.1     	40.9     	34.0     	47.3     	50.5     	48.9     	55.3     	51.6     	43.3     	40.8     	41.1     	38.9     	39.0     	42.4     	43.6     	41.4     	38.6     	37.4     	36.5     	36.0     	31.4     	27.3     	27.6     	29.0     
	2026-04-13  	14:09:55  	00:00:49  	         	44.7     	33.4     	34.2     	39.3     	38.0     	39.0     	39.6     	36.8     	37.1     	37.0     	46.4     	46.5     	41.9     	40.7     	44.0     	51.2     	51.0     	51.0     	51.9     	48.8     	43.2     	40.1     	39.2     	36.8     	38.0     	43.1     	41.9     	40.2     	37.5     	34.8     	34.7     	33.5     	29.2     	26.8     	27.3     	29.1     
	2026-04-13  	14:09:56  	00:00:50  	         	43.0     	39.8     	38.6     	37.1     	36.3     	38.6     	39.9     	38.8     	40.1     	43.1     	48.4     	42.0     	43.9     	41.9     	42.1     	47.5     	50.4     	50.1     	45.4     	46.3     	45.2     	40.3     	38.5     	37.0     	41.2     	44.9     	42.0     	39.8     	38.2     	35.1     	34.1     	33.0     	28.1     	27.0     	27.2     	29.1     
	2026-04-13  	14:09:57  	00:00:51  	         	42.5     	42.9     	35.1     	37.2     	33.8     	35.6     	36.7     	48.1     	35.7     	35.2     	41.4     	37.8     	39.8     	40.9     	37.9     	46.7     	48.3     	48.0     	47.4     	48.9     	47.2     	43.2     	41.6     	39.3     	44.8     	45.7     	42.6     	43.4     	38.7     	34.7     	34.3     	34.1     	28.7     	26.7     	27.3     	29.1     
	2026-04-13  	14:09:58  	00:00:52  	         	41.8     	42.6     	32.0     	34.4     	32.9     	36.0     	40.1     	37.4     	32.6     	35.6     	43.0     	46.0     	38.8     	38.4     	46.2     	48.3     	54.2     	49.6     	50.7     	48.5     	44.0     	44.0     	39.7     	38.9     	41.5     	44.3     	44.1     	43.4     	41.3     	38.7     	37.5     	35.6     	29.9     	27.1     	27.4     	29.1     
	2026-04-13  	14:09:59  	00:00:53  	         	45.9     	40.1     	29.5     	31.3     	37.4     	38.6     	40.8     	38.0     	35.5     	39.8     	45.6     	45.4     	43.7     	41.4     	45.1     	50.4     	51.8     	48.9     	49.0     	46.1     	43.3     	40.6     	38.1     	38.3     	41.1     	41.1     	42.7     	41.1     	38.4     	36.0     	35.2     	34.0     	30.1     	26.7     	27.3     	29.1     
	2026-04-13  	14:10:00  	00:00:54  	         	36.8     	38.3     	30.6     	33.6     	30.3     	30.9     	31.1     	34.6     	31.5     	34.2     	46.6     	38.0     	38.2     	40.4     	36.5     	48.3     	52.7     	46.7     	46.7     	52.2     	43.5     	42.8     	37.8     	42.1     	42.6     	41.7     	41.9     	43.0     	38.1     	35.9     	35.4     	33.5     	29.1     	26.6     	27.2     	29.1     
	2026-04-13  	14:10:01  	00:00:55  	         	41.3     	40.1     	33.5     	30.6     	31.0     	34.4     	36.7     	41.8     	32.0     	37.0     	40.3     	31.0     	39.6     	42.8     	36.0     	49.7     	50.3     	48.1     	54.7     	52.0     	46.5     	44.0     	42.0     	38.9     	37.5     	38.5     	41.7     	41.8     	36.4     	34.7     	33.3     	33.0     	29.2     	27.0     	27.4     	29.0     
	2026-04-13  	14:10:02  	00:00:56  	         	41.6     	38.5     	33.9     	31.2     	35.1     	33.6     	36.3     	43.0     	39.9     	42.2     	45.6     	45.6     	44.9     	43.8     	46.8     	47.5     	50.1     	45.7     	51.4     	47.4     	39.8     	40.1     	41.3     	40.1     	40.3     	44.9     	47.2     	40.9     	37.3     	34.2     	32.3     	31.3     	27.1     	26.8     	27.4     	29.1     
	2026-04-13  	14:10:03  	00:00:57  	         	36.0     	42.8     	35.3     	38.5     	35.6     	37.7     	38.7     	36.3     	31.6     	38.6     	45.4     	44.1     	42.1     	41.0     	43.4     	50.5     	48.7     	48.6     	47.5     	48.9     	46.7     	43.0     	39.4     	41.1     	44.3     	43.8     	43.4     	41.3     	37.7     	37.7     	35.5     	33.8     	29.8     	27.0     	27.3     	29.1     
	2026-04-13  	14:10:04  	00:00:58  	         	42.3     	44.2     	34.9     	30.7     	32.1     	42.0     	44.6     	48.4     	40.7     	41.6     	48.7     	40.7     	42.4     	44.0     	46.5     	49.8     	49.1     	50.0     	49.8     	49.4     	48.4     	44.1     	39.6     	37.8     	41.3     	41.0     	42.5     	39.2     	35.3     	34.1     	32.4     	30.5     	27.0     	26.5     	27.1     	29.0     
	2026-04-13  	14:10:05  	00:00:59  	         	39.5     	36.5     	34.8     	34.5     	32.7     	35.0     	33.2     	39.1     	34.1     	35.0     	43.5     	46.7     	37.4     	41.9     	48.8     	46.8     	45.9     	49.2     	51.0     	46.4     	46.7     	40.1     	37.4     	39.9     	40.7     	41.5     	42.6     	37.7     	34.7     	33.2     	33.9     	33.8     	29.5     	27.3     	27.7     	29.2     
	2026-04-13  	14:10:06  	00:01:00  	         	36.5     	34.2     	35.3     	33.4     	34.5     	39.6     	45.0     	43.9     	36.5     	39.8     	46.0     	46.5     	42.4     	42.2     	46.9     	50.0     	49.9     	47.7     	49.4     	50.1     	45.9     	45.9     	42.1     	43.3     	42.2     	44.7     	43.0     	40.9     	36.5     	36.3     	34.3     	32.5     	29.1     	26.7     	27.2     	29.1     
	2026-04-13  	14:10:07  	00:01:01  	         	36.6     	36.5     	38.7     	33.0     	38.0     	45.4     	51.3     	50.2     	42.6     	39.3     	48.3     	42.7     	43.6     	44.1     	42.8     	48.6     	50.6     	49.3     	48.4     	50.2     	46.0     	41.0     	37.3     	35.7     	39.1     	42.2     	42.3     	39.1     	36.6     	36.0     	32.7     	31.7     	27.7     	26.5     	27.0     	29.0     
	2026-04-13  	14:10:08  	00:01:02  	         	40.3     	42.8     	35.0     	33.0     	35.8     	39.6     	43.0     	38.7     	32.4     	35.5     	40.3     	29.6     	39.7     	44.9     	42.2     	46.0     	49.9     	51.8     	48.6     	47.6     	48.6     	45.2     	41.3     	37.8     	45.5     	44.4     	43.9     	42.6     	37.9     	36.2     	35.6     	34.9     	29.4     	26.8     	27.3     	29.0     
	2026-04-13  	14:10:09  	00:01:03  	         	40.8     	40.8     	37.8     	38.6     	36.3     	36.3     	40.7     	42.3     	36.4     	40.8     	46.0     	42.4     	42.2     	41.3     	42.3     	43.0     	48.9     	48.8     	46.1     	47.1     	47.2     	44.5     	40.0     	36.8     	43.0     	44.3     	44.5     	41.5     	37.9     	36.3     	34.8     	33.9     	30.1     	27.2     	27.5     	29.0     
	2026-04-13  	14:10:10  	00:01:04  	         	49.3     	41.3     	43.8     	35.9     	40.7     	40.5     	47.9     	41.7     	39.6     	39.3     	46.7     	44.8     	45.2     	41.5     	42.8     	50.8     	50.3     	49.9     	47.4     	46.8     	48.0     	42.5     	37.0     	38.9     	42.1     	45.4     	44.1     	42.3     	38.8     	36.0     	34.9     	33.3     	29.7     	27.0     	27.4     	29.1     
	2026-04-13  	14:10:11  	00:01:05  	         	46.6     	44.6     	44.0     	39.4     	39.3     	45.9     	52.3     	50.1     	44.6     	41.4     	47.3     	39.8     	41.8     	42.2     	41.8     	47.4     	50.5     	48.3     	46.5     	46.5     	46.2     	43.6     	42.5     	43.6     	41.9     	41.1     	42.1     	39.7     	36.7     	34.9     	32.8     	31.0     	27.6     	26.8     	27.3     	29.2     
	2026-04-13  	14:10:12  	00:01:06  	         	40.2     	43.7     	37.6     	40.8     	39.4     	43.9     	49.7     	45.8     	36.4     	34.7     	38.2     	37.8     	38.4     	44.8     	40.5     	50.1     	51.1     	49.3     	49.7     	50.7     	47.0     	42.2     	38.6     	39.9     	41.5     	43.5     	42.7     	41.2     	37.5     	35.2     	35.0     	34.4     	30.2     	27.1     	27.7     	29.2     
	2026-04-13  	14:10:13  	00:01:07  	         	50.5     	42.5     	42.2     	42.3     	43.2     	41.1     	48.2     	47.7     	43.9     	43.3     	45.5     	47.7     	43.8     	43.6     	46.5     	46.4     	50.8     	46.1     	47.5     	45.0     	46.7     	37.9     	34.8     	35.0     	36.4     	42.8     	42.4     	39.4     	40.1     	37.6     	36.0     	36.4     	31.4     	27.3     	27.7     	29.2     
	2026-04-13  	14:10:14  	00:01:08  	         	52.7     	47.3     	42.9     	41.6     	39.8     	36.3     	42.2     	43.3     	37.3     	38.4     	45.8     	44.0     	43.9     	41.2     	43.5     	49.8     	52.1     	48.7     	44.2     	49.3     	46.0     	45.6     	40.7     	42.1     	44.6     	43.7     	43.0     	41.9     	38.8     	35.3     	34.0     	33.2     	28.7     	26.9     	27.5     	29.4     
	2026-04-13  	14:10:15  	00:01:09  	         	38.0     	45.2     	39.6     	34.8     	37.0     	34.2     	37.7     	40.2     	33.1     	35.9     	47.3     	34.9     	40.5     	41.9     	41.9     	51.0     	52.1     	48.7     	51.1     	49.7     	43.9     	41.5     	36.4     	34.3     	38.3     	43.8     	43.7     	38.8     	36.3     	35.6     	35.4     	33.5     	28.5     	27.0     	27.5     	29.1     
	2026-04-13  	14:10:16  	00:01:10  	         	41.3     	41.1     	35.7     	38.3     	33.1     	35.7     	38.3     	34.9     	32.2     	35.0     	40.5     	29.4     	38.8     	43.8     	41.3     	46.2     	49.9     	48.9     	49.9     	50.8     	45.8     	41.1     	37.2     	39.3     	39.1     	42.0     	44.0     	42.1     	38.5     	36.9     	35.5     	35.1     	30.1     	27.0     	27.6     	29.2     
	2026-04-13  	14:10:17  	00:01:11  	         	44.0     	42.3     	40.2     	37.2     	37.6     	36.2     	41.9     	44.9     	43.5     	43.8     	46.1     	46.1     	45.6     	45.7     	47.5     	49.2     	51.9     	50.1     	46.4     	48.1     	42.8     	41.8     	38.5     	39.4     	40.2     	42.6     	40.9     	39.3     	38.3     	36.0     	35.5     	34.8     	30.5     	27.0     	27.5     	29.2     
	2026-04-13  	14:10:18  	00:01:12  	         	43.0     	40.5     	40.1     	39.2     	36.4     	38.2     	35.0     	40.9     	36.5     	39.0     	49.2     	44.9     	48.7     	47.4     	44.7     	49.7     	50.0     	48.4     	46.4     	49.6     	43.3     	44.4     	39.7     	38.1     	42.6     	40.6     	39.9     	39.6     	37.9     	37.3     	37.1     	35.2     	30.5     	26.9     	27.5     	29.2     
	2026-04-13  	14:10:19  	00:01:13  	         	47.2     	42.3     	48.3     	42.5     	38.8     	36.9     	37.2     	46.6     	38.5     	40.3     	43.8     	41.1     	42.0     	44.2     	46.4     	50.3     	51.2     	50.9     	52.3     	50.8     	45.6     	41.6     	36.7     	35.7     	37.3     	40.9     	41.8     	39.2     	37.0     	35.3     	33.2     	32.8     	28.8     	26.7     	27.4     	29.1     
	2026-04-13  	14:10:20  	00:01:14  	         	41.9     	38.6     	38.3     	41.2     	36.7     	38.1     	38.3     	42.8     	38.7     	38.6     	44.1     	45.9     	42.2     	43.4     	50.7     	46.9     	50.1     	47.8     	51.3     	47.1     	45.5     	43.4     	40.7     	39.8     	41.8     	43.6     	43.8     	40.8     	36.9     	35.6     	34.1     	32.3     	28.5     	27.6     	27.9     	29.3     
	2026-04-13  	14:10:21  	00:01:15  	         	46.7     	41.1     	42.1     	40.6     	32.3     	37.8     	38.3     	41.5     	34.7     	35.5     	45.9     	32.6     	35.1     	46.1     	35.2     	47.8     	48.6     	49.9     	47.4     	46.7     	44.6     	42.6     	39.5     	41.8     	42.0     	43.3     	38.7     	38.8     	35.5     	34.3     	32.7     	29.7     	27.0     	26.8     	27.4     	29.3     
	2026-04-13  	14:10:22  	00:01:16  	         	41.7     	41.3     	32.6     	31.8     	35.7     	30.2     	39.3     	39.0     	33.0     	35.6     	44.6     	33.6     	37.0     	45.5     	38.0     	45.1     	47.7     	49.6     	46.6     	44.9     	39.9     	37.2     	32.1     	35.5     	38.9     	37.8     	35.2     	35.4     	34.9     	34.3     	32.1     	31.4     	28.3     	27.5     	28.2     	29.1     
	2026-04-13  	14:10:23  	00:01:17  	         	46.5     	37.6     	37.4     	36.0     	36.3     	32.7     	34.1     	40.8     	36.8     	35.9     	42.2     	42.1     	38.1     	44.6     	48.2     	49.2     	49.9     	51.5     	48.4     	49.1     	48.9     	44.4     	40.9     	41.2     	43.0     	42.8     	40.9     	41.3     	37.8     	36.2     	35.0     	32.9     	29.8     	27.6     	27.8     	29.1     
	2026-04-13  	14:10:24  	00:01:18  	         	43.2     	32.6     	32.9     	36.9     	32.6     	34.8     	41.3     	48.9     	38.8     	42.2     	44.9     	45.3     	40.7     	43.1     	50.7     	49.5     	50.8     	47.4     	50.3     	46.4     	46.1     	43.4     	41.2     	42.2     	41.8     	40.0     	39.1     	37.6     	34.8     	34.6     	32.9     	31.5     	27.9     	27.1     	27.6     	29.1     
	2026-04-13  	14:10:25  	00:01:19  	         	38.3     	40.7     	26.6     	37.2     	32.2     	42.0     	43.0     	47.6     	43.1     	37.8     	44.8     	37.6     	36.3     	41.8     	34.0     	47.5     	48.5     	45.2     	44.5     	42.3     	38.4     	35.6     	32.0     	30.6     	32.2     	34.7     	33.2     	33.4     	31.9     	32.8     	30.5     	29.4     	26.9     	26.8     	27.5     	29.3     
	2026-04-13  	14:10:26  	00:01:20  	         	36.0     	38.6     	31.4     	36.3     	39.0     	36.9     	45.8     	47.6     	44.0     	44.3     	47.8     	39.0     	41.7     	47.7     	45.4     	47.5     	49.7     	47.7     	45.6     	48.6     	41.2     	37.4     	35.0     	38.8     	39.2     	38.6     	38.8     	36.0     	34.0     	33.1     	30.6     	29.9     	27.5     	27.4     	28.0     	29.2     
	2026-04-13  	14:10:27  	00:01:21  	         	35.4     	39.2     	34.0     	35.4     	37.9     	43.5     	46.9     	53.3     	45.7     	35.1     	39.0     	45.5     	35.1     	42.3     	45.5     	49.3     	50.2     	43.1     	45.9     	43.4     	44.1     	38.2     	37.0     	37.6     	40.8     	40.5     	35.9     	36.5     	34.5     	33.9     	32.8     	30.9     	28.1     	27.2     	27.8     	29.0     
	2026-04-13  	14:10:28  	00:01:22  	         	43.0     	34.6     	35.6     	33.5     	36.3     	43.3     	46.7     	46.4     	42.9     	39.2     	45.6     	41.6     	38.9     	47.4     	47.1     	48.8     	50.6     	46.5     	47.9     	52.0     	42.8     	43.2     	39.6     	39.4     	42.6     	44.7     	44.1     	41.6     	36.7     	34.8     	33.2     	32.4     	29.2     	26.9     	27.3     	29.0     
	2026-04-13  	14:10:29  	00:01:23  	         	39.6     	39.6     	33.7     	32.9     	39.4     	44.5     	48.5     	42.8     	40.0     	40.3     	43.5     	34.0     	35.5     	46.0     	33.5     	47.3     	52.7     	47.6     	53.7     	52.6     	45.9     	47.7     	40.3     	40.2     	40.1     	38.5     	39.3     	37.3     	35.6     	35.1     	34.2     	32.0     	28.5     	27.3     	27.6     	29.1     
	2026-04-13  	14:10:30  	00:01:24  	         	40.7     	41.5     	32.2     	34.6     	32.3     	42.5     	41.6     	40.9     	31.0     	32.5     	43.8     	32.2     	33.7     	41.1     	36.4     	49.6     	47.5     	44.8     	46.7     	42.7     	44.9     	40.3     	36.7     	38.3     	40.6     	38.6     	37.6     	38.3     	35.6     	34.6     	31.9     	31.1     	28.2     	27.7     	28.0     	29.1     
	2026-04-13  	14:10:31  	00:01:25  	         	35.9     	36.6     	34.8     	31.1     	34.3     	34.5     	35.0     	38.2     	36.3     	35.3     	44.5     	48.1     	41.8     	45.3     	48.7     	48.8     	49.4     	45.0     	47.6     	48.0     	46.0     	38.8     	40.0     	41.5     	40.3     	42.0     	39.8     	36.8     	35.1     	34.2     	32.3     	31.2     	27.6     	27.1     	27.6     	29.1     
	2026-04-13  	14:10:32  	00:01:26  	         	40.4     	38.2     	36.9     	35.2     	36.3     	37.9     	42.8     	43.2     	35.1     	36.0     	44.5     	32.3     	35.5     	47.3     	42.9     	48.4     	50.2     	45.5     	52.3     	51.7     	43.5     	43.6     	38.9     	40.0     	43.6     	43.5     	43.8     	40.7     	36.6     	35.0     	34.5     	32.1     	28.3     	27.0     	27.4     	29.1     
	2026-04-13  	14:10:33  	00:01:27  	         	39.2     	36.8     	40.1     	33.5     	33.7     	33.5     	41.3     	39.3     	32.8     	34.9     	44.7     	33.6     	39.2     	41.7     	35.0     	45.5     	49.7     	47.9     	50.1     	53.5     	45.7     	46.9     	41.7     	40.3     	45.0     	39.6     	41.6     	40.4     	37.9     	35.3     	34.6     	32.2     	28.7     	27.6     	28.0     	29.1     
	2026-04-13  	14:10:34  	00:01:28  	         	41.8     	41.5     	38.9     	34.7     	34.9     	35.7     	34.3     	37.6     	31.4     	35.5     	41.1     	40.2     	36.9     	44.3     	44.7     	51.1     	55.2     	48.9     	48.5     	45.2     	45.0     	43.7     	42.2     	42.8     	43.5     	43.7     	42.7     	42.1     	41.1     	40.6     	37.5     	35.8     	30.1     	27.3     	27.7     	29.2     
	2026-04-13  	14:10:35  	00:01:29  	         	44.4     	36.7     	35.1     	35.4     	36.3     	37.0     	42.8     	42.6     	37.2     	39.0     	43.4     	46.2     	41.1     	44.4     	47.7     	49.2     	52.8     	48.4     	48.9     	44.2     	43.1     	44.5     	43.2     	42.4     	45.3     	46.1     	43.8     	42.8     	38.8     	37.9     	36.3     	33.0     	28.9     	27.1     	27.6     	29.1     
	2026-04-13  	14:10:36  	00:01:30  	         	40.6     	41.0     	31.0     	30.4     	35.2     	38.6     	39.9     	35.6     	32.6     	33.5     	44.4     	32.7     	35.3     	42.1     	34.6     	47.5     	49.6     	51.6     	49.7     	47.4     	49.1     	47.5     	46.4     	40.5     	46.4     	47.0     	45.0     	42.5     	37.5     	37.5     	35.4     	31.9     	28.7     	28.0     	28.6     	30.2     
	2026-04-13  	14:10:37  	00:01:31  	         	42.4     	33.5     	29.2     	37.4     	26.4     	33.2     	35.0     	46.6     	39.5     	42.1     	45.7     	37.4     	42.5     	46.6     	38.9     	46.6     	48.8     	49.9     	43.7     	41.4     	40.6     	36.8     	32.9     	36.0     	39.7     	38.1     	36.7     	36.3     	34.7     	33.6     	32.2     	31.2     	28.7     	28.6     	29.0     	30.1     
	2026-04-13  	14:10:38  	00:01:32  	         	41.3     	40.5     	32.8     	32.6     	30.8     	33.6     	33.9     	42.7     	33.1     	34.2     	39.7     	42.5     	37.0     	42.7     	49.4     	48.0     	48.5     	49.6     	50.0     	46.6     	50.7     	43.8     	41.6     	44.1     	44.6     	45.5     	41.8     	42.3     	38.2     	36.4     	36.4     	33.8     	29.4     	27.7     	27.9     	29.3     
	2026-04-13  	14:10:39  	00:01:33  	         	41.6     	30.3     	31.9     	35.2     	37.6     	34.5     	41.9     	44.8     	37.8     	39.7     	45.4     	42.9     	41.0     	43.4     	47.7     	48.9     	49.2     	46.8     	49.2     	45.7     	47.4     	39.4     	38.0     	41.8     	39.4     	39.6     	37.0     	35.8     	33.9     	33.1     	30.6     	29.9     	27.1     	26.7     	27.5     	29.3     
	2026-04-13  	14:10:40  	00:01:34  	         	41.6     	37.9     	35.6     	35.4     	35.9     	42.6     	46.1     	35.9     	33.0     	34.2     	44.3     	32.0     	36.1     	45.8     	34.3     	44.2     	46.4     	45.0     	43.9     	39.8     	39.7     	38.3     	32.3     	32.6     	34.4     	35.2     	35.4     	34.8     	33.6     	33.5     	31.4     	29.7     	26.9     	27.0     	27.7     	29.3     
	2026-04-13  	14:10:41  	00:01:35  	         	34.7     	42.1     	31.3     	30.0     	31.4     	36.3     	39.0     	37.9     	29.9     	31.8     	42.9     	27.8     	35.0     	43.3     	34.7     	45.5     	48.8     	46.6     	42.4     	37.3     	41.5     	39.8     	39.6     	40.5     	41.3     	39.7     	36.5     	34.5     	33.3     	33.3     	30.9     	30.2     	27.7     	27.5     	28.2     	29.2     
	2026-04-13  	14:10:42  	00:01:36  	         	40.5     	36.8     	31.6     	30.9     	33.6     	34.2     	38.4     	42.1     	38.5     	38.4     	41.2     	46.5     	42.7     	45.5     	49.7     	49.1     	50.1     	44.8     	47.7     	46.9     	44.5     	40.2     	42.4     	41.2     	41.5     	41.5     	37.6     	36.3     	35.3     	34.2     	32.4     	31.3     	28.2     	27.4     	27.8     	29.3     
	2026-04-13  	14:10:43  	00:01:37  	         	38.3     	34.2     	34.3     	34.0     	30.8     	31.2     	40.9     	43.9     	38.8     	41.3     	47.3     	35.8     	40.6     	47.6     	43.6     	48.0     	50.1     	50.8     	50.1     	52.3     	42.0     	42.3     	39.1     	40.0     	41.3     	44.8     	43.8     	40.7     	37.8     	34.8     	33.9     	32.3     	28.4     	27.2     	27.6     	29.2     
	2026-04-13  	14:10:44  	00:01:38  	         	41.4     	37.4     	34.7     	36.9     	31.7     	36.2     	36.0     	42.0     	32.7     	35.7     	43.9     	32.5     	37.0     	40.4     	36.2     	47.1     	51.9     	48.0     	51.8     	51.0     	46.1     	44.1     	39.5     	38.9     	38.7     	35.8     	36.5     	37.6     	35.3     	34.4     	32.5     	32.0     	29.3     	27.7     	28.1     	29.1     
	2026-04-13  	14:10:45  	00:01:39  	         	41.2     	41.8     	33.5     	33.8     	34.1     	30.3     	36.0     	37.7     	34.7     	36.0     	42.2     	40.1     	36.7     	45.0     	47.8     	49.0     	48.2     	46.4     	44.2     	45.6     	44.7     	39.3     	39.6     	43.7     	42.9     	38.5     	34.8     	36.0     	34.8     	33.7     	31.2     	30.6     	27.3     	27.3     	27.9     	29.2     
	2026-04-13  	14:10:46  	00:01:40  	         	37.3     	34.5     	37.7     	30.4     	33.4     	31.8     	36.5     	40.0     	34.3     	38.4     	42.6     	46.8     	42.3     	47.3     	49.7     	48.2     	50.9     	48.5     	51.6     	48.2     	43.4     	39.5     	40.1     	40.9     	42.1     	42.1     	43.3     	38.0     	35.0     	34.3     	32.8     	31.3     	27.9     	26.9     	27.6     	29.3     
	2026-04-13  	14:10:47  	00:01:41  	         	38.1     	39.3     	34.6     	34.9     	32.8     	36.5     	35.7     	38.0     	32.4     	35.3     	44.8     	31.4     	33.5     	46.6     	36.1     	48.0     	50.3     	45.7     	53.2     	50.8     	41.1     	41.9     	37.1     	35.6     	42.8     	45.9     	44.8     	41.6     	36.8     	35.1     	34.8     	33.0     	28.8     	27.1     	27.4     	29.3     
	2026-04-13  	14:10:48  	00:01:42  	         	40.4     	39.7     	32.5     	35.9     	36.0     	42.3     	41.4     	43.1     	39.8     	38.6     	44.8     	33.7     	38.2     	42.7     	36.2     	48.0     	51.6     	51.6     	52.8     	54.1     	45.7     	46.6     	42.3     	41.5     	46.8     	41.0     	43.0     	40.3     	37.7     	36.0     	33.2     	32.0     	28.9     	27.9     	28.3     	29.2     
	2026-04-13  	14:10:49  	00:01:43  	         	39.7     	39.4     	33.9     	39.9     	32.0     	37.4     	37.7     	39.5     	33.6     	40.1     	40.1     	43.9     	43.8     	44.4     	51.4     	50.0     	49.5     	45.0     	45.3     	45.3     	46.3     	43.0     	43.0     	41.0     	44.8     	44.8     	41.4     	40.9     	38.7     	36.6     	33.8     	32.3     	27.9     	27.1     	27.7     	29.2     
	2026-04-13  	14:10:50  	00:01:44  	         	42.3     	36.9     	38.8     	39.8     	35.3     	37.4     	41.7     	43.3     	35.9     	38.3     	42.7     	45.9     	39.6     	42.6     	48.7     	48.3     	47.3     	43.7     	46.7     	49.4     	49.6     	46.3     	40.6     	41.6     	42.5     	43.8     	39.4     	36.7     	34.1     	34.4     	31.6     	29.9     	26.3     	26.5     	27.2     	29.1     
	2026-04-13  	14:10:51  	00:01:45  	         	42.0     	40.6     	36.1     	40.9     	33.0     	36.2     	38.9     	39.0     	33.6     	31.6     	28.8     	24.5     	25.0     	28.9     	31.2     	45.8     	47.2     	40.3     	40.3     	32.4     	34.6     	33.8     	28.7     	29.6     	31.9     	33.2     	33.8     	34.3     	32.9     	33.0     	31.2     	29.4     	26.9     	26.8     	27.4     	29.1     
	2026-04-13  	14:10:52  	00:01:46  	         	36.7     	37.4     	43.4     	42.3     	33.0     	34.0     	35.9     	37.4     	32.7     	32.2     	29.6     	23.6     	24.3     	26.0     	33.2     	46.0     	46.3     	43.8     	44.5     	45.6     	49.1     	37.0     	35.6     	33.6     	34.5     	35.8     	36.0     	34.2     	34.1     	33.5     	31.2     	30.5     	27.9     	27.7     	28.1     	29.2     
	2026-04-13  	14:10:53  	00:01:47  	         	42.9     	32.9     	36.8     	41.2     	34.0     	37.1     	41.5     	35.2     	34.6     	33.7     	33.9     	28.3     	33.3     	36.6     	37.4     	48.8     	52.2     	46.2     	50.7     	42.2     	47.5     	46.8     	43.3     	45.2     	43.7     	40.7     	40.5     	39.6     	37.6     	37.2     	35.7     	33.6     	29.2     	27.5     	27.7     	29.0     
	2026-04-13  	14:10:54  	00:01:48  	         	42.5     	33.9     	35.9     	39.3     	36.7     	38.6     	44.5     	43.9     	35.1     	38.0     	40.8     	31.2     	37.1     	37.1     	39.7     	45.5     	46.1     	44.4     	51.5     	48.3     	45.3     	43.7     	38.9     	40.9     	42.6     	39.4     	37.2     	36.7     	33.4     	33.6     	30.5     	29.8     	26.9     	26.6     	27.5     	29.1     
	2026-04-13  	14:10:55  	00:01:49  	         	36.6     	40.1     	31.4     	32.7     	35.2     	35.4     	44.2     	40.2     	34.3     	31.5     	29.3     	28.0     	27.5     	29.7     	35.0     	47.7     	51.4     	48.3     	46.7     	40.6     	38.3     	37.8     	42.2     	38.9     	38.6     	39.1     	38.6     	38.0     	37.1     	36.1     	33.9     	31.9     	28.2     	27.4     	28.0     	29.1     
	2026-04-13  	14:10:56  	00:01:50  	         	42.2     	38.3     	36.3     	36.7     	30.5     	31.7     	38.1     	39.1     	33.7     	32.1     	31.2     	28.9     	29.0     	35.5     	38.1     	50.5     	53.2     	53.6     	48.4     	44.2     	44.5     	42.7     	42.8     	44.9     	40.7     	40.5     	41.5     	40.0     	39.5     	38.0     	36.3     	34.5     	30.1     	27.7     	28.0     	29.1     
	2026-04-13  	14:10:57  	00:01:51  	         	44.1     	42.0     	36.0     	34.0     	34.9     	36.9     	39.8     	39.4     	36.5     	39.0     	45.5     	44.2     	41.1     	45.8     	45.7     	46.1     	47.8     	47.9     	45.9     	41.3     	41.7     	42.3     	42.2     	46.9     	39.0     	37.9     	39.5     	35.3     	36.7     	38.1     	33.8     	30.9     	27.7     	27.0     	27.7     	29.1     
	2026-04-13  	14:10:58  	00:01:52  	         	42.9     	36.4     	33.1     	35.1     	30.5     	33.1     	37.7     	41.0     	35.3     	34.5     	38.6     	45.3     	33.1     	37.4     	44.5     	49.4     	48.5     	47.5     	43.4     	42.4     	42.7     	43.6     	38.9     	45.3     	39.4     	37.9     	39.7     	35.4     	35.4     	35.4     	34.2     	33.1     	29.1     	26.7     	27.4     	29.1     
	2026-04-13  	14:10:59  	00:01:53  	         	44.4     	33.7     	34.3     	35.0     	35.7     	38.1     	40.6     	40.7     	32.1     	31.9     	42.0     	39.0     	35.9     	39.5     	38.7     	48.6     	51.1     	47.8     	44.5     	43.0     	47.6     	42.3     	36.9     	46.6     	41.0     	37.6     	41.5     	36.3     	34.8     	34.4     	32.7     	31.7     	28.2     	27.4     	27.9     	29.1     
	2026-04-13  	14:11:00  	00:01:54  	         	46.5     	38.4     	35.4     	41.6     	34.5     	36.8     	39.5     	38.1     	34.0     	35.8     	40.5     	30.0     	39.1     	43.2     	36.6     	49.9     	51.1     	48.9     	48.6     	44.4     	46.9     	42.7     	39.0     	45.8     	38.0     	37.9     	39.8     	37.6     	36.5     	35.8     	35.1     	32.9     	29.3     	27.5     	28.0     	29.2     
	2026-04-13  	14:11:01  	00:01:55  	         	39.9     	34.8     	32.8     	38.6     	31.6     	36.2     	40.0     	44.1     	38.6     	40.0     	43.9     	45.4     	40.7     	42.4     	45.0     	50.2     	49.2     	45.4     	41.0     	44.9     	43.2     	44.9     	41.8     	38.8     	44.4     	42.1     	43.1     	40.0     	38.9     	38.7     	37.5     	38.3     	33.7     	27.1     	27.3     	29.2     
	2026-04-13  	14:11:02  	00:01:56  	         	39.7     	36.5     	28.0     	30.8     	31.7     	37.9     	42.1     	37.6     	34.7     	36.9     	39.2     	44.8     	37.2     	39.4     	46.3     	48.1     	48.1     	46.6     	46.5     	52.4     	43.9     	42.2     	37.7     	38.2     	44.6     	38.6     	42.5     	38.8     	35.5     	34.6     	34.7     	32.2     	28.9     	26.7     	27.4     	29.1     
	2026-04-13  	14:11:03  	00:01:57  	         	37.3     	36.1     	31.4     	36.6     	33.4     	33.4     	35.4     	37.3     	34.7     	34.5     	42.8     	32.6     	37.6     	45.9     	36.2     	48.5     	51.5     	50.9     	53.1     	46.4     	44.7     	45.6     	37.7     	40.2     	43.3     	39.5     	41.5     	40.4     	35.7     	35.7     	35.8     	33.6     	29.6     	27.7     	28.1     	29.1     
	2026-04-13  	14:11:04  	00:01:58  	         	37.6     	35.8     	30.4     	36.4     	37.9     	36.2     	38.3     	34.5     	32.4     	34.5     	37.5     	43.6     	35.8     	36.5     	43.0     	48.6     	49.9     	46.0     	49.4     	49.8     	44.9     	47.0     	41.7     	38.1     	46.0     	41.9     	41.4     	38.7     	36.7     	35.9     	35.4     	34.0     	29.6     	27.2     	27.7     	29.1     
	2026-04-13  	14:11:05  	00:01:59  	         	37.1     	34.9     	34.2     	36.0     	32.2     	35.3     	41.1     	42.2     	35.3     	39.3     	42.2     	45.0     	40.1     	42.2     	46.9     	48.7     	49.2     	47.5     	46.1     	48.8     	46.7     	48.5     	38.5     	36.8     	41.6     	43.9     	40.3     	37.8     	34.7     	34.5     	33.4     	31.5     	27.5     	26.8     	27.6     	29.1     
	2026-04-13  	14:11:06  	00:02:00  	         	37.6     	37.3     	35.0     	30.6     	32.7     	33.1     	32.2     	36.5     	33.2     	30.1     	40.3     	43.0     	38.5     	45.0     	44.7     	49.4     	50.3     	55.9     	50.1     	47.3     	44.1     	44.7     	37.2     	37.7     	39.3     	39.3     	40.2     	37.9     	36.8     	36.0     	35.1     	34.0     	29.5     	27.9     	28.4     	29.8     
	2026-04-13  	14:11:07  	00:02:01  	         	43.1     	35.5     	37.4     	35.2     	38.0     	38.6     	35.7     	33.2     	35.1     	35.4     	41.7     	31.8     	37.6     	42.7     	36.8     	49.5     	50.3     	48.8     	52.8     	51.4     	47.2     	44.7     	39.4     	42.6     	42.6     	39.7     	40.5     	37.6     	35.8     	35.2     	34.5     	32.4     	29.1     	27.8     	28.3     	29.3     
	2026-04-13  	14:11:08  	00:02:02  	         	42.6     	41.0     	30.5     	33.0     	35.7     	35.6     	34.1     	37.8     	37.1     	38.1     	42.7     	41.1     	42.7     	42.3     	41.3     	46.3     	49.7     	46.1     	48.1     	51.1     	44.4     	46.0     	41.2     	40.2     	45.1     	41.3     	43.7     	40.4     	37.5     	36.7     	36.0     	35.2     	30.1     	27.2     	27.7     	29.2     
	2026-04-13  	14:11:09  	00:02:03  	         	41.4     	34.7     	33.7     	34.3     	34.7     	35.4     	37.4     	39.7     	37.2     	34.7     	38.5     	46.0     	36.2     	35.7     	41.9     	49.0     	49.5     	47.5     	43.7     	46.9     	52.1     	43.8     	39.7     	37.9     	43.1     	44.1     	43.1     	39.0     	35.2     	34.4     	34.5     	31.8     	28.2     	26.7     	27.3     	29.1     
	2026-04-13  	14:11:10  	00:02:04  	         	43.0     	39.1     	37.2     	36.0     	38.8     	36.2     	35.1     	40.1     	35.1     	40.3     	43.7     	41.8     	46.2     	47.0     	43.9     	48.4     	49.9     	48.9     	49.5     	46.9     	43.9     	46.5     	37.4     	38.5     	46.6     	38.6     	41.5     	37.7     	35.5     	34.7     	32.8     	32.2     	28.9     	27.4     	28.0     	29.1     
	2026-04-13  	14:11:11  	00:02:05  	         	38.9     	39.4     	36.1     	36.7     	33.1     	36.1     	35.8     	36.6     	35.9     	43.8     	40.6     	41.1     	46.6     	47.3     	43.8     	49.4     	46.5     	47.8     	52.4     	45.2     	44.9     	46.4     	36.8     	38.4     	42.9     	36.0     	39.7     	35.3     	33.0     	31.4     	29.3     	28.8     	26.7     	27.0     	27.8     	29.1     
	2026-04-13  	14:11:12  	00:02:06  	         	35.4     	36.3     	36.6     	35.6     	31.8     	38.2     	38.1     	35.0     	42.5     	46.7     	44.5     	44.8     	40.3     	40.9     	46.1     	46.8     	48.0     	46.5     	42.6     	43.5     	47.5     	39.4     	36.5     	36.6     	37.9     	40.6     	37.9     	38.6     	36.5     	36.8     	36.2     	37.4     	34.5     	30.3     	29.2     	29.1     
	2026-04-13  	14:11:13  	00:02:07  	         	36.1     	36.8     	41.0     	36.4     	41.8     	37.4     	35.7     	37.8     	34.6     	47.4     	41.5     	30.2     	35.3     	36.7     	45.2     	40.3     	42.9     	48.0     	44.5     	43.0     	42.0     	38.4     	37.6     	33.7     	38.6     	38.4     	33.9     	35.8     	30.1     	32.1     	32.5     	33.9     	35.3     	28.3     	27.6     	29.1     
	2026-04-13  	14:11:14  	00:02:08  	         	37.8     	37.3     	34.8     	33.0     	37.0     	36.1     	37.1     	40.5     	36.0     	46.6     	41.0     	25.9     	33.8     	31.5     	42.1     	41.4     	49.4     	43.3     	42.9     	44.9     	43.9     	42.4     	39.0     	36.9     	38.8     	35.9     	34.3     	31.6     	28.4     	25.0     	23.7     	24.6     	25.7     	26.6     	27.3     	29.2     
	2026-04-13  	14:11:15  	00:02:09  	         	40.9     	34.7     	33.0     	40.3     	38.7     	41.4     	44.6     	41.8     	39.3     	47.4     	41.5     	29.1     	36.1     	32.4     	41.7     	44.9     	47.2     	42.7     	45.2     	44.8     	46.4     	42.0     	40.8     	36.3     	37.7     	36.8     	34.0     	33.2     	30.6     	31.2     	33.4     	35.7     	36.9     	30.8     	28.6     	29.2     
	2026-04-13  	14:11:16  	00:02:10  	         	44.6     	36.1     	35.6     	46.3     	40.7     	36.8     	41.6     	39.8     	31.8     	45.8     	40.6     	28.3     	35.5     	34.2     	40.3     	45.6     	43.7     	44.1     	47.1     	47.1     	42.5     	44.0     	38.2     	33.9     	34.7     	35.0     	32.9     	32.5     	30.6     	30.7     	29.9     	28.3     	27.5     	26.9     	27.4     	29.2     
	2026-04-13  	14:11:17  	00:02:11  	         	38.3     	30.1     	38.6     	36.9     	35.2     	40.3     	40.5     	39.0     	41.0     	44.2     	42.7     	42.5     	41.1     	37.5     	37.9     	42.4     	38.8     	42.3     	45.5     	40.0     	44.0     	45.5     	38.4     	35.7     	34.2     	34.6     	34.3     	30.2     	27.8     	27.4     	25.4     	25.8     	26.1     	26.8     	27.3     	29.1     
	2026-04-13  	14:11:18  	00:02:12  	         	40.7     	42.3     	36.1     	34.7     	32.7     	33.3     	36.9     	41.5     	34.0     	48.0     	41.5     	25.0     	34.3     	32.1     	40.6     	42.7     	56.8     	54.6     	46.7     	44.3     	44.8     	39.2     	34.2     	38.2     	32.2     	33.2     	34.4     	32.4     	28.9     	30.6     	31.7     	30.6     	30.2     	28.8     	27.7     	29.0     
	2026-04-13  	14:11:19  	00:02:13  	         	38.9     	41.0     	35.7     	34.6     	33.9     	35.0     	36.2     	40.5     	39.8     	45.3     	39.7     	37.7     	39.1     	35.7     	39.7     	51.8     	54.9     	43.9     	41.4     	45.7     	45.0     	38.9     	40.2     	36.9     	38.5     	33.1     	29.2     	25.5     	24.6     	28.7     	32.7     	32.1     	32.0     	30.0     	28.0     	29.1     
	2026-04-13  	14:11:20  	00:02:14  	         	41.8     	36.2     	35.2     	34.1     	29.7     	36.3     	31.2     	41.2     	35.6     	43.6     	30.6     	21.6     	31.9     	29.3     	45.1     	48.1     	49.1     	43.3     	40.1     	47.1     	45.7     	42.0     	33.0     	31.8     	35.6     	37.1     	31.4     	27.5     	24.1     	25.5     	28.0     	31.6     	30.8     	30.7     	28.7     	29.1     
	2026-04-13  	14:11:21  	00:02:15  	         	37.9     	40.2     	35.2     	38.3     	32.0     	31.2     	33.8     	37.4     	38.4     	44.2     	33.7     	36.5     	38.7     	34.8     	44.0     	43.7     	37.9     	40.8     	37.2     	38.9     	39.8     	32.3     	33.8     	28.9     	34.5     	30.0     	27.2     	31.2     	35.1     	31.6     	33.1     	29.8     	26.5     	26.6     	27.2     	28.9     
	2026-04-13  	14:11:22  	00:02:16  	         	44.9     	35.8     	34.4     	34.6     	29.8     	33.0     	31.3     	41.0     	41.1     	37.3     	33.9     	33.0     	29.4     	34.7     	39.1     	43.8     	52.3     	48.2     	38.8     	48.2     	45.1     	41.7     	41.3     	31.8     	37.8     	41.6     	33.5     	31.1     	24.9     	28.4     	30.2     	30.8     	30.0     	29.0     	28.0     	29.1     
	2026-04-13  	14:11:23  	00:02:17  	         	42.0     	40.2     	36.1     	37.5     	35.3     	39.4     	46.4     	43.2     	42.2     	38.1     	33.7     	35.3     	35.5     	36.3     	30.3     	45.0     	57.1     	48.4     	38.0     	50.5     	39.3     	39.1     	36.0     	35.9     	38.8     	26.4     	32.3     	29.5     	25.8     	26.6     	27.4     	26.3     	26.4     	27.3     	28.2     	29.1     
	2026-04-13  	14:11:24  	00:02:18  	         	42.1     	33.7     	37.2     	47.3     	38.0     	42.9     	45.7     	42.0     	39.5     	35.3     	30.6     	31.4     	32.5     	33.6     	40.9     	54.0     	48.5     	38.1     	47.6     	45.6     	49.3     	43.9     	42.2     	34.8     	38.1     	38.9     	31.7     	28.6     	22.3     	23.8     	25.4     	26.4     	26.9     	27.7     	27.4     	29.0     
	2026-04-13  	14:11:25  	00:02:19  	         	37.5     	35.4     	32.8     	41.6     	35.5     	38.9     	43.2     	40.9     	38.8     	37.4     	35.0     	32.9     	32.5     	34.2     	44.4     	55.1     	53.3     	36.0     	44.1     	44.0     	42.3     	32.0     	32.6     	30.3     	29.6     	24.7     	28.7     	30.7     	35.9     	31.5     	33.6     	31.3     	27.1     	26.6     	27.0     	29.2     
	2026-04-13  	14:11:26  	00:02:20  	         	43.7     	41.5     	36.6     	37.3     	37.3     	36.1     	41.2     	39.9     	35.6     	38.9     	34.2     	31.1     	32.6     	29.5     	41.8     	50.0     	40.3     	35.6     	38.2     	39.0     	43.1     	39.7     	40.0     	33.6     	34.4     	36.5     	31.9     	26.5     	23.4     	25.0     	26.3     	25.6     	25.0     	26.3     	27.1     	29.1     
	2026-04-13  	14:11:27  	00:02:21  	         	36.9     	34.0     	33.6     	29.0     	34.6     	35.5     	36.9     	38.4     	36.1     	38.4     	33.9     	30.3     	31.9     	30.8     	33.8     	48.3     	56.6     	48.7     	41.5     	47.3     	42.5     	35.4     	33.8     	29.8     	36.2     	31.2     	28.6     	26.5     	22.5     	25.6     	26.9     	33.2     	30.4     	29.8     	27.7     	29.0     
	2026-04-13  	14:11:28  	00:02:22  	         	41.0     	36.6     	33.0     	28.5     	34.0     	37.6     	40.4     	38.7     	32.8     	39.4     	29.5     	21.7     	28.0     	24.8     	36.7     	51.7     	55.1     	50.3     	42.8     	42.8     	46.0     	38.3     	35.2     	35.5     	33.1     	30.0     	28.4     	27.9     	32.3     	27.8     	30.2     	29.7     	27.1     	27.5     	27.5     	29.1     
	2026-04-13  	14:11:29  	00:02:23  	         	41.9     	39.7     	36.5     	37.8     	33.8     	37.4     	41.4     	40.6     	35.7     	39.7     	28.2     	22.3     	28.1     	24.6     	33.3     	47.1     	55.4     	52.8     	43.5     	44.3     	48.4     	41.6     	38.7     	33.5     	37.5     	34.4     	33.4     	28.6     	25.7     	24.4     	24.2     	25.4     	25.5     	27.0     	27.4     	29.1     
	2026-04-13  	14:11:30  	00:02:24  	         	40.0     	39.8     	33.1     	36.7     	32.6     	36.7     	38.8     	40.8     	37.9     	37.9     	33.8     	33.0     	33.2     	32.7     	38.1     	53.5     	48.0     	35.6     	47.2     	42.7     	49.7     	39.2     	36.3     	33.5     	31.5     	30.9     	32.4     	27.6     	24.2     	29.4     	30.4     	27.6     	26.1     	27.1     	27.2     	29.1     
	2026-04-13  	14:11:31  	00:02:25  	         	40.1     	38.4     	33.5     	35.6     	34.3     	33.5     	37.5     	38.0     	37.6     	34.3     	32.5     	31.6     	32.2     	32.2     	42.8     	51.7     	38.8     	38.1     	46.9     	42.0     	50.9     	38.7     	34.0     	29.1     	32.7     	37.6     	31.8     	28.6     	24.3     	23.4     	24.3     	24.8     	25.0     	26.8     	27.3     	29.0     
	2026-04-13  	14:11:32  	00:02:26  	         	35.2     	36.4     	37.6     	37.1     	34.7     	33.3     	36.2     	36.2     	39.1     	34.8     	28.1     	23.9     	24.1     	31.5     	41.6     	46.6     	48.5     	35.6     	36.9     	40.7     	37.4     	33.6     	27.6     	25.4     	33.9     	30.0     	25.8     	22.4     	21.9     	23.8     	24.9     	26.3     	27.2     	27.0     	27.1     	29.0     
	2026-04-13  	14:11:33  	00:02:27  	         	36.8     	36.8     	36.9     	38.8     	36.4     	33.8     	38.7     	36.9     	39.7     	34.9     	30.8     	31.1     	30.5     	32.4     	36.6     	48.2     	50.8     	43.1     	41.7     	45.2     	46.1     	41.1     	40.1     	31.1     	35.1     	36.9     	32.8     	29.0     	25.3     	30.2     	31.7     	31.0     	28.5     	27.2     	27.7     	29.1     
	2026-04-13  	14:11:34  	00:02:28  	         	37.4     	41.2     	37.4     	31.9     	33.7     	33.4     	38.5     	36.0     	38.5     	38.0     	34.5     	33.0     	34.7     	31.2     	32.3     	45.7     	49.2     	52.4     	41.2     	42.8     	49.5     	41.9     	43.1     	37.8     	35.1     	32.2     	27.8     	25.0     	25.8     	28.6     	29.2     	32.5     	32.5     	28.1     	27.7     	29.1     
	2026-04-13  	14:11:35  	00:02:29  	         	42.5     	38.2     	37.4     	34.7     	33.8     	36.3     	41.5     	41.6     	31.8     	36.9     	32.3     	22.9     	28.0     	25.6     	40.3     	50.3     	52.2     	40.8     	43.1     	44.1     	49.5     	43.4     	44.9     	37.3     	42.7     	41.2     	37.0     	30.4     	22.6     	25.7     	28.5     	27.4     	28.2     	27.6     	27.2     	29.1     
	2026-04-13  	14:11:36  	00:02:30  	         	41.4     	34.4     	36.2     	32.0     	32.1     	37.5     	41.6     	41.7     	34.6     	38.6     	31.7     	30.6     	32.4     	29.2     	41.4     	52.5     	51.9     	37.7     	46.7     	44.0     	47.0     	41.1     	38.7     	36.5     	35.8     	32.7     	32.0     	26.4     	21.9     	23.2     	24.5     	24.6     	24.9     	26.5     	27.2     	29.0     
	2026-04-13  	14:11:37  	00:02:31  	         	38.2     	33.1     	33.3     	34.5     	32.2     	39.8     	41.7     	41.5     	33.0     	38.3     	28.0     	22.8     	26.8     	27.2     	45.2     	49.3     	38.1     	41.8     	42.0     	46.0     	41.9     	33.9     	31.4     	27.7     	32.8     	32.7     	28.6     	25.5     	23.9     	26.0     	28.0     	29.0     	31.6     	29.7     	27.9     	29.3     
	2026-04-13  	14:11:38  	00:02:32  	         	31.1     	34.2     	31.9     	31.7     	34.0     	37.1     	37.9     	42.9     	38.9     	38.9     	32.8     	32.0     	33.7     	32.6     	38.5     	30.3     	43.4     	38.4     	30.0     	41.8     	33.8     	24.6     	20.5     	20.6     	20.7     	28.4     	26.4     	22.7     	22.2     	22.7     	24.7     	32.3     	34.3     	31.4     	28.5     	29.9     
	2026-04-13  	14:11:39  	00:02:33  	         	38.9     	35.8     	32.8     	35.7     	32.8     	39.7     	40.5     	42.3     	38.4     	34.7     	27.8     	24.0     	24.3     	30.7     	33.0     	45.3     	58.4     	44.0     	38.7     	48.5     	43.5     	45.6     	40.2     	36.6     	40.4     	37.5     	34.9     	33.4     	33.9     	30.7     	33.9     	31.5     	26.5     	27.0     	27.3     	29.3     
	2026-04-13  	14:11:40  	00:02:34  	         	37.7     	36.6     	35.0     	33.7     	32.4     	34.8     	34.5     	40.6     	38.3     	35.5     	32.6     	31.2     	32.2     	32.6     	40.7     	50.2     	48.0     	36.0     	42.2     	44.4     	47.7     	40.9     	40.6     	34.5     	37.9     	41.8     	34.0     	30.5     	31.6     	29.5     	33.3     	30.5     	26.9     	26.6     	27.2     	29.1     
	2026-04-13  	14:11:41  	00:02:35  	         	38.6     	34.4     	35.2     	28.9     	36.4     	35.5     	40.9     	40.3     	36.8     	34.2     	30.6     	30.4     	31.5     	32.1     	44.5     	47.8     	51.3     	46.7     	41.3     	44.7     	46.7     	37.5     	37.8     	33.1     	37.0     	28.3     	27.1     	24.1     	22.9     	22.6     	24.1     	25.4     	25.3     	27.2     	27.5     	29.1     
	2026-04-13  	14:11:42  	00:02:36  	         	36.7     	34.8     	36.1     	35.0     	35.3     	35.9     	36.1     	42.6     	37.9     	35.6     	30.3     	33.5     	34.1     	33.0     	29.9     	47.2     	54.0     	43.9     	38.5     	45.6     	44.0     	41.4     	39.2     	34.7     	39.2     	36.5     	33.3     	29.2     	24.3     	25.2     	27.0     	28.2     	30.0     	29.6     	28.2     	29.2     
	2026-04-13  	14:11:43  	00:02:37  	         	39.4     	35.9     	30.4     	36.2     	36.8     	38.9     	40.4     	41.7     	35.7     	38.6     	33.0     	20.4     	26.5     	24.8     	32.7     	51.2     	53.9     	43.4     	45.0     	45.2     	48.5     	41.0     	38.1     	31.4     	38.1     	38.1     	35.3     	31.5     	27.1     	30.6     	29.4     	26.5     	25.3     	26.4     	27.2     	29.2     
	2026-04-13  	14:11:44  	00:02:38  	         	41.0     	37.7     	33.2     	30.1     	34.5     	34.4     	35.8     	40.8     	33.1     	38.1     	32.5     	30.0     	33.1     	28.8     	37.3     	50.6     	52.3     	36.9     	44.5     	48.1     	48.1     	39.3     	28.3     	28.2     	34.8     	30.9     	31.2     	29.0     	25.9     	26.0     	29.0     	27.2     	25.3     	26.6     	27.4     	29.0     
	2026-04-13  	14:11:45  	00:02:39  	         	40.5     	39.3     	33.8     	33.6     	36.4     	42.9     	49.2     	41.7     	37.9     	39.2     	30.1     	24.9     	28.0     	24.9     	30.3     	46.5     	50.6     	38.4     	42.6     	46.0     	47.2     	45.5     	40.9     	33.3     	36.0     	41.1     	38.5     	30.7     	24.3     	24.7     	26.8     	26.5     	25.2     	26.4     	27.4     	29.3     
	2026-04-13  	14:11:46  	00:02:40  	         	41.4     	34.5     	32.7     	36.6     	35.2     	38.4     	46.3     	39.2     	34.2     	37.8     	29.7     	28.8     	30.2     	29.2     	35.1     	47.9     	53.7     	44.8     	41.6     	44.6     	44.8     	42.2     	34.7     	26.1     	32.3     	33.8     	33.7     	28.7     	24.7     	27.0     	30.9     	32.2     	30.9     	28.3     	27.8     	29.1     
	2026-04-13  	14:11:47  	00:02:41  	         	38.5     	28.8     	33.3     	34.7     	38.6     	37.5     	36.4     	37.3     	38.6     	35.4     	32.4     	30.6     	31.0     	31.5     	38.1     	51.3     	50.4     	34.3     	43.0     	41.4     	47.1     	37.7     	33.3     	30.4     	36.5     	32.4     	30.1     	28.8     	29.4     	26.3     	30.0     	34.8     	31.6     	28.7     	27.9     	29.0     
	2026-04-13  	14:11:48  	00:02:42  	         	38.4     	28.2     	33.6     	31.6     	38.6     	33.4     	33.2     	35.6     	37.3     	34.3     	32.6     	31.3     	32.0     	32.1     	34.0     	43.5     	58.3     	54.6     	38.4     	43.1     	41.8     	37.7     	41.3     	37.0     	38.6     	34.2     	33.9     	27.2     	23.9     	23.5     	24.9     	26.3     	26.4     	27.9     	27.9     	29.2     
	2026-04-13  	14:11:49  	00:02:43  	         	35.7     	33.3     	27.2     	30.9     	33.1     	29.9     	36.2     	35.4     	38.3     	34.3     	28.3     	24.4     	26.4     	31.7     	37.7     	42.6     	51.1     	43.0     	35.4     	49.6     	44.7     	37.4     	30.9     	33.9     	33.0     	26.8     	26.5     	26.8     	27.4     	30.4     	29.6     	28.0     	27.4     	26.8     	27.4     	29.2     
	2026-04-13  	14:11:50  	00:02:44  	         	33.3     	29.5     	32.5     	27.1     	32.3     	33.2     	29.7     	36.1     	39.0     	35.4     	32.9     	33.1     	34.0     	32.9     	31.5     	47.3     	57.6     	51.7     	37.5     	48.5     	47.6     	41.1     	40.1     	38.9     	34.3     	28.1     	29.0     	30.4     	29.0     	27.7     	30.0     	32.4     	31.4     	28.8     	27.9     	29.0     
	2026-04-13  	14:11:51  	00:02:45  	         	39.4     	41.5     	31.3     	32.3     	30.8     	30.8     	36.1     	36.4     	36.6     	36.4     	32.6     	30.9     	30.8     	29.4     	42.5     	48.0     	47.0     	52.6     	42.0     	43.0     	42.6     	30.7     	30.8     	30.8     	35.7     	29.3     	28.0     	27.4     	24.5     	24.7     	28.2     	31.2     	31.3     	28.6     	27.1     	28.9     
	2026-04-13  	14:11:52  	00:02:46  	         	40.5     	44.4     	27.6     	29.8     	32.9     	36.6     	34.7     	35.8     	34.4     	38.3     	32.7     	31.4     	32.0     	29.4     	42.1     	45.7     	44.9     	38.5     	37.1     	41.2     	40.0     	34.9     	38.0     	34.8     	37.4     	31.9     	31.2     	24.6     	21.7     	22.0     	23.1     	23.7     	24.5     	26.0     	26.8     	29.0     
	2026-04-13  	14:11:53  	00:02:47  	         	40.6     	32.1     	27.7     	31.9     	35.2     	32.2     	33.8     	37.7     	34.7     	39.3     	30.9     	20.4     	28.5     	25.4     	32.1     	50.1     	52.1     	51.0     	42.4     	48.5     	48.8     	40.3     	38.9     	33.3     	39.6     	34.5     	32.5     	31.7     	23.8     	24.8     	27.1     	30.7     	31.1     	30.2     	28.0     	28.9     
	2026-04-13  	14:11:54  	00:02:48  	         	41.2     	35.8     	32.4     	32.9     	30.0     	30.7     	34.1     	32.4     	31.6     	38.7     	27.6     	20.9     	26.5     	24.0     	32.3     	52.9     	57.1     	40.7     	49.2     	49.1     	50.0     	42.5     	40.3     	37.0     	32.7     	28.3     	32.5     	27.8     	23.4     	24.0     	25.1     	24.7     	24.8     	26.0     	26.9     	29.2     
	2026-04-13  	14:11:55  	00:02:49  	         	37.9     	34.7     	36.0     	34.8     	33.6     	34.5     	33.7     	38.6     	38.6     	36.8     	31.9     	32.5     	33.3     	31.5     	34.2     	51.2     	57.4     	52.2     	44.0     	49.3     	42.3     	37.7     	35.3     	30.6     	36.9     	34.4     	30.9     	25.6     	23.0     	22.8     	25.3     	29.9     	31.3     	30.0     	27.8     	29.0     
	2026-04-13  	14:11:56  	00:02:50  	         	43.6     	39.5     	34.6     	37.0     	39.5     	32.8     	32.8     	35.0     	37.1     	32.5     	29.0     	31.9     	32.7     	33.3     	27.9     	47.2     	55.0     	53.3     	47.0     	46.3     	45.2     	41.5     	35.1     	36.1     	39.2     	28.7     	30.1     	26.6     	23.2     	25.2     	27.7     	25.0     	24.6     	26.1     	27.0     	29.1     
	2026-04-13  	14:11:57  	00:02:51  	         	42.9     	34.6     	31.9     	35.8     	39.3     	32.4     	35.3     	36.0     	37.6     	34.2     	29.1     	26.1     	24.3     	31.2     	39.0     	43.0     	48.5     	43.4     	40.4     	47.1     	49.2     	44.7     	38.7     	38.1     	37.5     	33.2     	33.5     	24.5     	23.0     	25.0     	26.3     	29.0     	30.3     	30.1     	28.2     	29.1     
	2026-04-13  	14:11:58  	00:02:52  	         	43.2     	38.7     	32.3     	37.3     	34.3     	33.0     	36.7     	34.5     	37.8     	34.7     	29.6     	31.0     	31.0     	31.5     	42.1     	48.6     	38.4     	36.4     	47.2     	41.8     	48.4     	31.0     	27.7     	26.4     	32.6     	36.9     	34.3     	28.6     	22.8     	23.9     	25.6     	26.1     	27.0     	28.4     	27.5     	29.0     
	2026-04-13  	14:11:59  	00:02:53  	         	39.5     	37.6     	35.9     	33.2     	33.0     	34.1     	36.5     	36.1     	36.1     	37.5     	33.0     	32.0     	34.1     	33.5     	36.8     	47.5     	40.6     	32.8     	38.6     	39.7     	43.9     	38.1     	42.7     	40.1     	42.3     	29.8     	31.0     	26.1     	22.7     	24.8     	27.1     	27.8     	30.2     	28.6     	27.4     	29.0     
	2026-04-13  	14:12:00  	00:02:54  	         	42.0     	38.2     	32.3     	33.6     	32.1     	29.7     	37.5     	39.4     	32.7     	38.2     	33.1     	22.0     	25.4     	23.7     	33.8     	50.2     	49.3     	34.5     	47.1     	45.8     	49.3     	38.1     	34.4     	32.2     	37.0     	40.2     	41.0     	33.9     	23.7     	24.9     	27.1     	29.6     	30.4     	27.9     	27.2     	29.0     
	2026-04-13  	14:12:01  	00:02:55  	         	38.6     	41.4     	31.1     	31.7     	31.7     	33.9     	34.8     	35.7     	33.8     	38.9     	33.3     	31.5     	32.3     	28.1     	38.3     	50.3     	53.0     	42.6     	43.3     	44.0     	46.5     	37.8     	28.4     	28.5     	38.0     	39.0     	31.9     	26.8     	24.0     	27.7     	30.6     	29.9     	29.0     	27.5     	27.4     	29.0     
	2026-04-13  	14:12:02  	00:02:56  	         	32.2     	36.1     	32.7     	34.3     	33.6     	31.8     	34.0     	36.0     	32.3     	39.8     	29.2     	19.3     	28.0     	23.9     	31.1     	51.9     	54.2     	54.3     	41.1     	48.2     	40.3     	30.5     	32.5     	29.8     	26.5     	27.3     	32.8     	30.1     	24.4     	26.7     	27.9     	28.9     	28.1     	28.0     	27.3     	29.0     
	2026-04-13  	14:12:03  	00:02:57  	         	39.5     	36.9     	33.7     	33.1     	34.7     	30.5     	38.5     	36.8     	34.8     	38.5     	31.3     	32.3     	33.6     	31.4     	33.0     	51.2     	54.8     	41.3     	44.9     	46.7     	46.8     	42.9     	43.8     	37.6     	38.6     	36.1     	34.0     	34.4     	24.2     	24.5     	24.2     	24.3     	24.9     	26.5     	27.5     	29.1     
	2026-04-13  	14:12:04  	00:02:58  	         	45.0     	40.4     	30.7     	31.5     	36.1     	34.9     	38.6     	36.3     	37.4     	33.5     	28.6     	25.5     	26.7     	31.3     	44.2     	53.3     	54.4     	45.1     	45.2     	44.5     	44.3     	41.9     	38.5     	34.0     	41.2     	32.4     	30.7     	25.3     	22.1     	23.2     	23.9     	24.4     	24.9     	26.2     	26.9     	29.0     
	2026-04-13  	14:12:05  	00:02:59  	         	35.7     	42.3     	32.6     	33.1     	35.3     	37.2     	36.9     	36.0     	37.2     	36.2     	33.6     	35.5     	37.0     	34.2     	46.1     	43.3     	34.2     	38.1     	37.2     	39.6     	40.6     	31.2     	28.4     	27.2     	26.6     	24.9     	26.3     	26.1     	24.0     	24.2     	25.2     	27.0     	29.6     	26.5     	26.9     	29.0     
	2026-04-13  	14:12:06  	00:03:00  	         	38.6     	39.6     	35.2     	37.5     	33.1     	40.6     	41.9     	41.2     	38.4     	42.2     	40.8     	40.6     	39.5     	38.7     	36.4     	42.3     	45.8     	46.8     	42.1     	46.2     	46.6     	43.8     	40.5     	37.7     	40.3     	41.0     	39.4     	39.3     	38.6     	38.7     	38.0     	36.1     	32.4     	29.6     	27.9     	29.0     
	2026-04-13  	14:12:07  	00:03:01  	         	39.1     	43.5     	43.8     	47.0     	46.8     	45.7     	52.6     	46.0     	41.7     	41.9     	41.8     	36.8     	35.4     	33.3     	40.1     	50.2     	51.8     	55.2     	47.0     	46.2     	48.0     	46.3     	42.1     	38.1     	38.3     	33.8     	30.1     	33.2     	30.2     	30.2     	29.2     	29.1     	27.9     	27.0     	27.4     	29.1     
	2026-04-13  	14:12:08  	00:03:02  	         	38.5     	37.7     	36.4     	43.4     	36.6     	37.7     	37.7     	36.9     	33.2     	35.8     	35.1     	28.9     	26.7     	23.8     	26.5     	28.2     	28.4     	28.5     	29.5     	25.3     	25.1     	24.1     	23.2     	23.2     	25.5     	23.0     	21.1     	22.0     	21.9     	21.8     	22.8     	23.6     	24.6     	26.2     	27.0     	29.0     
	2026-04-13  	14:12:09  	00:03:03  	         	40.2     	42.6     	36.9     	37.0     	37.0     	34.9     	36.0     	36.3     	32.8     	31.8     	29.1     	23.9     	22.8     	21.2     	19.4     	21.7     	21.9     	22.7     	25.3     	23.6     	22.8     	20.9     	20.4     	19.1     	18.6     	18.5     	18.8     	19.5     	20.3     	21.1     	22.3     	23.6     	24.5     	26.0     	26.9     	28.9     
	2026-04-13  	14:12:10  	00:03:04  	         	37.3     	35.1     	38.4     	35.4     	37.3     	34.7     	36.3     	39.7     	30.4     	30.1     	31.8     	22.8     	23.5     	20.7     	20.1     	20.4     	19.3     	19.7     	21.4     	19.9     	17.7     	18.3     	17.3     	16.9     	17.1     	17.5     	17.9     	19.4     	20.3     	21.1     	22.4     	23.5     	24.4     	26.0     	26.9     	29.0     
	2026-04-13  	14:12:11  	00:03:05  	         	35.7     	36.3     	36.5     	27.9     	31.7     	32.9     	35.8     	46.2     	35.0     	31.5     	29.3     	19.4     	22.7     	19.6     	19.0     	20.4     	18.7     	17.2     	17.8     	17.6     	16.0     	14.9     	15.5     	16.2     	16.8     	17.7     	18.2     	19.1     	20.0     	21.2     	22.4     	23.6     	24.5     	25.9     	27.0     	29.0     
	2026-04-13  	14:12:12  	00:03:06  	         	41.6     	37.6     	32.4     	31.8     	32.1     	35.0     	34.8     	35.8     	33.2     	32.1     	28.3     	21.2     	22.7     	20.6     	18.7     	20.0     	18.0     	15.3     	17.5     	17.9     	15.9     	14.9     	15.3     	15.8     	16.1     	17.2     	18.3     	19.1     	20.3     	21.1     	22.4     	23.6     	24.5     	26.2     	26.8     	29.1     
	2026-04-13  	14:12:13  	00:03:07  	         	45.4     	39.0     	35.2     	33.7     	37.9     	37.6     	43.5     	38.0     	35.5     	31.9     	28.9     	21.0     	22.7     	19.5     	17.5     	19.4     	17.8     	15.6     	18.8     	18.7     	16.1     	15.1     	15.4     	16.2     	16.6     	17.6     	18.3     	19.3     	20.0     	21.3     	22.5     	23.5     	24.3     	26.0     	27.0     	29.0     
	2026-04-13  	14:12:14  	00:03:08  	         	34.9     	40.9     	35.8     	33.7     	33.3     	37.7     	40.7     	37.9     	31.1     	32.5     	28.7     	21.0     	19.3     	18.9     	17.4     	19.6     	18.1     	16.2     	19.1     	18.7     	16.6     	14.6     	15.4     	15.7     	16.5     	17.4     	18.6     	19.2     	20.1     	21.2     	22.3     	23.4     	24.5     	26.0     	26.9     	29.0     
	2026-04-13  	14:12:15  	00:03:09  	         	43.6     	39.6     	32.6     	36.2     	34.4     	38.1     	40.7     	37.2     	32.4     	33.0     	29.3     	20.4     	21.4     	19.3     	18.6     	20.0     	19.1     	17.8     	19.1     	19.3     	17.9     	17.3     	16.2     	17.5     	17.3     	17.3     	18.7     	19.4     	20.3     	21.3     	22.3     	23.6     	24.3     	25.9     	27.0     	29.0     

# RTA LOG Results over the whole log period
	2026-04-13  	14:12:15  	00:03:09  	         	42.0     	39.8     	37.0     	38.3     	36.3     	38.1     	42.0     	42.6     	37.6     	39.2     	43.1     	40.9     	39.5     	42.1     	43.5     	48.7     	51.2     	48.4     	48.0     	47.9     	45.9     	42.1     	39.2     	38.7     	40.5     	40.9     	40.2     	38.1     	35.5     	34.1     	33.2     	32.1     	29.0     	27.4     	27.6     	29.1     

#CheckSum
	6566A5E846D9BB9AB18E05D811DC9995