XL2 RTA Spectrum Logging:		KU100\2026-04-13_SLM_016_RTA_3rd_Log.txt                                       
-------------------------


# Hardware Configuration
	Device Info:    	XL2, SNo. A2A-17501-E0, FW4.33
	Mic Sensitivity:	8.6 mV/Pa
	                	(User calibrated 2026-04-13  13:51)
	Time Zone:      	UTC+01:00 (Europe/Berlin)

# Measurement Setup
	Profile:        	Full mode
	Timer mode:     	continuous
	Timer set:      	--:--:--
	Log-Interval:   	00:00:01
	Resolution:     	1/3 Octave
	Range:          	40 - 140 dB

# Time
	Start:          	2026-04-13, 14:26:08
	End:            	2026-04-13, 14:29:17

# RTA LOG Results 
	            	          	          	         	LZeq_dt  	LZeq_dt  	LZeq_dt  	LZeq_dt  	LZeq_dt  	LZeq_dt  	LZeq_dt  	LZeq_dt  	LZeq_dt  	LZeq_dt  	LZeq_dt  	LZeq_dt  	LZeq_dt  	LZeq_dt  	LZeq_dt  	LZeq_dt  	LZeq_dt  	LZeq_dt  	LZeq_dt  	LZeq_dt  	LZeq_dt  	LZeq_dt  	LZeq_dt  	LZeq_dt  	LZeq_dt  	LZeq_dt  	LZeq_dt  	LZeq_dt  	LZeq_dt  	LZeq_dt  	LZeq_dt  	LZeq_dt  	LZeq_dt  	LZeq_dt  	LZeq_dt  	LZeq_dt  
	Date        	Time      	Timer     	Band [Hz]	6.3      	8.0      	10.0     	12.5     	16.0     	20.0     	25.0     	31.5     	40.0     	50.0     	63.0     	80.0     	100.0    	125.0    	160.0    	200.0    	250.0    	315.0    	400.0    	500.0    	630.0    	800.0    	1000.0   	1250.0   	1600.0   	2000.0   	2500.0   	3150.0   	4000.0   	5000.0   	6300.0   	8000.0   	10000.0  	12500.0  	16000.0  	20000.0  
	[YYYY-MM-DD]	[hh:mm:ss]	[hh:mm:ss]	         	[dB]     	[dB]     	[dB]     	[dB]     	[dB]     	[dB]     	[dB]     	[dB]     	[dB]     	[dB]     	[dB]     	[dB]     	[dB]     	[dB]     	[dB]     	[dB]     	[dB]     	[dB]     	[dB]     	[dB]     	[dB]     	[dB]     	[dB]     	[dB]     	[dB]     	[dB]     	[dB]     	[dB]     	[dB]     	[dB]     	[dB]     	[dB]     	[dB]     	[dB]     	[dB]     	[dB]     
	2026-04-13  	14:26:09  	00:00:01  	         	38.5     	38.1     	32.6     	30.7     	34.4     	37.0     	48.8     	52.6     	47.9     	51.3     	59.0     	66.6     	56.8     	60.7     	68.4     	71.9     	74.9     	76.5     	73.7     	74.7     	69.4     	67.2     	67.0     	66.5     	68.0     	73.4     	71.1     	62.9     	62.5     	54.7     	57.0     	53.7     	45.7     	41.5     	30.7     	29.4     
	2026-04-13  	14:26:10  	00:00:02  	         	38.4     	39.8     	32.2     	36.9     	32.0     	34.1     	37.2     	37.4     	37.6     	47.2     	61.7     	62.9     	60.2     	69.9     	69.3     	72.7     	74.0     	78.4     	70.5     	69.4     	74.6     	67.1     	68.2     	67.2     	69.1     	77.1     	75.5     	70.2     	67.8     	61.0     	61.2     	57.0     	48.8     	42.8     	32.8     	29.6     
	2026-04-13  	14:26:11  	00:00:03  	         	37.9     	41.1     	36.3     	31.6     	32.2     	33.6     	31.7     	36.7     	37.9     	51.9     	59.7     	50.5     	61.3     	68.1     	59.3     	71.6     	74.6     	73.8     	74.5     	76.2     	75.7     	72.5     	73.8     	71.9     	71.8     	68.9     	67.1     	65.0     	61.2     	54.7     	58.5     	54.3     	46.4     	43.4     	30.1     	29.2     
	2026-04-13  	14:26:12  	00:00:04  	         	43.7     	32.8     	35.7     	32.7     	36.0     	38.5     	46.3     	51.4     	45.3     	54.0     	62.6     	65.9     	62.8     	69.3     	71.8     	70.6     	75.4     	71.5     	76.0     	72.6     	66.7     	66.4     	66.8     	65.6     	68.0     	69.6     	70.2     	69.5     	66.6     	66.0     	65.5     	62.8     	56.8     	46.2     	38.7     	35.8     
	2026-04-13  	14:26:13  	00:00:05  	         	43.2     	35.0     	39.0     	36.6     	31.1     	37.6     	43.4     	47.3     	44.7     	53.0     	61.7     	65.2     	65.1     	64.3     	70.1     	74.4     	74.7     	74.3     	70.3     	70.8     	73.3     	68.3     	71.2     	69.9     	73.7     	74.9     	71.0     	69.1     	67.1     	65.3     	65.7     	63.3     	57.2     	47.3     	39.7     	35.9     
	2026-04-13  	14:26:14  	00:00:06  	         	38.6     	34.8     	35.2     	37.9     	33.9     	37.0     	42.4     	60.1     	53.5     	57.4     	66.3     	60.2     	63.3     	69.1     	63.1     	73.2     	75.5     	75.3     	68.5     	68.1     	73.5     	70.7     	70.2     	71.1     	73.7     	73.3     	73.5     	68.7     	67.6     	65.2     	63.8     	62.2     	55.1     	47.7     	41.7     	36.4     
	2026-04-13  	14:26:15  	00:00:07  	         	42.0     	39.7     	31.8     	33.1     	33.2     	36.1     	39.8     	56.4     	40.5     	51.0     	58.6     	50.1     	61.8     	63.2     	60.7     	74.6     	75.6     	73.5     	75.2     	74.6     	71.0     	68.4     	70.9     	65.4     	68.7     	70.1     	70.8     	68.7     	67.0     	65.0     	65.1     	64.5     	57.8     	48.5     	45.2     	39.5     
	2026-04-13  	14:26:16  	00:00:08  	         	37.8     	39.7     	36.3     	33.0     	37.5     	36.4     	44.3     	53.5     	49.6     	55.9     	64.6     	66.3     	65.4     	66.9     	69.9     	72.3     	76.0     	69.9     	72.7     	72.7     	65.9     	64.7     	64.4     	67.8     	67.3     	68.9     	68.2     	64.9     	65.1     	62.9     	61.7     	60.6     	54.3     	48.5     	45.5     	39.5     
	2026-04-13  	14:26:17  	00:00:09  	         	38.2     	39.7     	35.0     	35.5     	36.4     	41.1     	48.5     	49.1     	44.7     	54.3     	64.2     	64.0     	65.2     	65.0     	68.8     	74.4     	75.7     	73.6     	70.7     	76.5     	70.2     	67.2     	65.5     	68.0     	69.7     	74.8     	73.8     	69.8     	67.0     	65.4     	65.8     	64.3     	57.5     	46.9     	40.4     	35.9     
	2026-04-13  	14:26:18  	00:00:10  	         	42.9     	43.9     	40.7     	39.0     	38.7     	36.5     	37.8     	43.8     	42.1     	50.7     	65.7     	53.9     	61.8     	65.3     	60.3     	73.5     	76.0     	74.1     	73.8     	72.8     	73.3     	70.7     	72.0     	73.0     	67.2     	69.7     	72.6     	69.1     	66.3     	63.2     	63.7     	61.9     	55.5     	48.1     	43.2     	37.6     
	2026-04-13  	14:26:19  	00:00:11  	         	41.5     	40.0     	42.6     	39.1     	34.3     	38.4     	39.7     	37.0     	35.7     	48.5     	58.1     	49.0     	60.4     	65.8     	59.0     	73.0     	76.9     	73.4     	77.4     	72.9     	73.6     	69.8     	71.5     	70.3     	72.2     	73.2     	73.7     	70.5     	68.3     	67.3     	65.5     	64.3     	58.3     	49.7     	45.9     	40.5     
	2026-04-13  	14:26:20  	00:00:12  	         	43.7     	38.8     	37.0     	39.4     	41.4     	37.4     	48.1     	53.8     	48.6     	56.6     	65.3     	66.3     	65.0     	64.8     	69.2     	75.2     	77.9     	72.0     	68.6     	74.4     	69.4     	71.1     	68.2     	71.3     	70.6     	75.2     	74.7     	70.7     	68.1     	65.6     	64.9     	64.0     	58.2     	49.1     	43.7     	39.4     
	2026-04-13  	14:26:21  	00:00:13  	         	45.6     	38.2     	38.2     	37.5     	38.3     	36.8     	44.8     	44.2     	46.2     	57.5     	66.5     	62.5     	65.6     	65.1     	66.9     	73.2     	76.2     	72.6     	72.0     	76.4     	68.6     	69.3     	74.8     	69.0     	69.2     	69.7     	69.9     	69.3     	66.5     	64.2     	64.0     	61.8     	54.7     	46.9     	40.7     	35.6     
	2026-04-13  	14:26:22  	00:00:14  	         	45.9     	37.3     	29.1     	35.2     	34.0     	31.8     	39.3     	61.5     	52.9     	55.5     	61.1     	50.6     	62.6     	66.5     	61.6     	72.1     	75.6     	73.5     	74.4     	77.8     	72.9     	69.3     	69.7     	71.1     	74.5     	75.8     	73.3     	70.8     	68.5     	64.4     	63.1     	63.3     	57.6     	47.7     	43.7     	38.3     
	2026-04-13  	14:26:23  	00:00:15  	         	42.6     	37.6     	34.6     	36.8     	36.4     	38.6     	43.3     	49.1     	46.2     	55.0     	65.5     	65.3     	65.2     	68.3     	71.6     	72.5     	72.2     	71.7     	72.3     	71.7     	70.6     	71.2     	70.3     	75.1     	70.6     	70.1     	70.1     	71.3     	67.3     	62.9     	64.0     	62.2     	56.8     	50.4     	46.1     	40.3     
	2026-04-13  	14:26:24  	00:00:16  	         	43.1     	40.3     	33.3     	36.8     	39.4     	36.6     	46.4     	48.9     	47.7     	55.5     	64.2     	65.6     	65.3     	64.4     	69.6     	76.5     	74.0     	73.0     	75.2     	76.7     	72.4     	70.5     	67.8     	70.2     	73.6     	74.7     	71.9     	68.3     	66.6     	64.4     	63.8     	63.4     	56.9     	46.9     	43.4     	39.7     
	2026-04-13  	14:26:25  	00:00:17  	         	32.8     	30.8     	37.2     	37.0     	40.4     	35.5     	36.8     	41.1     	41.7     	47.4     	65.3     	59.3     	60.6     	62.1     	61.8     	71.9     	76.0     	74.3     	72.4     	71.0     	73.9     	70.4     	66.1     	67.3     	75.2     	75.9     	73.4     	70.5     	67.2     	64.1     	64.1     	62.8     	54.4     	46.3     	41.5     	36.2     
	2026-04-13  	14:26:26  	00:00:18  	         	36.3     	32.7     	33.3     	34.0     	35.0     	36.0     	38.0     	34.8     	37.9     	50.8     	58.5     	49.1     	61.0     	66.4     	62.5     	73.3     	75.5     	74.5     	73.3     	74.0     	76.5     	70.3     	68.0     	68.4     	75.2     	75.2     	73.4     	70.7     	68.8     	65.5     	66.0     	64.9     	58.6     	49.2     	45.5     	40.7     
	2026-04-13  	14:26:27  	00:00:19  	         	41.4     	40.0     	31.6     	33.2     	32.9     	37.8     	39.3     	53.6     	47.8     	54.5     	64.2     	65.6     	62.1     	64.2     	68.8     	71.1     	77.5     	73.6     	71.6     	70.9     	72.5     	68.2     	66.6     	68.6     	72.5     	75.8     	74.0     	72.3     	69.1     	66.8     	66.7     	65.4     	58.8     	50.2     	45.2     	40.1     
	2026-04-13  	14:26:28  	00:00:20  	         	41.3     	40.3     	32.6     	35.5     	36.1     	36.5     	41.4     	43.3     	44.9     	54.7     	64.2     	64.0     	65.9     	65.1     	67.7     	75.6     	75.1     	75.0     	72.3     	71.0     	70.0     	68.0     	67.1     	67.6     	68.6     	70.3     	70.5     	68.6     	67.2     	65.5     	66.2     	63.8     	58.1     	47.2     	40.9     	38.2     
	2026-04-13  	14:26:29  	00:00:21  	         	42.0     	40.3     	31.5     	30.7     	28.9     	35.0     	42.0     	61.1     	52.7     	57.5     	66.3     	56.9     	64.5     	64.9     	62.0     	74.4     	76.5     	73.8     	73.0     	73.8     	70.6     	67.2     	66.5     	68.7     	69.7     	73.1     	71.3     	69.0     	66.8     	62.7     	62.7     	61.7     	55.2     	48.1     	43.2     	37.8     
	2026-04-13  	14:26:30  	00:00:22  	         	40.6     	32.8     	34.6     	30.5     	35.3     	33.4     	34.6     	50.9     	37.5     	49.0     	59.0     	47.7     	59.4     	66.4     	61.2     	71.5     	75.4     	73.6     	77.2     	73.4     	70.1     	67.3     	67.1     	68.9     	71.0     	70.7     	73.1     	71.5     	68.2     	66.0     	66.0     	64.6     	58.4     	48.7     	44.8     	39.6     
	2026-04-13  	14:26:31  	00:00:23  	         	38.7     	34.1     	34.6     	31.5     	31.2     	36.5     	43.3     	51.7     	49.1     	57.1     	65.5     	66.3     	64.8     	65.5     	70.7     	75.1     	78.3     	73.0     	71.1     	72.7     	68.8     	68.6     	71.6     	71.0     	71.6     	72.8     	73.7     	70.8     	68.1     	65.5     	65.1     	62.5     	56.5     	48.2     	44.3     	40.2     
	2026-04-13  	14:26:32  	00:00:24  	         	39.2     	36.3     	32.1     	31.4     	32.4     	32.8     	35.6     	44.3     	43.7     	53.3     	66.3     	62.1     	65.0     	63.8     	65.6     	74.9     	77.0     	72.9     	68.4     	74.2     	69.7     	72.5     	70.4     	68.9     	76.5     	75.8     	72.2     	69.9     	67.5     	65.0     	65.1     	63.6     	57.8     	47.0     	40.6     	38.1     
	2026-04-13  	14:26:33  	00:00:25  	         	31.5     	35.3     	37.4     	34.7     	32.2     	37.6     	31.3     	37.9     	38.5     	49.9     	59.5     	49.6     	59.6     	64.6     	61.0     	74.5     	76.2     	73.0     	75.8     	77.2     	71.3     	68.7     	66.5     	65.7     	69.2     	75.0     	73.0     	70.2     	67.3     	64.1     	64.1     	63.4     	57.5     	48.9     	44.7     	39.8     
	2026-04-13  	14:26:34  	00:00:26  	         	37.3     	39.8     	33.1     	31.5     	33.5     	36.6     	38.3     	47.1     	41.0     	52.4     	61.5     	61.1     	62.8     	66.1     	66.5     	73.2     	74.3     	71.6     	79.1     	70.4     	73.2     	65.5     	65.7     	66.6     	68.6     	72.3     	72.2     	69.9     	67.3     	64.7     	66.1     	64.2     	57.6     	49.5     	45.6     	40.8     
	2026-04-13  	14:26:35  	00:00:27  	         	40.9     	34.8     	32.5     	35.3     	35.8     	36.2     	40.3     	53.4     	49.0     	56.2     	65.8     	65.9     	66.1     	65.5     	70.4     	75.9     	77.2     	72.2     	68.0     	74.5     	69.9     	70.0     	70.7     	72.1     	74.0     	76.5     	74.5     	72.8     	68.9     	65.2     	64.6     	63.1     	56.9     	47.9     	43.2     	40.7     
	2026-04-13  	14:26:36  	00:00:28  	         	39.5     	39.1     	32.6     	34.1     	31.5     	34.3     	41.0     	56.9     	52.2     	57.8     	66.3     	61.5     	63.1     	69.0     	65.6     	73.3     	75.3     	72.3     	71.1     	71.3     	73.9     	68.1     	67.4     	69.5     	73.5     	73.7     	71.4     	68.9     	66.6     	65.0     	65.1     	62.6     	56.8     	48.5     	43.4     	40.7     
	2026-04-13  	14:26:37  	00:00:29  	         	39.5     	36.1     	34.4     	30.5     	33.8     	36.1     	35.9     	58.7     	41.4     	51.1     	58.0     	49.7     	60.5     	61.0     	61.5     	73.3     	79.2     	75.9     	72.8     	71.0     	76.4     	68.8     	67.4     	69.7     	71.4     	77.4     	76.2     	72.4     	70.1     	68.3     	67.2     	66.3     	60.4     	49.3     	43.7     	39.2     
	2026-04-13  	14:26:38  	00:00:30  	         	43.4     	28.2     	36.1     	35.3     	31.6     	38.3     	41.4     	53.7     	46.6     	53.0     	61.7     	54.3     	61.9     	65.5     	65.2     	73.9     	73.5     	74.7     	73.8     	69.3     	70.2     	74.2     	75.1     	72.0     	74.1     	77.2     	74.8     	72.1     	68.8     	67.0     	65.2     	63.0     	57.7     	50.1     	46.9     	41.3     
	2026-04-13  	14:26:39  	00:00:31  	         	45.3     	37.0     	35.1     	35.3     	33.1     	31.3     	36.0     	42.1     	42.2     	49.7     	62.9     	52.7     	57.5     	64.7     	59.5     	71.5     	73.4     	74.8     	73.6     	69.3     	67.7     	65.9     	72.9     	65.9     	64.8     	64.4     	63.2     	62.9     	62.0     	61.4     	60.1     	57.9     	52.7     	47.2     	44.6     	39.1     
	2026-04-13  	14:26:40  	00:00:32  	         	40.6     	37.2     	32.5     	27.7     	32.2     	34.3     	32.9     	35.0     	38.4     	47.7     	63.7     	51.8     	58.5     	68.9     	58.8     	71.0     	73.2     	76.7     	68.7     	65.4     	69.7     	68.7     	67.1     	65.3     	69.1     	68.0     	67.2     	65.3     	65.4     	63.8     	60.5     	59.8     	55.4     	50.9     	48.4     	42.6     
	2026-04-13  	14:26:41  	00:00:33  	         	40.0     	35.5     	34.6     	37.2     	28.5     	36.1     	45.0     	49.8     	48.6     	54.1     	64.6     	64.3     	62.0     	67.0     	72.1     	73.2     	74.7     	76.8     	75.4     	73.5     	76.8     	74.6     	73.3     	74.7     	74.0     	72.9     	71.4     	72.7     	68.6     	65.1     	65.2     	62.8     	57.9     	51.5     	47.3     	42.3     
	2026-04-13  	14:26:42  	00:00:34  	         	39.2     	31.1     	35.4     	36.9     	40.9     	38.7     	49.3     	55.5     	51.1     	55.4     	63.8     	64.2     	61.9     	66.6     	70.5     	74.9     	74.3     	71.0     	75.3     	70.9     	71.7     	66.9     	65.8     	68.8     	69.7     	68.6     	67.4     	66.5     	62.6     	62.0     	60.6     	57.9     	53.4     	46.8     	43.7     	37.9     
	2026-04-13  	14:26:43  	00:00:35  	         	36.5     	37.9     	36.5     	38.1     	36.9     	37.8     	42.0     	39.0     	39.8     	49.3     	62.8     	53.6     	57.6     	68.6     	60.9     	70.7     	72.6     	71.0     	67.1     	70.9     	65.3     	63.3     	63.9     	64.2     	66.1     	64.4     	63.8     	64.7     	64.0     	62.4     	60.2     	59.1     	53.6     	48.6     	46.2     	40.2     
	2026-04-13  	14:26:44  	00:00:36  	         	40.9     	39.0     	37.4     	39.3     	33.3     	35.3     	36.9     	40.8     	38.3     	45.8     	63.0     	59.1     	57.9     	68.9     	68.0     	73.8     	73.5     	72.2     	74.2     	76.0     	73.9     	69.9     	67.6     	69.7     	69.3     	69.1     	67.9     	66.4     	65.9     	63.7     	61.5     	60.4     	55.7     	51.1     	48.5     	43.0     
	2026-04-13  	14:26:45  	00:00:37  	         	41.5     	33.4     	32.1     	35.7     	34.0     	38.9     	49.6     	56.1     	52.6     	58.8     	63.3     	65.4     	64.9     	67.5     	75.6     	74.0     	74.7     	71.5     	74.3     	73.0     	75.1     	68.1     	67.7     	68.7     	68.2     	69.9     	67.4     	65.1     	63.8     	62.1     	60.6     	59.4     	54.3     	49.2     	45.8     	40.4     
	2026-04-13  	14:26:46  	00:00:38  	         	48.6     	38.8     	30.7     	35.1     	35.0     	37.5     	47.1     	53.4     	44.4     	49.9     	64.0     	54.4     	56.0     	65.7     	60.6     	72.5     	75.5     	70.3     	73.8     	77.3     	67.8     	68.2     	68.9     	69.4     	74.2     	74.6     	72.5     	71.5     	66.9     	64.7     	63.7     	62.5     	56.5     	50.0     	44.5     	38.9     
	2026-04-13  	14:26:47  	00:00:39  	         	43.9     	42.0     	36.0     	33.3     	31.1     	33.3     	33.0     	37.6     	38.6     	49.2     	61.7     	54.0     	57.9     	68.6     	61.8     	71.2     	75.0     	72.9     	75.9     	76.9     	71.4     	72.0     	72.1     	71.6     	70.7     	67.9     	68.5     	68.5     	66.2     	64.2     	63.1     	62.2     	57.8     	51.3     	48.3     	42.5     
	2026-04-13  	14:26:48  	00:00:40  	         	47.0     	33.7     	36.9     	32.9     	33.5     	38.5     	43.7     	37.3     	38.4     	47.1     	60.0     	61.5     	55.5     	66.8     	71.4     	73.6     	72.7     	71.9     	73.4     	69.8     	72.3     	70.4     	69.1     	69.0     	69.7     	68.1     	66.2     	66.2     	64.5     	62.5     	60.8     	59.1     	54.3     	49.3     	46.5     	41.1     
	2026-04-13  	14:26:49  	00:00:41  	         	37.6     	37.6     	39.3     	33.0     	33.6     	39.7     	46.7     	58.0     	56.2     	59.6     	65.2     	65.0     	64.4     	69.6     	72.9     	73.3     	75.5     	70.6     	73.5     	73.8     	69.8     	69.7     	69.0     	67.9     	71.4     	72.9     	72.8     	68.1     	66.1     	63.3     	62.5     	61.7     	56.8     	49.3     	45.7     	40.5     
	2026-04-13  	14:26:50  	00:00:42  	         	38.1     	36.0     	34.6     	34.3     	30.0     	32.8     	36.9     	44.7     	39.3     	46.8     	62.2     	52.8     	57.1     	67.9     	61.2     	72.1     	75.2     	72.6     	75.1     	77.7     	68.5     	70.5     	71.0     	71.5     	73.6     	73.0     	71.7     	70.2     	66.8     	66.0     	64.9     	62.0     	56.2     	49.7     	45.2     	40.1     
	2026-04-13  	14:26:51  	00:00:43  	         	34.4     	35.3     	30.8     	32.1     	34.5     	34.3     	30.1     	37.2     	38.4     	48.7     	62.5     	51.5     	57.4     	69.0     	61.8     	71.8     	79.9     	74.4     	74.7     	77.7     	71.9     	74.3     	72.7     	73.3     	75.3     	71.3     	72.5     	70.7     	69.8     	67.4     	65.3     	63.2     	57.7     	51.7     	48.5     	42.8     
	2026-04-13  	14:26:52  	00:00:44  	         	41.0     	39.7     	32.3     	33.6     	33.4     	29.8     	35.1     	41.0     	39.7     	46.1     	57.7     	64.0     	56.6     	64.3     	72.3     	75.1     	75.5     	69.6     	75.2     	73.7     	75.8     	70.3     	69.8     	69.1     	70.1     	70.1     	69.2     	69.0     	66.5     	65.4     	62.9     	60.7     	55.0     	49.9     	47.0     	41.4     
	2026-04-13  	14:26:53  	00:00:45  	         	42.5     	32.8     	30.0     	37.9     	32.6     	31.9     	39.4     	52.9     	50.9     	56.9     	65.7     	68.4     	65.5     	69.1     	72.2     	72.6     	73.4     	70.0     	71.9     	73.6     	70.3     	67.3     	66.6     	66.1     	67.5     	72.3     	71.4     	65.9     	64.6     	62.3     	60.6     	60.0     	53.5     	45.7     	40.7     	37.2     
	2026-04-13  	14:26:54  	00:00:46  	         	34.0     	28.8     	28.8     	35.4     	36.5     	34.5     	36.8     	43.2     	42.4     	52.7     	63.6     	63.4     	65.3     	63.7     	67.2     	74.6     	75.6     	76.8     	69.2     	70.2     	73.9     	68.0     	71.9     	69.1     	68.7     	74.8     	75.1     	71.7     	70.0     	64.1     	63.7     	63.0     	57.1     	46.1     	39.9     	35.9     
	2026-04-13  	14:26:55  	00:00:47  	         	42.8     	35.1     	35.6     	31.5     	29.8     	30.4     	35.7     	39.4     	42.1     	49.4     	64.3     	51.7     	58.5     	67.4     	58.9     	72.2     	75.4     	76.3     	74.2     	78.0     	74.2     	71.2     	73.1     	71.7     	73.8     	73.1     	71.2     	70.3     	66.3     	62.9     	61.5     	60.6     	54.7     	47.1     	43.1     	37.3     
	2026-04-13  	14:26:56  	00:00:48  	         	42.7     	35.8     	34.0     	36.6     	34.2     	33.2     	32.5     	38.3     	38.3     	46.4     	57.6     	49.6     	58.6     	63.6     	58.0     	71.8     	74.9     	73.3     	79.9     	76.2     	69.3     	69.9     	72.4     	70.7     	70.4     	73.2     	74.1     	71.7     	68.7     	67.0     	66.3     	66.0     	60.5     	50.4     	46.4     	41.0     
	2026-04-13  	14:26:57  	00:00:49  	         	42.4     	40.9     	30.9     	33.5     	33.3     	32.4     	37.9     	42.8     	46.9     	52.8     	64.1     	66.3     	63.4     	63.4     	67.9     	75.6     	75.4     	75.3     	76.2     	73.4     	69.3     	68.5     	70.4     	68.5     	69.4     	74.0     	72.3     	70.4     	67.6     	64.3     	64.3     	63.3     	57.4     	47.7     	42.9     	38.8     
	2026-04-13  	14:26:58  	00:00:50  	         	42.9     	37.4     	32.3     	35.3     	30.8     	36.6     	39.6     	47.1     	52.1     	59.0     	66.6     	61.5     	65.6     	64.7     	65.7     	71.9     	74.9     	74.5     	69.8     	71.0     	71.0     	69.5     	69.1     	68.6     	72.6     	75.9     	72.4     	70.1     	68.4     	64.7     	63.7     	62.7     	55.8     	48.8     	41.3     	36.4     
	2026-04-13  	14:26:59  	00:00:51  	         	42.5     	33.3     	37.8     	33.9     	31.8     	34.6     	38.7     	60.9     	46.0     	49.8     	59.6     	57.3     	61.1     	63.7     	61.7     	71.1     	72.6     	72.2     	71.7     	73.5     	73.1     	71.4     	72.4     	70.9     	76.1     	76.7     	73.0     	73.6     	68.8     	64.1     	64.0     	63.8     	56.6     	47.7     	42.7     	37.1     
	2026-04-13  	14:27:00  	00:00:52  	         	38.4     	30.7     	36.8     	35.8     	35.6     	38.8     	39.2     	43.2     	45.3     	50.0     	61.1     	66.1     	60.4     	61.0     	70.1     	72.7     	78.7     	73.9     	75.1     	73.1     	70.2     	72.0     	70.6     	70.7     	72.8     	75.2     	74.5     	73.5     	71.4     	68.3     	67.3     	65.6     	58.5     	49.6     	45.2     	40.4     
	2026-04-13  	14:27:01  	00:00:53  	         	38.3     	36.7     	29.7     	32.9     	32.0     	33.6     	37.4     	41.6     	45.1     	53.7     	63.6     	64.9     	65.3     	64.3     	68.9     	74.8     	76.2     	73.3     	73.3     	70.9     	69.6     	69.2     	69.2     	70.2     	72.5     	72.0     	73.1     	71.3     	68.5     	65.6     	64.9     	63.8     	58.8     	48.6     	44.3     	40.0     
	2026-04-13  	14:27:02  	00:00:54  	         	36.7     	34.8     	31.8     	36.6     	33.8     	33.8     	33.7     	37.2     	39.3     	46.7     	64.6     	57.2     	59.8     	63.1     	60.2     	72.7     	77.1     	71.1     	71.2     	77.0     	69.3     	71.2     	69.0     	73.9     	74.1     	72.7     	72.3     	73.1     	68.2     	65.4     	65.1     	63.1     	57.2     	47.4     	42.5     	38.0     
	2026-04-13  	14:27:03  	00:00:55  	         	44.0     	39.2     	33.7     	32.0     	35.6     	33.2     	33.2     	38.4     	38.2     	50.7     	57.9     	50.2     	60.8     	65.4     	59.9     	74.1     	74.8     	72.4     	79.2     	76.6     	72.6     	73.1     	73.0     	70.7     	68.9     	69.4     	72.1     	72.0     	66.4     	64.3     	63.0     	62.8     	57.4     	48.2     	44.6     	39.4     
	2026-04-13  	14:27:04  	00:00:56  	         	42.1     	40.7     	30.4     	33.6     	31.6     	35.4     	45.8     	55.2     	53.2     	58.8     	63.5     	65.7     	66.6     	66.6     	70.8     	71.9     	74.5     	70.0     	75.9     	72.2     	65.7     	68.7     	72.3     	71.9     	71.7     	75.7     	77.7     	71.0     	67.4     	63.6     	61.9     	60.7     	53.7     	48.0     	44.3     	39.1     
	2026-04-13  	14:27:05  	00:00:57  	         	41.8     	33.8     	34.4     	38.5     	34.1     	33.8     	34.9     	42.4     	44.7     	53.4     	63.4     	63.3     	63.8     	63.8     	67.1     	74.9     	73.2     	72.9     	71.9     	73.6     	72.4     	71.8     	70.2     	72.9     	75.8     	74.7     	73.6     	71.3     	67.7     	67.2     	65.2     	63.5     	58.6     	48.9     	43.1     	39.6     
	2026-04-13  	14:27:06  	00:00:58  	         	38.3     	40.4     	34.2     	34.7     	33.8     	31.9     	39.2     	59.9     	51.8     	56.9     	66.7     	60.1     	63.7     	66.9     	70.2     	74.1     	73.4     	74.3     	74.2     	74.1     	74.1     	72.8     	70.5     	69.5     	72.7     	72.0     	72.9     	69.3     	65.6     	63.6     	61.9     	59.7     	53.6     	46.5     	43.2     	38.4     
	2026-04-13  	14:27:07  	00:00:59  	         	37.9     	33.0     	33.9     	32.8     	34.9     	35.3     	35.2     	48.8     	39.8     	47.9     	62.5     	66.4     	58.9     	65.1     	72.6     	71.2     	70.3     	73.5     	75.5     	71.1     	72.5     	69.1     	68.4     	71.8     	72.1     	72.4     	73.0     	67.9     	64.7     	62.7     	63.5     	63.5     	57.8     	49.7     	46.2     	40.5     
	2026-04-13  	14:27:08  	00:01:00  	         	34.9     	37.5     	36.6     	33.0     	33.6     	33.6     	44.3     	49.3     	47.1     	54.3     	63.8     	66.2     	63.9     	65.1     	70.7     	74.3     	74.3     	72.0     	73.8     	74.9     	71.7     	74.9     	72.9     	75.2     	73.6     	75.6     	73.5     	71.0     	66.5     	65.9     	64.0     	62.1     	57.3     	47.2     	42.7     	38.9     
	2026-04-13  	14:27:09  	00:01:01  	         	40.9     	37.6     	34.6     	34.0     	32.9     	35.8     	39.9     	43.2     	44.4     	53.0     	66.5     	62.1     	65.0     	66.9     	66.4     	72.9     	75.0     	73.6     	72.7     	74.9     	71.5     	69.9     	67.9     	67.4     	70.3     	73.0     	72.6     	69.2     	66.5     	65.6     	62.2     	61.1     	55.1     	45.4     	39.0     	34.3     
	2026-04-13  	14:27:10  	00:01:02  	         	42.6     	37.2     	32.7     	33.4     	33.8     	34.0     	36.4     	37.9     	38.8     	49.7     	58.5     	49.0     	61.0     	67.7     	65.9     	70.4     	74.2     	76.0     	73.0     	72.3     	74.2     	73.6     	72.1     	69.6     	76.9     	75.5     	74.2     	72.7     	68.0     	65.8     	65.3     	64.8     	57.8     	48.1     	43.3     	37.4     
	2026-04-13  	14:27:11  	00:01:03  	         	45.0     	39.9     	32.2     	33.8     	35.0     	32.8     	34.3     	48.8     	46.2     	55.8     	63.6     	62.4     	63.4     	64.0     	66.1     	67.3     	73.3     	73.0     	70.5     	71.7     	73.0     	72.7     	70.9     	68.5     	74.3     	75.3     	74.9     	71.7     	68.0     	65.8     	64.6     	63.7     	58.6     	50.3     	45.9     	40.4     
	2026-04-13  	14:27:12  	00:01:04  	         	42.3     	33.0     	28.9     	37.5     	34.2     	34.9     	39.5     	46.9     	45.8     	54.1     	63.7     	64.3     	64.9     	63.8     	66.4     	75.1     	74.6     	74.1     	71.7     	71.6     	73.7     	70.7     	67.9     	70.6     	73.5     	76.4     	74.5     	72.5     	68.9     	65.5     	64.7     	63.0     	58.0     	48.8     	42.9     	38.6     
	2026-04-13  	14:27:13  	00:01:05  	         	42.0     	34.9     	36.7     	32.8     	30.9     	33.8     	38.9     	58.4     	52.0     	57.0     	65.6     	59.3     	63.1     	65.0     	65.5     	71.8     	74.9     	72.6     	70.8     	71.1     	72.2     	72.5     	73.6     	75.4     	73.4     	71.9     	72.4     	69.9     	66.8     	64.4     	62.4     	60.2     	54.3     	46.6     	40.3     	35.7     
	2026-04-13  	14:27:14  	00:01:06  	         	38.6     	36.9     	37.3     	37.0     	32.8     	32.1     	33.4     	56.9     	40.8     	49.4     	57.2     	57.6     	59.9     	67.4     	64.5     	74.5     	75.5     	73.5     	74.0     	75.2     	72.7     	70.1     	69.5     	71.7     	72.8     	74.4     	73.0     	71.4     	67.5     	64.8     	64.8     	64.2     	58.9     	49.3     	45.5     	40.0     
	2026-04-13  	14:27:15  	00:01:07  	         	41.3     	31.0     	35.6     	36.7     	34.3     	40.2     	48.9     	55.1     	55.7     	58.5     	63.0     	67.5     	64.6     	66.0     	70.3     	70.6     	75.2     	70.4     	71.8     	69.5     	72.3     	65.7     	65.8     	66.8     	67.7     	73.6     	72.8     	69.6     	70.2     	67.1     	65.8     	66.5     	60.5     	49.6     	45.2     	40.8     
	2026-04-13  	14:27:16  	00:01:08  	         	42.6     	39.0     	36.5     	34.8     	34.9     	38.8     	42.2     	46.6     	44.1     	54.2     	63.5     	63.1     	65.1     	64.0     	67.2     	74.1     	76.4     	73.0     	68.6     	74.0     	72.2     	73.3     	71.9     	73.8     	76.0     	74.7     	73.4     	72.2     	68.9     	64.7     	63.7     	62.8     	56.5     	45.8     	40.2     	36.8     
	2026-04-13  	14:27:17  	00:01:09  	         	45.5     	40.9     	37.1     	37.3     	34.0     	30.5     	32.7     	39.5     	40.5     	49.9     	65.4     	54.5     	61.7     	64.3     	65.5     	75.3     	76.4     	73.0     	75.4     	74.1     	69.8     	69.6     	67.5     	66.0     	69.6     	74.6     	74.2     	69.0     	66.4     	65.1     	65.3     	63.2     	56.2     	47.8     	44.2     	40.0     
	2026-04-13  	14:27:18  	00:01:10  	         	41.8     	41.9     	32.9     	35.5     	29.0     	34.0     	32.9     	36.3     	35.2     	48.1     	57.6     	48.7     	60.3     	66.3     	64.9     	70.6     	74.3     	73.2     	74.2     	75.5     	71.5     	68.9     	68.2     	71.1     	70.6     	73.0     	74.4     	72.3     	68.6     	66.4     	65.3     	65.0     	58.8     	49.3     	45.5     	40.7     
	2026-04-13  	14:27:19  	00:01:11  	         	43.0     	39.1     	38.5     	33.9     	35.1     	38.8     	47.6     	55.8     	57.6     	60.2     	64.4     	66.0     	66.4     	68.1     	71.1     	73.5     	76.2     	74.3     	70.7     	72.8     	68.5     	70.0     	69.8     	70.8     	71.5     	73.4     	71.4     	69.5     	68.3     	65.5     	65.1     	64.5     	58.9     	48.7     	43.8     	41.0     
	2026-04-13  	14:27:20  	00:01:12  	         	39.6     	42.1     	33.2     	37.4     	36.0     	34.2     	36.3     	41.9     	41.7     	52.2     	65.8     	62.5     	65.5     	69.1     	68.2     	73.9     	74.3     	72.7     	70.7     	74.2     	69.2     	72.5     	70.8     	69.9     	74.1     	71.6     	70.3     	69.8     	67.9     	66.9     	66.9     	65.1     	59.2     	48.3     	43.6     	42.1     
	2026-04-13  	14:27:21  	00:01:13  	         	39.1     	38.9     	33.0     	31.2     	35.1     	33.2     	39.3     	60.6     	51.6     	56.6     	62.0     	60.5     	63.9     	67.0     	70.2     	74.6     	75.6     	75.2     	76.5     	75.2     	71.5     	69.8     	67.6     	67.3     	68.4     	71.8     	72.1     	69.4     	67.0     	64.8     	62.6     	62.4     	56.5     	47.6     	44.3     	39.0     
	2026-04-13  	14:27:22  	00:01:14  	         	36.6     	38.2     	34.7     	34.2     	33.2     	33.4     	39.4     	47.9     	44.3     	51.8     	61.6     	65.3     	62.9     	66.4     	74.5     	71.0     	74.1     	71.9     	75.2     	70.9     	70.5     	71.8     	71.6     	71.2     	73.2     	74.6     	74.0     	71.0     	67.0     	65.1     	63.5     	61.9     	56.5     	50.2     	46.7     	41.1     
	2026-04-13  	14:27:23  	00:01:15  	         	38.6     	44.4     	35.1     	38.0     	31.4     	34.9     	39.3     	51.7     	45.4     	48.0     	63.8     	51.3     	56.0     	68.9     	58.7     	72.1     	72.8     	74.1     	71.8     	71.3     	70.2     	71.7     	69.9     	73.7     	73.4     	74.2     	69.0     	69.0     	65.5     	63.8     	62.2     	58.7     	53.6     	46.7     	43.1     	37.4     
	2026-04-13  	14:27:24  	00:01:16  	         	37.4     	35.6     	32.5     	34.1     	32.4     	33.1     	32.8     	37.3     	40.3     	49.4     	62.3     	53.0     	58.6     	68.0     	61.9     	69.3     	72.0     	73.9     	70.9     	69.6     	65.9     	65.4     	63.0     	67.3     	70.4     	68.8     	65.7     	65.6     	64.9     	64.0     	61.4     	60.8     	56.1     	50.8     	48.5     	42.9     
	2026-04-13  	14:27:25  	00:01:17  	         	41.9     	34.1     	38.6     	36.7     	31.7     	32.1     	30.4     	37.8     	41.5     	50.4     	59.8     	61.2     	59.1     	67.4     	71.6     	73.5     	74.2     	75.8     	72.8     	73.9     	74.6     	73.2     	71.8     	73.1     	74.4     	73.7     	71.4     	71.5     	67.8     	65.6     	64.7     	62.6     	58.2     	51.3     	47.0     	42.1     
	2026-04-13  	14:27:26  	00:01:18  	         	43.8     	40.2     	31.3     	33.4     	34.2     	35.1     	50.1     	58.3     	50.9     	57.8     	63.2     	65.1     	62.1     	65.9     	74.4     	73.8     	75.1     	71.6     	74.6     	71.0     	71.8     	71.8     	72.3     	74.0     	73.3     	71.0     	69.6     	67.8     	64.8     	64.1     	62.5     	60.8     	55.5     	49.2     	45.8     	40.8     
	2026-04-13  	14:27:27  	00:01:19  	         	40.0     	37.7     	23.9     	27.0     	31.1     	34.9     	38.4     	38.0     	42.8     	49.5     	62.2     	53.0     	57.0     	64.6     	57.4     	71.7     	72.8     	69.4     	68.6     	66.8     	64.3     	64.1     	62.7     	62.0     	63.4     	65.5     	63.4     	63.4     	61.6     	62.2     	59.9     	58.4     	53.5     	47.3     	44.6     	39.0     
	2026-04-13  	14:27:28  	00:01:20  	         	38.9     	35.9     	31.5     	36.5     	31.2     	40.3     	47.4     	55.5     	53.8     	59.4     	65.7     	58.5     	63.0     	70.3     	69.1     	71.8     	74.0     	72.0     	70.0     	73.2     	66.7     	65.5     	66.0     	70.5     	70.6     	69.5     	69.1     	66.0     	63.9     	62.5     	59.9     	58.9     	54.7     	50.4     	47.8     	42.2     
	2026-04-13  	14:27:29  	00:01:21  	         	40.7     	33.9     	34.7     	31.0     	33.0     	34.7     	36.0     	39.7     	40.0     	47.0     	56.9     	64.9     	56.2     	65.1     	69.0     	73.5     	74.5     	67.3     	70.1     	67.9     	70.1     	66.7     	68.1     	69.3     	72.3     	71.4     	66.1     	66.7     	64.6     	63.3     	62.3     	60.4     	55.5     	50.4     	47.3     	41.7     
	2026-04-13  	14:27:30  	00:01:22  	         	35.3     	37.0     	31.3     	30.4     	32.5     	36.9     	46.1     	54.2     	50.9     	55.4     	63.5     	61.2     	59.6     	70.2     	70.8     	73.0     	74.9     	70.7     	72.2     	76.5     	68.6     	71.3     	70.9     	71.2     	74.1     	75.7     	74.6     	71.8     	66.6     	64.2     	62.8     	62.0     	57.3     	49.4     	44.4     	38.8     
	2026-04-13  	14:27:31  	00:01:23  	         	42.0     	37.7     	33.3     	36.5     	33.4     	36.4     	31.9     	35.2     	39.0     	49.1     	60.9     	52.9     	56.5     	68.5     	57.2     	71.6     	77.0     	71.9     	78.0     	77.1     	72.1     	75.5     	71.2     	72.0     	71.6     	69.4     	69.6     	67.5     	65.7     	64.7     	63.8     	61.5     	56.3     	50.4     	46.4     	40.6     
	2026-04-13  	14:27:32  	00:01:24  	         	42.4     	35.6     	32.0     	36.8     	33.4     	33.7     	36.0     	35.8     	35.2     	45.1     	60.8     	51.2     	55.2     	63.6     	60.2     	73.9     	71.8     	69.0     	71.0     	67.3     	71.0     	68.8     	67.5     	70.0     	72.0     	69.5     	67.9     	68.4     	65.6     	64.1     	61.2     	60.6     	56.0     	51.3     	48.6     	43.0     
	2026-04-13  	14:27:33  	00:01:25  	         	38.2     	33.6     	36.9     	34.3     	34.0     	35.1     	34.7     	41.2     	48.4     	49.8     	61.9     	67.8     	62.8     	68.3     	72.3     	73.0     	73.7     	69.1     	71.9     	72.5     	71.7     	67.1     	71.3     	73.2     	71.7     	72.9     	70.2     	66.9     	65.1     	63.7     	61.8     	60.7     	54.9     	49.0     	45.8     	40.3     
	2026-04-13  	14:27:34  	00:01:26  	         	42.2     	36.1     	32.8     	34.7     	28.8     	36.8     	43.0     	53.7     	47.8     	50.1     	62.4     	51.4     	56.1     	70.0     	66.6     	72.7     	74.5     	69.6     	76.6     	76.4     	69.3     	71.8     	70.2     	72.0     	75.1     	74.5     	74.2     	71.0     	66.6     	64.5     	64.2     	61.7     	56.1     	49.3     	44.2     	38.4     
	2026-04-13  	14:27:35  	00:01:27  	         	43.7     	38.7     	33.9     	33.9     	31.3     	32.9     	33.8     	36.8     	38.5     	48.3     	61.7     	52.8     	59.1     	64.3     	58.9     	69.7     	74.1     	72.0     	74.3     	78.1     	71.6     	74.8     	72.8     	72.1     	76.5     	70.6     	71.9     	70.7     	67.9     	64.7     	64.2     	61.7     	57.0     	51.4     	48.2     	42.6     
	2026-04-13  	14:27:36  	00:01:28  	         	37.9     	35.9     	32.4     	31.4     	36.3     	29.2     	34.8     	37.4     	38.1     	47.6     	59.0     	59.3     	57.8     	67.1     	68.2     	75.4     	79.5     	73.1     	72.9     	69.7     	71.0     	72.2     	73.4     	74.7     	75.0     	74.6     	73.2     	72.3     	71.1     	70.2     	67.3     	65.8     	58.9     	50.6     	46.9     	41.8     
	2026-04-13  	14:27:37  	00:01:29  	         	37.3     	37.6     	36.4     	29.9     	32.4     	31.6     	44.6     	52.3     	47.3     	54.0     	60.7     	66.1     	61.5     	67.2     	71.4     	73.6     	77.1     	72.5     	73.2     	68.9     	68.9     	73.6     	74.2     	74.2     	76.8     	77.1     	74.2     	73.0     	68.9     	67.4     	66.0     	62.6     	57.0     	49.9     	46.4     	41.3     
	2026-04-13  	14:27:38  	00:01:30  	         	44.8     	35.0     	36.6     	33.5     	32.1     	33.4     	40.1     	43.8     	37.7     	45.2     	62.1     	51.9     	56.3     	64.6     	58.1     	71.8     	73.9     	75.8     	73.9     	71.9     	75.2     	76.0     	77.1     	72.4     	77.8     	78.0     	75.4     	72.7     	67.5     	67.0     	64.9     	61.2     	55.3     	49.7     	45.5     	40.1     
	2026-04-13  	14:27:39  	00:01:31  	         	39.7     	32.1     	36.6     	31.3     	34.2     	32.9     	39.3     	60.0     	53.4     	58.5     	63.5     	57.0     	63.7     	69.1     	62.6     	70.8     	73.0     	74.1     	67.9     	65.9     	66.3     	65.1     	63.9     	67.7     	71.1     	69.0     	67.1     	66.4     	64.6     	63.0     	61.3     	60.1     	55.2     	50.5     	48.0     	42.3     
	2026-04-13  	14:27:40  	00:01:32  	         	44.6     	44.2     	38.2     	33.7     	33.9     	30.3     	31.2     	53.5     	42.5     	49.2     	58.0     	61.8     	58.4     	65.5     	73.1     	72.2     	72.8     	73.8     	74.2     	71.3     	76.2     	72.2     	72.6     	75.9     	76.0     	76.5     	72.2     	72.5     	68.3     	65.9     	66.1     	63.6     	57.6     	50.8     	47.2     	41.9     
	2026-04-13  	14:27:41  	00:01:33  	         	42.6     	41.1     	36.6     	31.4     	34.1     	38.3     	49.5     	55.5     	49.3     	55.1     	63.2     	62.6     	62.5     	65.9     	71.5     	73.1     	73.4     	71.1     	73.5     	70.3     	72.9     	67.6     	69.1     	73.6     	70.9     	70.6     	67.4     	66.1     	63.8     	62.7     	59.9     	58.9     	53.5     	46.7     	43.4     	38.1     
	2026-04-13  	14:27:42  	00:01:34  	         	42.9     	31.4     	38.3     	32.4     	33.5     	28.5     	32.6     	38.4     	39.2     	49.3     	61.9     	51.9     	57.2     	68.3     	57.9     	68.3     	70.7     	69.2     	68.1     	64.3     	65.7     	66.2     	63.3     	64.3     	65.7     	66.1     	65.7     	64.8     	63.5     	62.8     	60.8     	58.7     	53.2     	48.1     	45.6     	39.8     
	2026-04-13  	14:27:43  	00:01:35  	         	42.4     	29.5     	32.8     	33.7     	33.2     	34.3     	30.5     	37.0     	35.0     	44.4     	61.2     	47.1     	56.2     	65.7     	58.4     	69.6     	73.0     	70.7     	66.6     	61.9     	67.1     	68.5     	70.9     	72.2     	72.6     	70.7     	66.7     	64.6     	63.1     	62.5     	60.1     	59.1     	54.8     	50.2     	47.9     	42.5     
	2026-04-13  	14:27:44  	00:01:36  	         	44.0     	41.4     	30.5     	35.2     	34.8     	31.4     	47.0     	53.2     	49.2     	53.1     	59.5     	66.0     	64.1     	68.3     	73.4     	73.3     	74.4     	69.0     	71.9     	71.4     	70.2     	68.9     	73.8     	72.9     	72.9     	72.5     	68.0     	66.5     	65.3     	63.5     	61.9     	60.6     	55.6     	50.4     	47.0     	41.6     
	2026-04-13  	14:27:45  	00:01:37  	         	42.8     	37.7     	39.9     	36.0     	39.3     	40.2     	49.6     	55.0     	49.7     	55.9     	64.9     	55.7     	61.7     	70.3     	67.4     	72.2     	74.4     	74.9     	74.4     	76.8     	67.8     	70.5     	70.2     	71.8     	72.8     	75.7     	74.1     	71.0     	67.8     	64.2     	63.6     	61.8     	56.2     	49.4     	45.0     	39.2     
	2026-04-13  	14:27:46  	00:01:38  	         	41.4     	32.9     	31.7     	35.7     	36.8     	35.0     	40.5     	40.0     	39.7     	49.3     	61.6     	51.7     	58.4     	62.7     	60.1     	71.3     	76.2     	72.1     	76.1     	75.5     	72.3     	71.9     	70.6     	70.8     	70.3     	66.6     	66.8     	67.9     	65.4     	63.7     	62.0     	61.5     	57.5     	51.6     	48.1     	42.1     
	2026-04-13  	14:27:47  	00:01:39  	         	39.0     	34.0     	37.1     	37.3     	32.2     	29.3     	34.7     	38.1     	39.4     	47.4     	60.2     	59.4     	57.7     	67.9     	71.2     	73.3     	72.5     	70.5     	68.4     	70.2     	70.5     	67.8     	70.6     	75.5     	74.4     	69.5     	65.1     	66.1     	64.9     	63.3     	60.6     	59.7     	54.2     	49.4     	46.7     	41.1     
	2026-04-13  	14:27:48  	00:01:40  	         	39.8     	39.6     	33.6     	37.4     	37.5     	33.6     	45.0     	52.4     	45.5     	54.0     	60.9     	66.6     	63.7     	70.1     	73.4     	72.4     	75.1     	72.7     	75.8     	72.7     	69.5     	68.2     	71.5     	72.7     	73.5     	73.2     	73.8     	68.2     	64.9     	63.8     	62.4     	60.7     	55.1     	49.0     	45.7     	40.5     
	2026-04-13  	14:27:49  	00:01:41  	         	38.9     	39.5     	37.8     	34.9     	34.5     	32.8     	40.6     	46.2     	42.0     	46.1     	62.4     	49.7     	54.6     	69.4     	59.8     	72.3     	74.5     	69.9     	77.5     	75.4     	67.0     	70.0     	68.4     	67.4     	74.2     	77.0     	75.3     	71.9     	66.8     	64.6     	64.5     	62.7     	56.8     	48.7     	43.0     	37.7     
	2026-04-13  	14:27:50  	00:01:42  	         	37.8     	42.5     	36.8     	32.9     	33.7     	34.9     	35.0     	39.7     	40.5     	48.2     	62.5     	53.3     	59.4     	65.2     	59.9     	72.2     	75.9     	75.7     	76.9     	78.5     	71.6     	74.3     	73.4     	73.3     	78.3     	72.0     	73.3     	70.5     	67.8     	65.4     	62.9     	61.4     	56.7     	52.3     	49.0     	43.5     
	2026-04-13  	14:27:51  	00:01:43  	         	44.9     	37.1     	34.0     	34.8     	31.5     	33.3     	36.6     	35.5     	46.0     	54.6     	57.9     	63.1     	65.0     	67.2     	75.0     	74.2     	73.7     	69.1     	69.5     	69.8     	72.4     	71.5     	74.3     	72.7     	76.1     	75.7     	71.7     	71.1     	68.9     	66.2     	63.4     	61.8     	55.1     	49.0     	46.5     	40.9     
	2026-04-13  	14:27:52  	00:01:44  	         	42.2     	36.7     	31.8     	30.4     	36.8     	36.1     	44.8     	53.4     	46.9     	54.0     	60.1     	65.7     	61.1     	65.2     	72.3     	72.4     	71.6     	67.8     	70.9     	74.0     	75.6     	73.8     	71.8     	73.3     	73.9     	74.7     	69.7     	66.9     	64.0     	64.0     	60.6     	58.7     	51.8     	44.5     	41.9     	36.8     
	2026-04-13  	14:27:53  	00:01:45  	         	42.6     	35.1     	28.5     	34.8     	33.5     	33.3     	36.1     	36.7     	35.0     	34.1     	36.5     	42.1     	43.8     	50.8     	54.6     	70.0     	71.6     	64.6     	64.3     	56.7     	60.7     	61.8     	59.7     	61.4     	63.2     	64.0     	64.0     	64.4     	62.6     	62.3     	60.6     	58.3     	53.0     	47.5     	44.8     	39.6     
	2026-04-13  	14:27:54  	00:01:46  	         	37.0     	35.5     	38.1     	32.6     	34.5     	33.0     	34.5     	35.1     	35.1     	37.3     	40.1     	39.4     	43.7     	47.6     	56.7     	70.3     	70.6     	67.9     	68.8     	70.1     	74.3     	66.1     	65.9     	65.4     	65.9     	66.8     	66.4     	64.2     	63.9     	62.8     	60.6     	59.6     	55.3     	51.2     	48.9     	42.7     
	2026-04-13  	14:27:55  	00:01:47  	         	41.1     	32.3     	33.9     	36.5     	33.7     	36.7     	34.5     	35.9     	37.1     	44.2     	50.4     	47.4     	54.7     	58.8     	61.0     	73.1     	76.5     	70.3     	74.9     	66.6     	74.1     	75.2     	74.3     	77.1     	75.2     	71.8     	71.0     	69.7     	67.7     	66.7     	65.4     	63.3     	57.5     	50.7     	47.3     	42.1     
	2026-04-13  	14:27:56  	00:01:48  	         	43.8     	34.8     	35.2     	38.0     	34.2     	35.0     	47.1     	53.2     	46.1     	53.7     	57.9     	50.6     	58.4     	59.4     	63.4     	69.7     	70.3     	68.5     	75.7     	72.8     	71.1     	72.5     	69.7     	72.6     	74.0     	70.3     	67.7     	66.9     	63.4     	62.9     	59.9     	58.5     	52.9     	47.0     	44.3     	38.5     
	2026-04-13  	14:27:57  	00:01:49  	         	40.7     	32.6     	34.1     	35.5     	34.2     	33.9     	35.7     	32.1     	32.9     	36.2     	41.7     	45.6     	48.6     	52.1     	58.8     	71.9     	75.7     	72.4     	70.9     	64.9     	64.4     	66.5     	72.9     	70.7     	70.1     	70.0     	69.0     	68.3     	67.2     	65.6     	63.5     	61.3     	56.0     	50.4     	47.7     	41.9     
	2026-04-13  	14:27:58  	00:01:50  	         	42.5     	33.8     	35.4     	29.8     	33.3     	34.4     	32.2     	36.4     	33.3     	36.5     	42.6     	47.8     	49.6     	58.3     	61.9     	74.7     	77.5     	77.8     	72.7     	68.7     	70.7     	71.2     	74.2     	76.9     	72.2     	71.5     	71.9     	70.2     	69.5     	67.8     	66.0     	64.4     	58.8     	51.2     	48.3     	43.1     
	2026-04-13  	14:27:59  	00:01:51  	         	41.6     	37.4     	34.7     	32.2     	36.9     	33.6     	38.8     	51.5     	47.5     	54.2     	63.2     	63.8     	62.4     	68.5     	69.4     	70.3     	72.0     	72.1     	70.1     	65.8     	67.7     	70.9     	73.3     	78.8     	70.5     	68.9     	70.0     	65.4     	66.6     	67.6     	63.3     	60.2     	54.8     	49.1     	46.6     	40.9     
	2026-04-13  	14:28:00  	00:01:52  	         	42.2     	35.3     	33.1     	32.2     	35.1     	36.2     	39.4     	49.6     	43.7     	48.3     	56.6     	64.6     	54.3     	60.6     	68.0     	73.6     	72.7     	71.7     	67.5     	66.9     	68.8     	72.1     	69.9     	77.1     	70.6     	68.8     	70.1     	65.4     	65.3     	64.9     	63.8     	62.8     	57.6     	47.5     	44.2     	40.4     
	2026-04-13  	14:28:01  	00:01:53  	         	34.7     	32.7     	36.8     	37.8     	34.3     	35.7     	31.4     	35.7     	39.1     	44.9     	60.0     	58.1     	57.0     	62.1     	62.5     	72.8     	75.3     	71.9     	68.7     	67.5     	73.6     	70.2     	67.9     	78.4     	72.4     	68.4     	71.9     	66.5     	64.8     	64.0     	62.3     	61.2     	56.2     	50.8     	48.2     	42.3     
	2026-04-13  	14:28:02  	00:01:54  	         	34.4     	37.6     	35.1     	33.0     	33.5     	31.6     	33.2     	39.5     	37.9     	49.3     	58.0     	49.6     	60.7     	65.7     	60.4     	74.1     	75.4     	73.0     	72.7     	68.8     	72.8     	71.1     	69.9     	77.6     	69.4     	69.0     	70.3     	67.9     	66.5     	65.4     	64.8     	62.5     	57.6     	51.1     	48.4     	44.0     
	2026-04-13  	14:28:03  	00:01:55  	         	43.5     	33.1     	34.3     	36.8     	32.9     	37.0     	42.4     	53.5     	48.9     	55.1     	61.8     	65.1     	62.1     	64.9     	68.7     	74.4     	73.5     	69.6     	65.1     	69.6     	68.9     	74.2     	72.3     	70.7     	75.9     	73.0     	73.7     	70.2     	69.0     	68.3     	67.3     	68.3     	63.2     	50.2     	43.8     	40.2     
	2026-04-13  	14:28:04  	00:01:56  	         	40.0     	32.5     	32.4     	36.3     	32.7     	30.0     	35.0     	38.3     	37.9     	45.5     	57.6     	63.8     	58.8     	62.4     	69.6     	72.3     	72.3     	70.7     	70.6     	77.0     	69.6     	70.8     	68.5     	69.9     	76.1     	69.6     	73.0     	68.9     	65.6     	64.1     	64.2     	61.9     	56.9     	47.9     	44.9     	41.5     
	2026-04-13  	14:28:05  	00:01:57  	         	41.3     	35.0     	36.2     	32.2     	33.4     	31.4     	31.2     	37.2     	38.9     	47.2     	60.7     	52.0     	58.6     	68.6     	59.8     	72.6     	75.6     	75.0     	77.3     	70.8     	70.5     	73.8     	68.6     	72.0     	74.7     	70.3     	71.9     	70.7     	65.7     	65.1     	65.3     	63.3     	58.0     	51.5     	48.7     	43.8     
	2026-04-13  	14:28:06  	00:01:58  	         	33.6     	39.5     	36.6     	33.9     	37.0     	34.4     	32.5     	37.8     	37.3     	48.4     	54.8     	63.3     	57.1     	59.2     	66.5     	72.9     	74.1     	70.1     	73.6     	74.3     	70.8     	75.4     	72.6     	69.8     	77.5     	72.8     	71.8     	68.8     	66.6     	65.5     	65.0     	63.7     	57.9     	50.0     	46.8     	43.0     
	2026-04-13  	14:28:07  	00:01:59  	         	42.0     	34.4     	33.6     	37.2     	33.0     	38.3     	44.9     	52.0     	47.8     	54.6     	60.2     	64.6     	61.4     	64.8     	70.5     	72.9     	73.4     	71.5     	70.2     	73.2     	72.8     	76.8     	69.1     	68.4     	73.0     	74.9     	70.7     	68.1     	64.6     	63.8     	63.1     	61.1     	54.4     	46.9     	44.3     	39.5     
	2026-04-13  	14:28:08  	00:02:00  	         	35.0     	38.9     	33.5     	33.9     	31.3     	32.0     	35.9     	38.7     	38.1     	45.5     	58.0     	62.0     	60.1     	67.7     	68.2     	73.6     	74.5     	80.0     	74.2     	71.7     	70.3     	72.3     	68.1     	69.4     	70.6     	70.2     	70.6     	67.9     	66.7     	65.5     	64.6     	63.4     	57.2     	49.2     	46.5     	41.2     
	2026-04-13  	14:28:09  	00:02:01  	         	41.7     	40.0     	32.2     	31.2     	34.9     	33.3     	34.3     	36.6     	37.7     	48.7     	58.5     	50.5     	58.3     	65.4     	60.5     	73.7     	74.5     	72.8     	76.9     	75.8     	72.9     	73.0     	70.3     	74.5     	74.2     	70.7     	70.9     	67.7     	65.8     	64.7     	64.1     	62.1     	57.1     	51.4     	48.6     	44.0     
	2026-04-13  	14:28:10  	00:02:02  	         	41.4     	36.8     	29.2     	33.7     	28.1     	33.0     	36.4     	40.7     	50.5     	52.5     	60.1     	60.9     	63.6     	64.7     	65.0     	70.4     	73.9     	70.1     	72.4     	75.6     	69.8     	74.1     	72.1     	71.9     	76.6     	72.2     	74.0     	70.5     	67.5     	66.3     	65.7     	65.2     	58.9     	49.5     	46.3     	42.3     
	2026-04-13  	14:28:11  	00:02:03  	         	43.8     	39.5     	35.2     	32.6     	36.0     	39.2     	47.8     	46.6     	49.2     	49.3     	56.5     	65.4     	57.3     	58.4     	65.4     	73.3     	73.8     	71.5     	67.5     	71.3     	77.7     	72.1     	70.1     	69.5     	74.4     	75.0     	73.4     	69.2     	65.2     	63.6     	63.9     	61.4     	55.8     	47.2     	43.1     	40.6     
	2026-04-13  	14:28:12  	00:02:04  	         	37.4     	35.9     	37.0     	34.2     	32.4     	34.7     	36.6     	38.4     	48.3     	55.9     	61.4     	61.0     	67.5     	69.7     	67.1     	72.5     	74.1     	72.9     	73.6     	71.2     	69.6     	74.6     	68.1     	70.1     	78.1     	69.6     	72.0     	67.9     	65.5     	64.2     	62.2     	61.8     	57.1     	50.4     	47.5     	42.1     
	2026-04-13  	14:28:13  	00:02:05  	         	40.4     	30.4     	33.9     	38.0     	30.5     	35.1     	34.9     	41.7     	49.3     	59.0     	59.1     	60.4     	67.8     	69.9     	67.3     	73.5     	70.6     	71.7     	76.5     	69.6     	70.7     	74.4     	67.5     	70.2     	74.4     	67.0     	70.1     	65.5     	62.8     	60.7     	58.3     	57.3     	52.7     	49.3     	47.1     	41.7     
	2026-04-13  	14:28:14  	00:02:06  	         	44.6     	35.9     	31.2     	32.1     	31.8     	34.2     	37.0     	42.0     	55.4     	62.4     	61.7     	64.5     	61.5     	63.6     	69.8     	71.1     	72.1     	70.5     	66.7     	68.1     	72.8     	67.8     	67.4     	68.4     	69.3     	71.6     	68.2     	68.8     	66.6     	66.3     	65.9     	67.3     	63.9     	57.5     	51.7     	40.6     
	2026-04-13  	14:28:15  	00:02:07  	         	46.2     	33.7     	32.8     	32.3     	31.7     	28.6     	34.4     	42.2     	40.7     	63.9     	57.8     	49.4     	56.6     	59.5     	68.9     	64.3     	67.1     	72.0     	68.6     	67.5     	67.3     	66.9     	68.5     	65.6     	69.8     	69.4     	64.3     	65.9     	59.7     	61.2     	62.1     	63.6     	64.7     	53.6     	43.7     	30.5     
	2026-04-13  	14:28:16  	00:02:08  	         	36.3     	29.7     	31.7     	31.0     	31.4     	30.7     	33.0     	35.0     	39.0     	63.5     	58.1     	44.4     	55.7     	53.4     	65.7     	65.4     	73.6     	67.3     	67.0     	69.3     	69.7     	70.2     	69.8     	68.5     	70.0     	66.7     	64.5     	61.6     	57.7     	52.6     	47.5     	48.0     	48.4     	46.5     	41.5     	29.9     
	2026-04-13  	14:28:17  	00:02:09  	         	41.8     	33.9     	31.0     	36.1     	33.9     	31.4     	32.7     	38.0     	39.3     	63.7     	57.9     	47.9     	57.5     	54.1     	65.6     	69.0     	71.3     	66.7     	69.3     	69.2     	72.3     	70.8     	71.7     	68.0     	69.1     	67.7     	64.3     	63.3     	60.3     	60.6     	63.1     	65.7     	66.7     	58.1     	49.6     	32.8     
	2026-04-13  	14:28:18  	00:02:10  	         	39.4     	38.4     	32.2     	34.4     	29.9     	33.3     	32.3     	36.3     	37.2     	62.8     	57.4     	47.7     	56.6     	56.5     	64.0     	69.6     	67.8     	68.2     	71.3     	71.4     	68.2     	72.3     	69.0     	65.6     	65.9     	65.9     	63.2     	62.4     	60.1     	59.9     	58.6     	56.7     	54.3     	48.6     	43.3     	30.4     
	2026-04-13  	14:28:19  	00:02:11  	         	31.6     	41.9     	40.4     	37.6     	29.2     	31.5     	35.6     	48.6     	54.2     	60.5     	60.0     	61.9     	61.9     	59.9     	61.4     	66.4     	63.0     	66.3     	69.5     	64.3     	70.2     	74.2     	68.7     	67.4     	65.6     	65.5     	64.7     	60.2     	57.0     	55.7     	52.1     	52.1     	51.3     	48.2     	43.4     	30.4     
	2026-04-13  	14:28:20  	00:02:12  	         	43.7     	39.9     	34.6     	36.1     	34.1     	30.8     	36.1     	47.0     	44.3     	64.4     	58.1     	41.2     	56.0     	54.0     	64.3     	66.8     	81.0     	78.7     	70.8     	69.1     	70.4     	67.5     	65.4     	70.0     	63.6     	64.1     	64.7     	62.6     	58.3     	59.4     	61.1     	59.7     	58.7     	54.7     	46.3     	31.3     
	2026-04-13  	14:28:21  	00:02:13  	         	44.0     	33.1     	34.6     	33.4     	28.6     	29.5     	37.6     	45.8     	51.1     	61.1     	56.3     	57.4     	60.2     	58.2     	63.4     	76.0     	79.1     	68.0     	65.6     	70.4     	70.7     	68.1     	71.2     	68.8     	69.9     	64.1     	59.1     	54.8     	52.6     	57.3     	62.3     	61.7     	61.1     	57.2     	47.6     	32.1     
	2026-04-13  	14:28:22  	00:02:14  	         	38.4     	34.4     	34.7     	31.1     	29.0     	34.1     	34.1     	35.0     	39.2     	59.0     	34.8     	35.8     	52.2     	51.8     	68.8     	72.2     	73.2     	67.4     	64.1     	71.8     	71.7     	69.5     	63.9     	63.4     	66.9     	68.1     	61.7     	57.1     	52.2     	53.1     	56.8     	61.1     	59.5     	58.0     	50.1     	33.0     
	2026-04-13  	14:28:23  	00:02:15  	         	45.8     	39.6     	34.5     	33.9     	29.5     	30.1     	34.8     	43.5     	49.0     	59.1     	50.3     	55.9     	59.6     	57.5     	67.7     	67.8     	61.9     	64.9     	61.4     	63.3     	65.4     	60.2     	64.6     	60.5     	65.9     	60.8     	56.9     	61.2     	65.1     	60.8     	62.7     	58.8     	52.2     	46.9     	42.0     	29.8     
	2026-04-13  	14:28:24  	00:02:16  	         	43.3     	36.2     	32.8     	37.7     	36.4     	31.5     	34.5     	45.0     	56.0     	52.5     	49.4     	52.2     	48.8     	57.2     	62.8     	67.9     	76.4     	72.2     	62.7     	72.6     	70.5     	69.8     	71.6     	63.3     	69.1     	72.4     	63.6     	60.9     	53.2     	57.0     	59.3     	60.2     	58.7     	55.3     	47.5     	32.1     
	2026-04-13  	14:28:25  	00:02:17  	         	41.7     	36.9     	32.6     	36.2     	31.1     	30.5     	33.9     	43.2     	56.0     	51.2     	48.6     	54.9     	56.4     	59.1     	53.4     	69.2     	81.2     	72.5     	62.2     	75.0     	64.6     	67.9     	67.5     	67.8     	70.4     	56.8     	62.3     	59.3     	54.6     	54.7     	55.6     	53.5     	51.6     	50.2     	49.2     	34.2     
	2026-04-13  	14:28:26  	00:02:18  	         	40.6     	27.8     	32.5     	36.2     	34.9     	33.7     	31.5     	34.3     	53.6     	47.1     	40.6     	51.0     	53.0     	56.2     	64.7     	78.2     	72.7     	62.4     	71.9     	70.4     	74.9     	72.0     	73.6     	66.6     	69.7     	69.9     	62.1     	58.3     	47.4     	49.6     	52.2     	53.2     	53.1     	51.7     	43.7     	30.4     
	2026-04-13  	14:28:27  	00:02:19  	         	40.9     	35.7     	32.7     	29.3     	33.7     	35.6     	31.5     	41.5     	52.4     	50.4     	49.3     	52.6     	53.5     	56.8     	68.3     	79.3     	77.5     	59.6     	68.3     	68.3     	68.0     	60.3     	63.6     	61.9     	61.0     	54.9     	58.7     	60.7     	66.0     	60.7     	63.1     	60.7     	53.6     	45.8     	39.3     	29.6     
	2026-04-13  	14:28:28  	00:02:20  	         	40.7     	34.0     	32.8     	35.0     	33.9     	29.1     	32.0     	42.2     	46.5     	53.2     	48.8     	49.9     	52.8     	51.9     	65.7     	74.1     	64.5     	59.4     	62.3     	63.6     	68.9     	67.7     	70.7     	65.3     	65.9     	67.4     	62.2     	55.7     	50.3     	52.2     	54.0     	51.9     	46.0     	41.7     	36.9     	29.4     
	2026-04-13  	14:28:29  	00:02:21  	         	38.5     	35.5     	31.4     	33.0     	35.1     	29.7     	32.9     	39.3     	44.0     	53.9     	49.2     	49.5     	52.4     	52.8     	57.1     	72.5     	80.8     	72.7     	65.6     	71.7     	68.2     	63.0     	64.5     	61.5     	67.7     	62.0     	58.6     	55.7     	48.6     	53.2     	55.2     	63.0     	58.9     	56.5     	45.9     	31.5     
	2026-04-13  	14:28:30  	00:02:22  	         	40.3     	29.2     	33.5     	34.7     	31.8     	33.0     	30.7     	36.6     	36.2     	53.4     	41.9     	36.2     	47.5     	45.6     	60.6     	75.8     	79.2     	74.4     	66.9     	67.4     	71.5     	66.3     	66.1     	67.3     	64.5     	60.8     	58.3     	57.4     	62.1     	56.2     	59.5     	58.8     	53.7     	51.7     	44.8     	30.7     
	2026-04-13  	14:28:31  	00:02:23  	         	40.4     	39.6     	33.2     	31.6     	34.0     	31.1     	32.7     	36.6     	35.6     	53.0     	30.3     	33.3     	47.3     	46.1     	56.7     	71.2     	79.5     	76.8     	67.6     	68.8     	74.2     	69.6     	69.4     	65.3     	68.9     	65.3     	63.6     	58.2     	54.3     	51.1     	49.7     	50.8     	49.0     	48.8     	44.0     	30.8     
	2026-04-13  	14:28:32  	00:02:24  	         	41.7     	38.0     	31.4     	34.6     	31.3     	34.3     	36.2     	41.2     	50.9     	50.8     	47.2     	51.9     	54.1     	55.2     	62.0     	77.6     	72.2     	59.6     	71.3     	67.1     	75.5     	67.7     	67.0     	65.2     	62.8     	61.8     	62.5     	57.0     	52.0     	58.2     	59.3     	55.7     	50.9     	48.8     	42.7     	30.4     
	2026-04-13  	14:28:33  	00:02:25  	         	35.8     	37.9     	35.5     	35.2     	32.3     	37.6     	42.0     	40.0     	51.1     	47.1     	45.3     	51.0     	52.8     	54.8     	66.7     	75.8     	62.8     	62.0     	70.9     	66.6     	76.3     	66.2     	64.7     	60.5     	64.0     	68.5     	61.9     	58.3     	52.3     	49.5     	50.3     	48.3     	45.8     	48.1     	42.2     	29.9     
	2026-04-13  	14:28:34  	00:02:26  	         	46.2     	41.0     	34.6     	31.0     	31.3     	38.2     	41.1     	43.3     	51.3     	45.6     	35.9     	44.0     	42.2     	54.4     	65.4     	70.7     	72.7     	59.6     	61.1     	65.1     	63.1     	61.7     	57.9     	56.6     	65.3     	60.9     	55.4     	49.9     	47.9     	49.2     	51.6     	53.1     	53.7     	49.4     	40.8     	29.8     
	2026-04-13  	14:28:35  	00:02:27  	         	42.3     	33.5     	34.7     	31.1     	32.2     	35.2     	36.6     	41.0     	52.5     	48.3     	45.2     	50.2     	51.2     	55.0     	60.3     	72.3     	75.0     	67.2     	65.8     	69.6     	72.1     	69.4     	70.7     	62.8     	66.5     	67.8     	63.0     	58.6     	53.6     	59.2     	61.0     	60.6     	56.5     	50.0     	45.4     	31.1     
	2026-04-13  	14:28:36  	00:02:28  	         	38.7     	33.4     	36.0     	33.1     	32.8     	35.4     	34.6     	41.7     	51.1     	53.6     	50.1     	52.6     	55.3     	53.7     	55.9     	69.8     	73.4     	76.5     	65.2     	67.2     	75.7     	70.0     	74.0     	69.6     	66.6     	63.0     	57.6     	53.8     	54.2     	57.2     	58.1     	62.2     	61.8     	53.1     	45.6     	31.1     
	2026-04-13  	14:28:37  	00:02:29  	         	36.7     	35.1     	35.1     	34.1     	32.6     	33.0     	33.6     	36.3     	31.8     	53.4     	47.2     	37.4     	47.2     	46.5     	64.2     	74.6     	76.4     	64.9     	67.3     	68.8     	75.7     	72.1     	75.9     	69.2     	74.1     	72.2     	67.3     	60.3     	48.6     	53.6     	57.2     	55.5     	55.6     	51.6     	42.6     	30.0     
	2026-04-13  	14:28:38  	00:02:30  	         	35.6     	33.2     	35.1     	29.1     	32.5     	33.5     	34.8     	42.2     	43.8     	54.3     	48.3     	49.5     	53.1     	51.3     	65.2     	76.6     	76.0     	61.6     	70.8     	68.5     	72.5     	69.4     	69.4     	68.2     	67.2     	63.6     	62.1     	55.7     	47.8     	48.4     	50.2     	48.2     	45.2     	45.6     	41.6     	30.0     
	2026-04-13  	14:28:39  	00:02:31  	         	30.0     	31.2     	32.1     	35.8     	30.9     	31.5     	34.8     	37.9     	35.1     	53.4     	31.0     	34.9     	46.9     	49.1     	69.0     	73.3     	62.1     	65.8     	66.0     	70.6     	67.3     	61.5     	62.3     	58.9     	64.1     	63.6     	58.5     	54.5     	51.0     	53.4     	56.6     	57.7     	60.5     	56.2     	44.0     	30.6     
	2026-04-13  	14:28:40  	00:02:32  	         	36.8     	34.2     	35.6     	37.2     	36.0     	40.0     	40.1     	42.3     	46.2     	53.8     	47.4     	51.2     	53.5     	55.3     	62.0     	54.3     	67.4     	62.4     	53.6     	66.4     	58.9     	51.8     	48.7     	49.7     	48.1     	58.8     	55.8     	48.7     	43.7     	41.6     	48.7     	61.6     	63.6     	58.8     	44.7     	30.9     
	2026-04-13  	14:28:41  	00:02:33  	         	41.2     	32.3     	32.0     	38.5     	42.5     	42.9     	45.6     	39.1     	51.1     	44.7     	31.0     	43.4     	41.5     	53.4     	56.6     	69.4     	82.5     	68.1     	62.8     	73.1     	69.2     	73.3     	71.5     	68.4     	71.8     	68.5     	65.1     	63.5     	64.0     	59.7     	63.6     	60.9     	51.9     	45.6     	39.3     	29.5     
	2026-04-13  	14:28:42  	00:02:34  	         	40.5     	36.4     	35.3     	37.2     	38.3     	36.9     	37.1     	40.5     	52.2     	48.3     	45.8     	50.7     	53.2     	55.1     	64.6     	74.3     	72.2     	59.9     	66.2     	68.8     	73.5     	68.9     	71.4     	66.2     	69.3     	72.8     	64.2     	60.3     	61.3     	58.2     	62.9     	59.7     	53.3     	44.3     	37.9     	29.3     
	2026-04-13  	14:28:43  	00:02:35  	         	40.5     	33.2     	30.2     	32.3     	36.9     	39.1     	42.6     	41.7     	50.5     	47.4     	45.7     	49.9     	51.3     	54.3     	68.3     	71.9     	75.4     	70.8     	65.3     	69.2     	72.3     	65.3     	68.6     	64.7     	68.4     	58.9     	56.7     	52.4     	49.5     	45.8     	48.9     	51.0     	46.8     	49.5     	42.9     	30.2     
	2026-04-13  	14:28:44  	00:02:36  	         	49.2     	37.1     	39.3     	36.0     	42.1     	35.3     	35.7     	39.9     	51.2     	49.4     	47.7     	52.8     	55.0     	55.5     	53.3     	71.3     	78.1     	67.9     	62.5     	70.0     	69.9     	69.6     	69.8     	66.5     	70.6     	67.5     	63.5     	59.0     	52.2     	52.3     	54.8     	56.8     	58.4     	56.2     	48.1     	31.6     
	2026-04-13  	14:28:45  	00:02:37  	         	40.2     	41.0     	39.2     	39.2     	37.9     	35.8     	33.4     	42.1     	37.5     	53.3     	47.3     	33.1     	46.5     	44.5     	56.2     	75.4     	78.0     	67.4     	69.1     	69.8     	74.3     	68.9     	69.3     	63.1     	69.5     	69.1     	65.6     	61.5     	56.2     	59.6     	58.1     	53.2     	47.0     	45.7     	40.5     	29.7     
	2026-04-13  	14:28:46  	00:02:38  	         	38.6     	39.1     	35.0     	39.5     	35.0     	32.4     	32.7     	40.4     	44.0     	53.5     	48.6     	49.3     	53.3     	51.2     	61.3     	74.7     	76.5     	61.0     	68.7     	72.8     	73.6     	66.9     	58.9     	59.7     	66.3     	61.8     	61.4     	58.6     	54.6     	53.8     	57.9     	54.8     	47.5     	45.0     	40.7     	29.7     
	2026-04-13  	14:28:47  	00:02:39  	         	42.6     	35.6     	35.4     	32.9     	27.8     	33.2     	31.5     	35.8     	36.5     	53.3     	32.5     	32.2     	47.2     	46.0     	54.5     	70.7     	74.9     	62.6     	66.9     	70.6     	73.5     	73.8     	71.9     	65.1     	67.6     	72.2     	68.9     	60.8     	52.4     	51.6     	54.4     	52.9     	45.7     	41.8     	39.7     	29.6     
	2026-04-13  	14:28:48  	00:02:40  	         	34.3     	35.9     	30.9     	33.2     	31.7     	29.9     	33.5     	40.0     	43.6     	53.2     	44.4     	47.5     	51.1     	51.5     	58.3     	72.1     	77.8     	68.9     	65.8     	69.0     	71.3     	69.4     	65.3     	57.4     	63.7     	64.8     	64.0     	58.4     	52.8     	55.2     	60.2     	61.8     	59.9     	53.5     	46.2     	32.0     
	2026-04-13  	14:28:49  	00:02:41  	         	41.2     	30.8     	34.5     	32.0     	33.7     	33.6     	38.1     	42.7     	51.8     	49.2     	45.6     	50.1     	51.6     	54.0     	61.9     	75.5     	74.5     	58.3     	67.2     	66.0     	72.5     	65.7     	64.3     	62.0     	68.0     	63.3     	60.1     	58.5     	59.0     	54.1     	59.0     	64.5     	60.5     	54.2     	46.7     	31.4     
	2026-04-13  	14:28:50  	00:02:42  	         	41.5     	39.0     	33.5     	35.8     	32.6     	29.5     	32.5     	40.2     	51.8     	47.7     	45.3     	50.5     	53.0     	54.5     	57.6     	67.6     	82.4     	78.6     	62.3     	67.5     	67.0     	65.6     	72.5     	68.7     	70.0     	65.1     	64.0     	56.4     	51.6     	49.2     	51.1     	53.4     	51.9     	51.5     	46.8     	32.0     
	2026-04-13  	14:28:51  	00:02:43  	         	33.2     	41.8     	33.8     	34.1     	32.6     	35.9     	37.5     	37.9     	51.0     	44.6     	28.0     	43.4     	46.0     	53.9     	61.3     	66.7     	75.2     	67.0     	59.0     	74.0     	69.5     	66.1     	61.8     	65.5     	64.2     	57.3     	56.3     	56.1     	56.3     	59.1     	58.4     	55.9     	53.9     	47.2     	41.2     	29.7     
	2026-04-13  	14:28:52  	00:02:44  	         	39.0     	39.4     	32.6     	33.6     	36.5     	35.5     	32.7     	40.9     	52.0     	49.1     	48.2     	52.8     	54.5     	55.3     	55.0     	71.5     	81.7     	75.7     	61.7     	73.0     	73.1     	69.5     	70.9     	70.6     	65.6     	58.7     	58.9     	60.2     	58.6     	56.2     	59.2     	62.0     	60.4     	54.7     	47.4     	32.0     
	2026-04-13  	14:28:53  	00:02:45  	         	38.8     	41.0     	35.9     	37.2     	33.9     	33.4     	33.5     	42.9     	48.8     	52.8     	49.1     	49.2     	51.5     	51.4     	66.2     	72.0     	71.2     	76.6     	66.0     	67.5     	67.9     	58.6     	61.6     	62.4     	67.0     	60.0     	58.0     	56.8     	52.5     	51.7     	57.0     	60.6     	60.4     	54.7     	40.6     	29.9     
	2026-04-13  	14:28:54  	00:02:46  	         	43.6     	34.2     	26.2     	34.8     	38.2     	35.2     	37.1     	36.7     	44.1     	54.0     	49.3     	50.4     	52.6     	51.2     	66.0     	69.8     	68.9     	62.5     	61.1     	65.5     	66.1     	63.0     	68.9     	66.4     	68.8     	62.8     	61.4     	53.2     	45.7     	43.2     	43.9     	38.6     	37.0     	36.0     	29.7     	29.0     
	2026-04-13  	14:28:55  	00:02:47  	         	37.2     	39.9     	32.3     	34.2     	31.8     	30.8     	34.4     	37.7     	35.7     	53.1     	42.0     	30.9     	45.7     	44.9     	55.3     	74.3     	76.2     	75.0     	66.3     	72.8     	74.5     	68.0     	70.0     	65.0     	70.9     	65.4     	62.7     	61.6     	51.4     	52.0     	55.4     	60.0     	60.2     	57.3     	47.9     	32.1     
	2026-04-13  	14:28:56  	00:02:48  	         	42.9     	37.2     	31.2     	30.0     	27.7     	29.9     	33.8     	35.9     	35.4     	53.3     	32.2     	31.2     	46.2     	45.7     	55.5     	77.1     	81.2     	64.7     	73.2     	73.4     	75.9     	70.1     	71.4     	68.8     	64.0     	59.0     	62.5     	57.3     	50.8     	50.2     	51.5     	48.5     	42.3     	38.4     	30.8     	29.1     
	2026-04-13  	14:28:57  	00:02:49  	         	44.5     	34.3     	34.8     	34.3     	34.4     	32.5     	36.3     	42.4     	50.5     	51.7     	47.7     	52.0     	54.2     	53.8     	58.0     	75.3     	81.5     	76.2     	68.2     	73.7     	67.8     	66.1     	66.4     	62.3     	68.3     	65.3     	61.0     	54.5     	50.2     	46.9     	52.1     	59.2     	60.4     	57.2     	46.6     	31.3     
	2026-04-13  	14:28:58  	00:02:50  	         	38.7     	40.9     	36.2     	31.1     	29.3     	34.6     	35.9     	38.5     	51.3     	46.4     	44.4     	51.4     	52.8     	55.5     	51.0     	71.3     	79.1     	77.4     	71.1     	71.1     	70.7     	69.4     	66.1     	68.0     	71.0     	59.4     	60.1     	56.0     	50.7     	52.6     	56.1     	50.3     	42.8     	40.0     	34.1     	29.2     
	2026-04-13  	14:28:59  	00:02:51  	         	37.2     	39.8     	37.0     	30.9     	30.3     	36.4     	38.9     	44.1     	52.5     	47.9     	38.0     	44.2     	43.5     	53.6     	62.6     	67.2     	72.7     	67.5     	64.5     	71.6     	75.3     	72.8     	69.6     	70.1     	69.0     	64.4     	63.8     	53.1     	50.3     	52.2     	54.1     	57.8     	59.0     	57.3     	48.8     	32.5     
	2026-04-13  	14:29:00  	00:02:52  	         	41.1     	38.9     	30.3     	34.5     	34.4     	37.8     	41.6     	41.1     	50.9     	47.9     	45.6     	50.4     	51.8     	54.2     	65.7     	72.7     	62.5     	60.3     	71.3     	66.3     	73.9     	58.4     	58.6     	57.9     	63.9     	67.8     	64.6     	58.2     	49.7     	50.4     	52.7     	52.7     	53.2     	54.3     	44.1     	30.4     
	2026-04-13  	14:29:01  	00:02:53  	         	42.5     	33.3     	29.9     	34.1     	32.1     	31.0     	34.9     	43.3     	49.3     	51.5     	48.9     	52.0     	54.8     	55.4     	60.8     	71.7     	64.8     	56.5     	62.6     	64.1     	69.8     	66.6     	73.9     	71.8     	73.8     	60.6     	60.9     	55.2     	49.2     	51.8     	55.4     	56.1     	58.8     	54.4     	44.7     	30.6     
	2026-04-13  	14:29:02  	00:02:54  	         	40.7     	35.1     	35.9     	31.7     	34.4     	32.1     	32.8     	36.2     	31.2     	53.6     	47.3     	31.4     	45.8     	44.3     	57.6     	74.3     	73.4     	58.5     	71.1     	70.0     	74.8     	66.5     	65.2     	63.8     	68.4     	71.1     	71.3     	64.0     	51.1     	51.8     	55.3     	58.6     	58.8     	52.6     	42.3     	30.1     
	2026-04-13  	14:29:03  	00:02:55  	         	41.6     	37.6     	33.4     	34.6     	30.8     	35.0     	34.5     	42.5     	44.8     	54.0     	48.6     	49.9     	52.8     	50.4     	62.0     	74.4     	77.1     	66.7     	67.2     	68.7     	71.8     	65.3     	59.1     	60.0     	69.3     	69.9     	62.0     	56.2     	52.0     	56.3     	59.8     	58.9     	57.3     	51.4     	43.2     	30.3     
	2026-04-13  	14:29:04  	00:02:56  	         	44.5     	39.0     	34.5     	34.1     	36.3     	32.2     	32.3     	37.2     	35.7     	53.2     	31.3     	30.9     	45.8     	45.5     	54.5     	76.0     	78.4     	78.3     	65.2     	72.6     	65.4     	58.8     	63.8     	61.4     	57.6     	57.9     	63.1     	60.1     	52.4     	54.8     	56.2     	57.7     	55.7     	52.8     	44.7     	31.0     
	2026-04-13  	14:29:05  	00:02:57  	         	42.0     	40.9     	31.4     	32.6     	29.6     	34.0     	35.7     	40.5     	49.2     	53.3     	47.2     	51.6     	54.0     	53.7     	56.4     	75.4     	78.9     	65.4     	69.0     	71.2     	72.6     	70.3     	74.8     	69.5     	70.1     	67.1     	64.2     	64.5     	52.2     	51.3     	49.6     	47.5     	45.4     	45.6     	44.5     	30.1     
	2026-04-13  	14:29:06  	00:02:58  	         	44.1     	41.2     	31.2     	36.2     	36.2     	32.3     	31.3     	35.2     	50.6     	44.2     	30.0     	43.1     	42.1     	53.0     	67.9     	77.3     	78.5     	69.0     	69.3     	69.0     	70.2     	69.9     	69.3     	65.6     	72.6     	63.1     	60.8     	54.4     	48.1     	47.3     	48.7     	46.8     	45.2     	42.6     	36.8     	29.4     
	2026-04-13  	14:29:07  	00:02:59  	         	43.1     	34.8     	34.3     	37.2     	33.9     	33.0     	34.9     	41.5     	51.1     	50.5     	49.5     	54.9     	57.1     	57.1     	69.8     	67.0     	57.2     	61.8     	61.0     	63.7     	65.8     	57.3     	58.1     	57.2     	56.9     	54.4     	55.8     	55.4     	51.6     	50.0     	51.8     	54.6     	57.8     	46.1     	35.7     	29.3     
	2026-04-13  	14:29:08  	00:03:00  	         	42.4     	38.8     	31.7     	32.6     	32.7     	35.2     	34.3     	41.8     	51.6     	57.6     	57.9     	59.9     	59.8     	60.8     	59.3     	66.1     	69.6     	70.7     	65.3     	70.3     	72.2     	71.7     	71.1     	69.2     	71.6     	72.0     	69.7     	69.5     	68.6     	68.3     	67.8     	66.0     	61.7     	56.3     	47.8     	32.2     
	2026-04-13  	14:29:09  	00:03:01  	         	43.6     	40.8     	34.7     	32.3     	31.5     	30.5     	31.6     	38.7     	42.6     	50.2     	58.6     	55.4     	51.2     	51.5     	63.5     	74.3     	75.8     	79.2     	70.9     	70.5     	73.7     	74.5     	72.8     	69.7     	69.6     	64.6     	60.1     	63.3     	59.8     	59.2     	58.0     	57.8     	55.3     	49.5     	44.2     	30.3     
	2026-04-13  	14:29:10  	00:03:02  	         	42.2     	48.5     	46.6     	35.7     	43.9     	41.1     	43.5     	41.6     	40.0     	45.5     	50.6     	47.4     	44.9     	42.5     	48.0     	50.0     	50.7     	50.0     	47.9     	47.4     	52.5     	51.6     	53.2     	54.0     	56.2     	52.4     	48.6     	49.2     	46.5     	41.7     	42.5     	39.2     	37.3     	35.0     	32.2     	29.1     
	2026-04-13  	14:29:11  	00:03:03  	         	42.2     	42.8     	35.4     	36.0     	40.5     	36.5     	32.8     	40.4     	35.4     	33.6     	41.8     	38.4     	33.6     	31.6     	31.6     	34.3     	32.0     	36.6     	36.7     	34.2     	36.1     	38.6     	39.9     	41.5     	42.7     	42.5     	38.4     	36.0     	34.3     	30.8     	29.9     	28.8     	27.9     	27.8     	27.5     	29.0     
	2026-04-13  	14:29:12  	00:03:04  	         	45.1     	44.3     	43.7     	37.2     	42.0     	35.6     	38.1     	36.8     	31.6     	32.4     	30.3     	30.1     	24.5     	20.9     	20.0     	22.0     	20.6     	19.7     	23.4     	21.7     	23.0     	23.5     	25.2     	26.2     	25.4     	24.0     	21.7     	20.4     	20.7     	21.2     	22.4     	23.5     	24.4     	25.9     	26.9     	28.9     
	2026-04-13  	14:29:13  	00:03:05  	         	45.3     	41.8     	31.2     	34.4     	37.3     	34.3     	33.5     	36.9     	32.0     	34.1     	27.1     	20.9     	20.3     	19.2     	18.8     	21.3     	19.0     	16.3     	17.6     	17.8     	17.0     	16.3     	17.1     	17.7     	16.8     	17.7     	18.5     	19.2     	20.2     	21.2     	22.3     	23.5     	24.4     	26.0     	26.9     	29.0     
	2026-04-13  	14:29:14  	00:03:06  	         	40.7     	36.2     	30.9     	31.3     	30.8     	35.7     	40.8     	40.1     	30.7     	32.9     	26.6     	21.4     	19.9     	17.6     	18.8     	20.0     	18.3     	16.6     	18.2     	18.2     	17.0     	16.0     	16.5     	17.2     	16.5     	17.2     	18.3     	19.2     	20.4     	21.2     	22.5     	23.6     	24.5     	26.2     	26.9     	29.2     
	2026-04-13  	14:29:15  	00:03:07  	         	41.0     	42.3     	36.1     	38.7     	30.4     	41.8     	47.0     	39.8     	34.1     	31.9     	28.1     	22.1     	19.5     	17.9     	18.8     	20.0     	17.4     	16.3     	18.9     	18.1     	16.7     	15.6     	16.4     	16.8     	16.6     	17.1     	18.6     	19.1     	20.3     	21.2     	22.5     	23.6     	24.3     	26.1     	27.0     	29.0     
	2026-04-13  	14:29:16  	00:03:08  	         	44.0     	36.4     	34.6     	38.3     	42.7     	47.3     	52.4     	41.8     	34.7     	34.8     	30.2     	21.9     	22.5     	19.0     	18.6     	19.6     	19.6     	16.1     	17.1     	17.5     	16.1     	16.7     	16.4     	16.5     	16.2     	17.6     	18.2     	19.0     	20.2     	21.2     	22.4     	23.6     	24.4     	25.9     	26.9     	29.1     
	2026-04-13  	14:29:17  	00:03:09  	         	42.6     	42.6     	32.7     	38.4     	44.9     	53.1     	53.2     	43.6     	37.3     	33.4     	31.2     	30.1     	22.3     	19.4     	18.5     	20.5     	19.8     	16.0     	17.8     	17.9     	16.9     	17.3     	16.6     	16.7     	16.9     	17.7     	18.4     	19.2     	20.2     	21.3     	22.4     	23.5     	24.4     	26.0     	26.9     	29.0     

# RTA LOG Results over the whole log period
	2026-04-13  	14:29:17  	00:03:09  	         	41.8     	38.3     	35.4     	35.1     	35.2     	36.9     	41.8     	50.7     	48.2     	54.5     	61.0     	60.6     	60.7     	64.9     	67.3     	73.0     	75.5     	72.7     	72.4     	72.5     	71.7     	70.4     	70.2     	70.5     	71.9     	71.9     	70.6     	68.2     	65.5     	63.5     	62.7     	61.6     	57.1     	50.6     	45.2     	38.9     

#CheckSum
	56CE5E1D92E52B5DCF21992580DC2CBA