XL2 RTA Spectrum Logging:		KU100\2026-04-13_SLM_007_RTA_3rd_Log.txt                                       
-------------------------


# Hardware Configuration
	Device Info:    	XL2, SNo. A2A-17501-E0, FW4.33
	Mic Sensitivity:	8.9 mV/Pa
	                	(User calibrated 2026-04-13  10:29)
	Time Zone:      	UTC+01:00 (Europe/Berlin)

# Measurement Setup
	Profile:        	Full mode
	Timer mode:     	continuous
	Timer set:      	--:--:--
	Log-Interval:   	00:00:01
	Resolution:     	1/3 Octave
	Range:          	30 - 130 dB

# Time
	Start:          	2026-04-13, 11:42:46
	End:            	2026-04-13, 11:43:42

# RTA LOG Results 
	            	          	          	         	LZeq_dt  	LZeq_dt  	LZeq_dt  	LZeq_dt  	LZeq_dt  	LZeq_dt  	LZeq_dt  	LZeq_dt  	LZeq_dt  	LZeq_dt  	LZeq_dt  	LZeq_dt  	LZeq_dt  	LZeq_dt  	LZeq_dt  	LZeq_dt  	LZeq_dt  	LZeq_dt  	LZeq_dt  	LZeq_dt  	LZeq_dt  	LZeq_dt  	LZeq_dt  	LZeq_dt  	LZeq_dt  	LZeq_dt  	LZeq_dt  	LZeq_dt  	LZeq_dt  	LZeq_dt  	LZeq_dt  	LZeq_dt  	LZeq_dt  	LZeq_dt  	LZeq_dt  	LZeq_dt  
	Date        	Time      	Timer     	Band [Hz]	6.3      	8.0      	10.0     	12.5     	16.0     	20.0     	25.0     	31.5     	40.0     	50.0     	63.0     	80.0     	100.0    	125.0    	160.0    	200.0    	250.0    	315.0    	400.0    	500.0    	630.0    	800.0    	1000.0   	1250.0   	1600.0   	2000.0   	2500.0   	3150.0   	4000.0   	5000.0   	6300.0   	8000.0   	10000.0  	12500.0  	16000.0  	20000.0  
	[YYYY-MM-DD]	[hh:mm:ss]	[hh:mm:ss]	         	[dB]     	[dB]     	[dB]     	[dB]     	[dB]     	[dB]     	[dB]     	[dB]     	[dB]     	[dB]     	[dB]     	[dB]     	[dB]     	[dB]     	[dB]     	[dB]     	[dB]     	[dB]     	[dB]     	[dB]     	[dB]     	[dB]     	[dB]     	[dB]     	[dB]     	[dB]     	[dB]     	[dB]     	[dB]     	[dB]     	[dB]     	[dB]     	[dB]     	[dB]     	[dB]     	[dB]     
	2026-04-13  	11:42:47  	00:00:01  	         	27.7     	29.8     	30.8     	46.8     	43.5     	45.4     	55.0     	57.2     	71.7     	73.9     	71.5     	70.2     	57.3     	57.1     	55.2     	48.6     	55.6     	53.6     	56.8     	63.0     	53.6     	60.0     	55.8     	58.7     	47.2     	41.5     	28.6     	24.6     	25.1     	23.3     	22.7     	23.4     	24.2     	25.8     	26.7     	28.7     
	2026-04-13  	11:42:48  	00:00:02  	         	32.6     	27.2     	31.3     	48.0     	44.7     	45.8     	59.8     	58.7     	67.1     	72.3     	71.4     	72.1     	55.7     	55.7     	54.4     	46.0     	54.7     	52.4     	61.8     	71.7     	54.0     	65.8     	61.8     	67.2     	54.3     	47.1     	32.6     	28.2     	31.8     	25.5     	23.1     	23.3     	24.2     	25.9     	26.7     	28.8     
	2026-04-13  	11:42:49  	00:00:03  	         	30.2     	27.1     	27.0     	45.2     	42.8     	44.5     	58.4     	58.0     	68.7     	73.4     	72.6     	70.2     	55.0     	57.0     	54.5     	46.8     	56.3     	53.6     	60.6     	69.9     	55.6     	63.8     	60.4     	64.7     	53.3     	45.4     	33.2     	29.1     	30.0     	24.8     	22.8     	23.5     	24.1     	25.8     	26.5     	28.8     
	2026-04-13  	11:42:50  	00:00:04  	         	30.1     	27.2     	30.7     	42.5     	46.3     	44.0     	59.9     	58.2     	68.0     	73.2     	72.3     	69.7     	56.2     	57.3     	54.3     	49.3     	55.9     	54.0     	59.9     	69.7     	55.1     	64.2     	59.9     	64.8     	52.6     	46.2     	37.3     	38.9     	49.3     	63.8     	53.9     	32.4     	31.3     	27.1     	29.1     	28.8     
	2026-04-13  	11:42:51  	00:00:05  	         	25.4     	28.5     	29.1     	42.4     	42.7     	44.8     	56.5     	62.3     	75.0     	78.6     	82.8     	80.2     	58.4     	56.6     	55.3     	52.7     	57.2     	56.1     	52.4     	54.0     	55.8     	56.5     	60.9     	52.1     	46.7     	39.5     	33.8     	31.6     	43.1     	52.9     	42.6     	25.4     	25.6     	26.0     	27.0     	28.7     
	2026-04-13  	11:42:52  	00:00:06  	         	25.8     	28.2     	29.8     	40.7     	45.4     	44.0     	54.3     	57.9     	66.3     	73.7     	73.0     	68.9     	55.6     	57.7     	54.6     	47.8     	55.3     	49.2     	49.1     	52.0     	53.3     	53.3     	50.6     	48.0     	38.9     	35.0     	26.2     	22.7     	21.7     	21.8     	22.3     	23.3     	24.1     	25.8     	26.7     	28.8     
	2026-04-13  	11:42:53  	00:00:07  	         	25.4     	24.7     	32.3     	39.2     	43.9     	45.6     	54.7     	56.9     	62.3     	73.4     	70.8     	69.4     	55.7     	58.4     	54.5     	48.3     	55.6     	49.1     	48.9     	52.7     	54.1     	53.8     	51.3     	50.2     	39.5     	35.7     	26.0     	22.7     	22.1     	22.0     	22.5     	23.4     	24.1     	25.7     	26.5     	28.7     
	2026-04-13  	11:42:54  	00:00:08  	         	30.4     	26.4     	28.8     	44.7     	43.9     	48.9     	54.2     	56.3     	68.2     	71.7     	73.0     	71.5     	58.0     	58.4     	55.1     	52.2     	54.6     	49.9     	48.8     	52.8     	50.8     	49.9     	47.5     	42.2     	38.1     	36.0     	26.5     	24.6     	22.1     	22.1     	22.4     	23.1     	24.3     	25.7     	26.7     	28.8     
	2026-04-13  	11:42:55  	00:00:09  	         	24.4     	27.4     	27.7     	42.7     	41.7     	60.0     	67.3     	61.5     	79.0     	72.5     	84.1     	83.4     	70.4     	66.0     	61.9     	60.8     	61.6     	51.6     	50.6     	53.0     	49.7     	49.1     	45.1     	40.1     	38.6     	34.5     	23.2     	21.5     	21.9     	22.0     	22.4     	23.2     	24.3     	25.8     	26.7     	28.8     
	2026-04-13  	11:42:56  	00:00:10  	         	27.4     	28.0     	29.9     	43.2     	41.5     	50.0     	58.9     	57.4     	84.6     	76.3     	80.9     	88.8     	70.7     	68.4     	64.9     	64.4     	65.9     	57.5     	51.7     	50.8     	51.8     	51.8     	49.7     	46.7     	36.8     	35.3     	23.8     	20.9     	21.0     	21.9     	22.3     	23.4     	24.3     	25.8     	26.7     	28.8     
	2026-04-13  	11:42:57  	00:00:11  	         	30.3     	29.3     	31.5     	47.8     	40.2     	50.8     	62.0     	57.8     	89.9     	85.7     	78.1     	80.9     	75.4     	72.3     	68.8     	66.1     	67.3     	57.4     	52.8     	55.9     	54.3     	52.7     	51.2     	46.7     	38.8     	36.1     	24.8     	21.8     	23.1     	22.6     	22.8     	23.5     	24.5     	26.1     	27.1     	28.7     
	2026-04-13  	11:42:58  	00:00:12  	         	26.9     	27.2     	30.0     	46.8     	41.3     	53.2     	64.4     	54.5     	79.9     	85.2     	81.3     	81.6     	75.5     	71.4     	69.8     	68.8     	68.8     	57.4     	54.6     	53.3     	52.4     	50.9     	50.4     	44.6     	38.6     	35.9     	24.7     	21.7     	21.6     	22.1     	22.2     	23.3     	24.1     	25.7     	26.7     	28.8     
	2026-04-13  	11:42:59  	00:00:13  	         	20.6     	26.5     	32.9     	49.2     	40.5     	42.6     	51.7     	48.5     	72.9     	75.3     	85.3     	82.4     	74.4     	79.7     	68.9     	68.7     	69.8     	59.0     	54.4     	55.1     	52.9     	50.5     	50.2     	44.4     	39.3     	35.8     	24.9     	22.1     	21.2     	22.0     	22.4     	23.3     	24.2     	25.8     	26.6     	28.8     
	2026-04-13  	11:43:00  	00:00:14  	         	20.7     	25.1     	29.4     	48.6     	40.9     	47.4     	51.3     	49.5     	74.2     	72.0     	89.7     	80.5     	67.5     	72.1     	71.6     	76.0     	70.9     	58.7     	55.3     	56.8     	53.9     	52.0     	49.5     	43.6     	40.3     	36.0     	23.9     	21.4     	21.1     	22.1     	22.4     	23.3     	24.1     	25.8     	26.6     	28.7     
	2026-04-13  	11:43:01  	00:00:15  	         	30.2     	26.0     	30.6     	47.0     	38.4     	48.0     	57.6     	54.1     	73.4     	72.6     	93.7     	83.6     	68.6     	74.2     	72.3     	70.6     	71.9     	61.9     	56.1     	56.6     	54.5     	52.1     	50.8     	44.5     	39.9     	35.8     	24.0     	20.9     	21.4     	22.3     	22.5     	23.5     	24.2     	25.7     	26.6     	28.8     
	2026-04-13  	11:43:02  	00:00:16  	         	27.0     	29.3     	30.4     	36.3     	36.8     	49.6     	62.4     	54.5     	80.3     	77.4     	90.5     	96.0     	69.4     	72.7     	74.1     	71.0     	70.8     	62.4     	57.9     	58.0     	56.2     	52.9     	53.0     	45.3     	41.1     	36.6     	25.8     	21.5     	21.5     	22.6     	22.5     	23.2     	24.2     	25.7     	26.5     	28.8     
	2026-04-13  	11:43:03  	00:00:17  	         	24.1     	24.1     	30.1     	49.3     	40.6     	49.5     	55.9     	49.7     	75.4     	79.9     	84.9     	84.5     	75.8     	72.2     	70.3     	67.0     	66.7     	58.0     	52.6     	55.3     	53.3     	52.3     	50.2     	44.5     	38.5     	35.1     	23.8     	21.0     	21.6     	22.0     	22.4     	23.1     	24.2     	25.7     	26.6     	28.7     
	2026-04-13  	11:43:04  	00:00:18  	         	19.4     	26.9     	31.0     	44.0     	36.7     	47.0     	59.3     	51.7     	69.2     	83.8     	84.4     	86.0     	74.3     	74.3     	69.2     	68.3     	67.9     	58.6     	54.7     	57.7     	52.3     	51.6     	48.9     	44.0     	38.4     	34.8     	24.1     	20.9     	21.5     	22.0     	22.2     	23.1     	24.2     	25.7     	26.6     	28.9     
	2026-04-13  	11:43:05  	00:00:19  	         	27.2     	23.3     	29.8     	42.8     	36.0     	47.3     	57.0     	50.1     	71.3     	77.2     	79.4     	74.6     	76.7     	80.1     	70.4     	69.9     	69.4     	62.0     	58.5     	57.5     	63.2     	56.3     	58.5     	54.0     	43.9     	37.5     	28.4     	22.6     	22.2     	22.3     	22.5     	23.2     	24.3     	25.9     	26.8     	28.7     
	2026-04-13  	11:43:06  	00:00:20  	         	25.3     	31.7     	32.9     	46.0     	37.8     	49.7     	61.5     	55.0     	78.3     	76.9     	82.9     	82.2     	77.3     	82.4     	68.4     	69.8     	69.4     	61.4     	58.2     	62.4     	63.0     	58.2     	57.6     	54.5     	43.4     	38.2     	28.3     	22.2     	22.6     	22.6     	22.4     	23.2     	24.1     	25.8     	26.6     	28.8     
	2026-04-13  	11:43:07  	00:00:21  	         	34.2     	25.5     	30.7     	40.7     	42.4     	45.4     	59.3     	49.9     	75.0     	74.8     	88.1     	83.8     	70.2     	75.0     	70.7     	71.7     	70.3     	59.6     	54.6     	57.6     	59.7     	55.8     	56.4     	53.0     	43.4     	38.4     	27.3     	22.2     	21.6     	22.1     	22.3     	23.3     	24.2     	25.7     	26.5     	28.7     
	2026-04-13  	11:43:08  	00:00:22  	         	31.2     	24.6     	32.3     	41.1     	37.4     	45.4     	58.6     	53.0     	76.8     	76.2     	93.6     	80.6     	69.6     	71.7     	68.1     	69.5     	70.5     	63.8     	60.2     	59.0     	65.4     	60.6     	55.6     	49.1     	41.9     	36.9     	27.2     	23.6     	22.1     	22.9     	22.7     	23.3     	24.3     	25.8     	26.7     	28.8     
	2026-04-13  	11:43:09  	00:00:23  	         	28.5     	31.0     	29.9     	39.6     	37.8     	48.2     	57.8     	55.0     	83.5     	78.8     	81.2     	84.2     	70.8     	72.6     	65.6     	64.9     	66.8     	60.3     	59.1     	64.1     	63.7     	59.2     	57.3     	53.5     	44.0     	39.6     	29.4     	24.0     	26.9     	34.5     	35.5     	25.2     	25.1     	26.1     	26.7     	28.7     
	2026-04-13  	11:43:10  	00:00:24  	         	28.0     	29.8     	32.0     	48.9     	40.7     	59.6     	70.2     	56.4     	86.1     	85.3     	76.0     	77.5     	76.7     	69.6     	69.1     	65.3     	67.3     	59.9     	54.3     	59.1     	58.8     	58.0     	56.8     	49.4     	42.2     	38.6     	27.9     	23.3     	22.3     	22.5     	22.3     	23.2     	24.1     	25.8     	26.7     	28.8     
	2026-04-13  	11:43:11  	00:00:25  	         	32.1     	30.6     	37.6     	49.5     	40.3     	52.1     	59.3     	54.1     	71.0     	81.9     	85.4     	85.9     	74.6     	75.6     	70.6     	66.8     	67.3     	60.9     	55.1     	58.1     	54.4     	51.2     	49.2     	44.7     	38.2     	36.6     	26.6     	21.7     	21.7     	22.3     	22.5     	23.2     	24.2     	25.7     	26.7     	28.8     
	2026-04-13  	11:43:12  	00:00:26  	         	29.6     	32.6     	32.1     	46.3     	41.5     	52.5     	60.2     	49.4     	69.5     	75.9     	88.4     	82.9     	72.5     	78.4     	69.8     	71.2     	68.5     	58.5     	55.5     	57.3     	58.1     	53.5     	51.2     	45.7     	46.0     	38.1     	32.1     	29.8     	23.9     	27.3     	28.0     	23.7     	24.3     	25.9     	26.6     	28.8     
	2026-04-13  	11:43:13  	00:00:27  	         	29.2     	32.2     	30.0     	46.6     	42.5     	55.0     	67.4     	58.5     	76.4     	80.9     	91.6     	86.6     	69.6     	73.2     	71.3     	71.1     	70.8     	60.2     	57.2     	58.5     	55.8     	52.9     	50.8     	45.5     	40.8     	36.5     	26.7     	22.8     	23.1     	25.0     	27.6     	23.6     	24.4     	26.0     	26.9     	28.8     
	2026-04-13  	11:43:14  	00:00:28  	         	32.9     	30.0     	30.4     	49.2     	41.0     	55.7     	67.7     	59.8     	84.3     	80.1     	95.3     	84.4     	74.3     	72.6     	70.2     	70.8     	71.5     	60.4     	54.2     	57.1     	54.6     	51.9     	50.8     	44.3     	39.7     	36.1     	25.2     	22.0     	23.9     	26.7     	30.1     	23.7     	24.3     	26.1     	26.9     	28.7     
	2026-04-13  	11:43:15  	00:00:29  	         	27.2     	29.9     	30.9     	49.8     	39.4     	55.6     	61.6     	55.8     	79.9     	80.3     	91.1     	89.7     	71.6     	73.6     	69.7     	71.2     	70.4     	61.1     	58.8     	58.1     	54.2     	53.0     	50.9     	44.3     	39.1     	36.1     	25.0     	21.4     	22.0     	22.4     	22.5     	23.4     	24.4     	25.8     	26.7     	28.7     
	2026-04-13  	11:43:16  	00:00:30  	         	25.8     	30.9     	25.4     	46.3     	37.9     	54.1     	65.7     	59.8     	82.6     	80.3     	89.5     	84.3     	70.0     	72.4     	69.3     	71.7     	70.5     	65.7     	57.6     	58.8     	63.0     	56.5     	53.3     	49.1     	42.7     	41.6     	30.2     	23.3     	23.0     	24.6     	25.9     	23.4     	24.4     	25.9     	26.7     	28.8     
	2026-04-13  	11:43:17  	00:00:31  	         	30.0     	26.5     	30.2     	41.8     	39.6     	55.0     	60.8     	54.5     	78.5     	76.7     	89.2     	83.2     	69.8     	69.6     	69.9     	69.7     	70.3     	63.3     	57.4     	57.5     	56.8     	53.5     	50.5     	46.1     	40.2     	36.4     	26.9     	22.0     	22.1     	22.7     	22.5     	23.2     	24.2     	25.9     	26.6     	28.8     
	2026-04-13  	11:43:18  	00:00:32  	         	24.5     	31.3     	32.3     	40.5     	37.8     	59.5     	67.5     	60.5     	75.4     	74.2     	88.6     	81.3     	69.8     	73.1     	70.0     	70.7     	70.3     	64.1     	56.4     	58.2     	58.3     	52.2     	50.3     	45.8     	41.2     	40.1     	31.1     	23.6     	26.9     	33.6     	34.5     	25.1     	25.2     	26.3     	26.9     	28.9     
	2026-04-13  	11:43:19  	00:00:33  	         	18.8     	25.0     	27.8     	41.9     	40.6     	57.4     	69.9     	59.6     	76.3     	79.3     	89.6     	83.7     	72.7     	73.5     	70.1     	68.8     	70.4     	64.5     	56.1     	62.6     	66.9     	62.6     	57.5     	53.0     	47.0     	37.8     	29.6     	24.4     	24.5     	26.2     	29.5     	24.0     	24.5     	26.0     	27.0     	28.9     
	2026-04-13  	11:43:20  	00:00:34  	         	32.5     	29.9     	31.5     	43.4     	38.3     	51.7     	61.9     	50.2     	74.0     	75.2     	90.1     	85.8     	69.5     	72.7     	69.2     	70.4     	69.9     	65.2     	58.5     	57.9     	59.0     	57.2     	59.7     	51.7     	44.8     	39.3     	29.0     	24.4     	22.4     	22.8     	22.4     	23.3     	24.2     	25.6     	26.6     	28.7     
	2026-04-13  	11:43:21  	00:00:35  	         	33.8     	28.2     	32.6     	42.0     	34.4     	47.4     	54.9     	44.8     	65.8     	69.2     	89.5     	81.8     	72.1     	71.8     	70.3     	71.4     	69.8     	61.8     	59.7     	58.3     	64.4     	58.8     	59.0     	54.5     	48.7     	41.2     	30.0     	22.6     	23.3     	22.8     	22.4     	23.4     	24.2     	25.9     	26.6     	28.8     
	2026-04-13  	11:43:22  	00:00:36  	         	29.9     	29.0     	31.4     	42.7     	38.0     	45.1     	58.1     	51.7     	73.3     	71.5     	89.7     	85.9     	71.4     	71.1     	71.6     	71.3     	70.5     	62.3     	56.6     	57.0     	57.2     	56.4     	53.5     	49.9     	41.8     	37.2     	25.9     	21.4     	21.6     	22.5     	22.3     	23.3     	24.2     	25.9     	26.6     	28.7     
	2026-04-13  	11:43:23  	00:00:37  	         	30.4     	30.8     	31.2     	44.7     	42.7     	50.3     	62.5     	57.3     	78.6     	76.5     	90.7     	84.8     	72.4     	71.4     	70.3     	71.7     	69.7     	61.8     	56.6     	56.5     	54.6     	53.0     	51.1     	46.2     	40.9     	36.4     	26.1     	21.9     	23.4     	25.6     	28.4     	23.7     	24.3     	26.0     	27.0     	28.9     
	2026-04-13  	11:43:24  	00:00:38  	         	30.4     	28.8     	31.4     	42.1     	40.1     	60.8     	69.9     	60.9     	82.6     	82.1     	90.1     	89.1     	80.1     	81.3     	78.3     	79.7     	79.3     	69.9     	61.4     	62.9     	60.3     	58.7     	52.3     	46.5     	40.6     	36.4     	26.6     	22.2     	25.7     	31.1     	33.4     	24.5     	25.0     	26.2     	27.1     	28.8     
	2026-04-13  	11:43:25  	00:00:39  	         	25.3     	22.3     	33.1     	43.3     	43.1     	62.2     	71.9     	63.7     	85.1     	83.2     	94.1     	92.4     	82.3     	83.1     	81.5     	79.9     	80.9     	71.8     	64.4     	64.2     	61.7     	59.6     	53.2     	47.0     	41.7     	36.7     	28.1     	23.4     	29.2     	37.5     	38.0     	26.5     	26.1     	26.8     	27.6     	28.8     
	2026-04-13  	11:43:26  	00:00:40  	         	25.3     	28.7     	29.9     	43.3     	39.9     	59.3     	68.8     	62.7     	85.2     	85.6     	91.9     	93.4     	82.2     	81.9     	79.1     	80.5     	80.5     	70.1     	64.0     	64.2     	61.7     	60.1     	53.9     	47.1     	41.2     	36.8     	27.0     	23.3     	27.5     	34.1     	35.1     	25.1     	25.6     	26.6     	27.7     	28.9     
	2026-04-13  	11:43:27  	00:00:41  	         	25.4     	24.1     	32.7     	42.8     	38.9     	58.9     	67.3     	63.5     	88.4     	88.0     	91.8     	91.5     	83.4     	83.5     	79.1     	79.2     	80.6     	73.1     	65.2     	64.6     	68.3     	63.0     	61.8     	56.5     	47.4     	41.7     	29.7     	26.2     	28.8     	34.5     	35.7     	25.4     	25.6     	26.8     	27.6     	28.8     
	2026-04-13  	11:43:28  	00:00:42  	         	27.2     	28.4     	33.0     	42.5     	42.3     	56.1     	69.5     	60.9     	87.1     	84.0     	92.7     	91.3     	83.2     	84.1     	80.2     	78.6     	80.0     	70.3     	64.1     	64.8     	63.0     	60.5     	54.9     	48.3     	40.7     	36.8     	27.4     	23.5     	26.6     	33.7     	35.1     	24.9     	25.1     	26.6     	27.4     	28.9     
	2026-04-13  	11:43:29  	00:00:43  	         	26.2     	23.7     	34.7     	41.5     	38.4     	59.9     	67.7     	61.5     	86.5     	82.6     	92.4     	93.1     	83.4     	82.7     	80.0     	78.6     	79.6     	71.5     	65.1     	63.9     	63.8     	60.0     	54.8     	48.0     	42.2     	37.8     	26.9     	22.9     	26.0     	32.6     	34.1     	24.5     	25.0     	26.5     	27.3     	28.9     
	2026-04-13  	11:43:30  	00:00:44  	         	26.6     	30.4     	32.8     	43.9     	41.2     	61.3     	72.4     	62.9     	86.5     	81.4     	92.3     	90.7     	81.3     	80.9     	80.0     	80.0     	78.9     	70.2     	64.5     	65.9     	65.9     	63.1     	56.4     	50.8     	43.5     	37.7     	30.3     	25.1     	31.2     	38.5     	40.0     	27.3     	26.4     	26.7     	27.4     	28.9     
	2026-04-13  	11:43:31  	00:00:45  	         	34.6     	27.7     	30.4     	47.0     	40.9     	61.4     	73.2     	62.7     	85.6     	84.4     	91.3     	91.9     	80.8     	81.6     	79.8     	80.0     	80.4     	71.3     	64.6     	66.2     	65.2     	62.0     	55.4     	49.2     	42.8     	37.5     	28.1     	23.4     	26.7     	33.1     	34.3     	24.9     	25.0     	26.2     	27.1     	28.7     
	2026-04-13  	11:43:32  	00:00:46  	         	32.2     	28.6     	29.5     	48.1     	42.2     	54.4     	63.5     	62.7     	81.8     	82.2     	93.1     	95.1     	82.2     	83.8     	79.3     	78.9     	79.4     	70.8     	63.9     	64.5     	63.1     	60.2     	53.8     	47.0     	40.5     	35.9     	26.7     	23.5     	27.3     	33.1     	33.8     	24.7     	25.3     	26.4     	27.3     	28.8     
	2026-04-13  	11:43:33  	00:00:47  	         	31.4     	25.5     	27.9     	42.7     	38.5     	60.5     	69.7     	61.6     	86.3     	82.1     	92.0     	90.8     	81.1     	83.7     	79.8     	79.5     	80.3     	70.4     	64.0     	64.0     	62.1     	61.5     	54.3     	46.2     	41.3     	37.2     	27.3     	24.8     	27.8     	34.5     	35.9     	25.3     	25.4     	26.6     	27.6     	28.9     
	2026-04-13  	11:43:34  	00:00:48  	         	28.8     	27.9     	29.7     	46.8     	46.5     	56.9     	66.8     	64.8     	87.0     	84.1     	90.5     	90.6     	82.2     	83.6     	79.7     	78.6     	79.5     	70.9     	65.1     	64.3     	62.7     	60.7     	54.4     	47.6     	41.5     	36.5     	26.5     	24.9     	27.4     	35.3     	35.5     	25.4     	25.7     	26.5     	27.3     	28.8     
	2026-04-13  	11:43:35  	00:00:49  	         	31.1     	28.9     	33.2     	48.9     	47.6     	62.6     	69.9     	62.7     	82.6     	80.2     	91.5     	89.7     	81.7     	81.4     	80.0     	79.1     	78.7     	69.9     	65.2     	63.6     	63.1     	61.1     	55.1     	48.4     	44.6     	36.8     	27.4     	23.7     	28.4     	33.5     	35.7     	24.9     	25.0     	26.2     	27.1     	28.8     
	2026-04-13  	11:43:36  	00:00:50  	         	28.8     	29.4     	32.7     	52.8     	43.5     	61.7     	71.2     	64.8     	85.5     	84.5     	92.8     	90.5     	81.2     	82.1     	79.1     	79.7     	79.9     	70.5     	64.8     	62.6     	61.2     	59.6     	53.6     	47.4     	41.8     	37.2     	27.3     	24.8     	30.8     	38.3     	39.8     	27.1     	26.5     	26.7     	27.5     	28.7     
	2026-04-13  	11:43:37  	00:00:51  	         	29.5     	25.7     	33.7     	42.7     	40.9     	59.9     	71.7     	63.0     	82.7     	85.5     	93.2     	91.7     	82.7     	80.9     	79.6     	79.1     	79.3     	69.5     	63.7     	64.2     	63.5     	59.7     	53.7     	47.2     	41.1     	37.2     	28.2     	24.0     	30.1     	38.4     	39.0     	26.7     	26.4     	26.7     	27.5     	28.9     
	2026-04-13  	11:43:38  	00:00:52  	         	30.5     	23.6     	29.5     	47.3     	41.3     	59.5     	68.4     	61.5     	85.7     	85.9     	92.3     	95.4     	83.8     	82.5     	77.2     	77.9     	78.9     	71.3     	66.8     	67.5     	68.6     	63.5     	58.0     	53.7     	48.4     	47.3     	48.8     	48.8     	50.9     	40.1     	36.1     	25.4     	25.6     	26.4     	27.5     	28.9     
	2026-04-13  	11:43:39  	00:00:53  	         	31.1     	21.0     	29.2     	48.2     	45.1     	60.9     	70.2     	63.1     	84.2     	83.0     	92.7     	92.0     	82.0     	82.2     	80.5     	78.3     	78.3     	70.3     	65.7     	66.3     	67.9     	65.7     	64.1     	64.2     	56.1     	49.4     	45.1     	45.6     	43.1     	40.5     	37.8     	26.9     	26.5     	26.9     	27.7     	28.8     
	2026-04-13  	11:43:40  	00:00:54  	         	26.5     	26.5     	28.5     	44.4     	37.5     	60.8     	70.2     	61.2     	88.1     	83.1     	90.8     	88.9     	83.0     	83.1     	80.7     	79.5     	79.5     	71.3     	66.0     	65.8     	65.0     	65.6     	64.5     	64.1     	60.7     	48.8     	41.4     	42.2     	42.4     	36.1     	36.3     	25.4     	25.3     	26.6     	27.5     	28.8     
	2026-04-13  	11:43:41  	00:00:55  	         	33.9     	27.3     	32.2     	42.3     	41.0     	62.0     	71.4     	62.9     	88.0     	83.5     	91.5     	93.6     	82.4     	83.9     	78.5     	78.3     	78.9     	70.0     	64.8     	66.1     	66.1     	63.8     	64.5     	59.1     	57.8     	50.1     	44.6     	32.0     	42.5     	41.2     	39.2     	26.9     	26.2     	26.6     	27.2     	28.9     
	2026-04-13  	11:43:42  	00:00:56  	         	27.5     	33.7     	31.6     	44.1     	41.7     	60.6     	68.0     	60.6     	85.3     	79.5     	87.8     	88.8     	77.5     	76.4     	72.6     	72.9     	71.4     	64.6     	61.4     	56.5     	54.1     	53.6     	48.1     	46.0     	37.1     	39.9     	36.5     	32.3     	32.8     	33.8     	30.3     	24.2     	24.8     	26.2     	27.3     	28.8     

# RTA LOG Results over the whole log period
	2026-04-13  	11:43:42  	00:00:56  	         	29.5     	28.5     	31.4     	45.9     	41.8     	57.0     	66.8     	59.7     	82.8     	81.3     	89.9     	88.7     	78.2     	78.8     	75.5     	75.1     	75.4     	66.7     	61.2     	63.0     	61.8     	59.6     	56.9     	56.0     	48.3     	41.2     	35.4     	34.3     	37.4     	46.9     	38.1     	24.8     	25.1     	26.1     	27.0     	28.8     

#CheckSum
	3ADFEA7AFA1156FF70F9A38C4B104383