XL2 RTA Spectrum Logging:		KU1000WFS\2026-04-14_SLM_004_RTA_3rd_Log.txt                                   
-------------------------


# Hardware Configuration
	Device Info:    	XL2, SNo. A2A-17501-E0, FW4.33
	Mic Sensitivity:	8.6 mV/Pa
	                	(User calibrated 2026-04-13  13:51)
	Time Zone:      	UTC+01:00 (Europe/Berlin)

# Measurement Setup
	Profile:        	Full mode
	Timer mode:     	continuous
	Timer set:      	--:--:--
	Log-Interval:   	00:00:01
	Resolution:     	1/3 Octave
	Range:          	40 - 140 dB

# Time
	Start:          	2026-04-14, 16:24:20
	End:            	2026-04-14, 16:27:30

# RTA LOG Results 
	            	          	          	         	LZeq_dt  	LZeq_dt  	LZeq_dt  	LZeq_dt  	LZeq_dt  	LZeq_dt  	LZeq_dt  	LZeq_dt  	LZeq_dt  	LZeq_dt  	LZeq_dt  	LZeq_dt  	LZeq_dt  	LZeq_dt  	LZeq_dt  	LZeq_dt  	LZeq_dt  	LZeq_dt  	LZeq_dt  	LZeq_dt  	LZeq_dt  	LZeq_dt  	LZeq_dt  	LZeq_dt  	LZeq_dt  	LZeq_dt  	LZeq_dt  	LZeq_dt  	LZeq_dt  	LZeq_dt  	LZeq_dt  	LZeq_dt  	LZeq_dt  	LZeq_dt  	LZeq_dt  	LZeq_dt  
	Date        	Time      	Timer     	Band [Hz]	6.3      	8.0      	10.0     	12.5     	16.0     	20.0     	25.0     	31.5     	40.0     	50.0     	63.0     	80.0     	100.0    	125.0    	160.0    	200.0    	250.0    	315.0    	400.0    	500.0    	630.0    	800.0    	1000.0   	1250.0   	1600.0   	2000.0   	2500.0   	3150.0   	4000.0   	5000.0   	6300.0   	8000.0   	10000.0  	12500.0  	16000.0  	20000.0  
	[YYYY-MM-DD]	[hh:mm:ss]	[hh:mm:ss]	         	[dB]     	[dB]     	[dB]     	[dB]     	[dB]     	[dB]     	[dB]     	[dB]     	[dB]     	[dB]     	[dB]     	[dB]     	[dB]     	[dB]     	[dB]     	[dB]     	[dB]     	[dB]     	[dB]     	[dB]     	[dB]     	[dB]     	[dB]     	[dB]     	[dB]     	[dB]     	[dB]     	[dB]     	[dB]     	[dB]     	[dB]     	[dB]     	[dB]     	[dB]     	[dB]     	[dB]     
	2026-04-14  	16:24:21  	00:00:01  	         	31.6     	21.8     	33.8     	45.2     	45.8     	48.4     	57.1     	58.7     	71.6     	72.4     	65.1     	61.9     	47.6     	46.5     	44.6     	34.8     	39.6     	37.5     	41.6     	47.2     	33.7     	42.5     	37.8     	46.2     	34.3     	31.7     	27.5     	26.4     	25.4     	22.0     	22.9     	23.7     	24.6     	26.0     	27.0     	29.0     
	2026-04-14  	16:24:22  	00:00:02  	         	31.2     	28.3     	30.6     	46.6     	45.9     	49.5     	61.7     	59.8     	66.9     	70.9     	64.8     	64.4     	45.8     	45.3     	44.3     	32.6     	39.5     	36.0     	45.4     	52.7     	34.0     	45.6     	41.1     	51.5     	39.0     	35.6     	30.2     	29.7     	29.4     	22.4     	22.9     	23.9     	24.5     	26.1     	26.9     	29.0     
	2026-04-14  	16:24:23  	00:00:03  	         	30.5     	16.6     	32.0     	43.5     	46.4     	45.9     	59.8     	59.0     	68.6     	71.1     	65.8     	62.0     	45.9     	46.5     	44.6     	33.3     	40.3     	37.4     	44.0     	50.8     	35.6     	43.9     	40.7     	49.7     	38.3     	34.3     	30.7     	30.5     	27.9     	22.2     	22.7     	23.7     	24.7     	26.2     	27.0     	29.0     
	2026-04-14  	16:24:24  	00:00:04  	         	29.6     	29.0     	31.3     	45.5     	46.0     	44.4     	59.2     	58.9     	67.3     	69.8     	63.6     	60.3     	46.4     	47.1     	44.8     	35.0     	40.3     	37.4     	43.5     	50.4     	36.1     	44.2     	40.2     	49.9     	38.2     	35.1     	35.8     	40.1     	45.9     	56.0     	48.8     	33.2     	27.4     	26.6     	27.3     	29.2     
	2026-04-14  	16:24:25  	00:00:05  	         	30.8     	23.8     	29.6     	43.9     	46.4     	45.8     	56.0     	62.0     	72.7     	73.0     	72.6     	69.8     	48.9     	47.3     	46.2     	38.7     	40.7     	40.0     	35.7     	33.0     	35.5     	36.6     	41.8     	36.2     	32.1     	28.5     	29.0     	28.1     	31.8     	38.3     	30.0     	24.0     	24.5     	26.1     	26.9     	29.1     
	2026-04-14  	16:24:26  	00:00:06  	         	28.2     	26.1     	26.6     	41.9     	46.9     	46.7     	55.1     	57.5     	63.9     	67.7     	62.4     	57.6     	46.4     	47.8     	45.7     	34.5     	38.7     	33.6     	31.6     	31.7     	33.0     	33.3     	32.9     	31.5     	25.3     	23.6     	23.5     	21.8     	21.4     	21.7     	22.8     	23.6     	24.5     	26.0     	27.0     	29.1     
	2026-04-14  	16:24:27  	00:00:07  	         	30.1     	21.4     	30.1     	37.9     	44.8     	45.3     	53.1     	56.6     	59.2     	67.6     	59.9     	58.9     	44.8     	47.8     	45.0     	35.7     	38.7     	33.8     	32.2     	33.4     	34.3     	33.3     	32.6     	32.9     	26.4     	24.1     	24.5     	23.2     	21.3     	21.7     	22.7     	23.8     	24.6     	26.3     	27.1     	29.1     
	2026-04-14  	16:24:28  	00:00:08  	         	34.3     	29.6     	27.9     	43.9     	45.8     	50.7     	55.0     	55.2     	67.7     	66.7     	62.8     	60.5     	48.9     	47.9     	45.7     	41.0     	38.4     	35.8     	31.6     	32.4     	31.6     	30.5     	29.4     	26.4     	24.9     	24.1     	23.8     	22.9     	21.2     	21.5     	22.9     	23.7     	24.6     	26.1     	27.1     	29.2     
	2026-04-14  	16:24:29  	00:00:09  	         	34.4     	26.4     	28.9     	45.3     	44.4     	60.9     	68.6     	61.9     	75.9     	68.8     	73.7     	73.5     	61.2     	55.5     	52.1     	48.3     	46.6     	37.9     	33.9     	32.8     	31.7     	30.1     	28.0     	25.2     	25.1     	23.0     	21.5     	21.6     	21.4     	21.7     	22.8     	23.7     	24.5     	26.1     	27.1     	29.2     
	2026-04-14  	16:24:30  	00:00:10  	         	28.0     	28.1     	30.1     	46.4     	39.3     	51.0     	59.2     	54.7     	83.9     	75.5     	70.2     	77.7     	61.4     	58.9     	55.9     	52.6     	51.5     	43.1     	38.2     	34.1     	34.1     	33.8     	33.6     	32.1     	25.6     	24.3     	21.8     	21.3     	21.0     	21.8     	22.8     	23.9     	24.7     	26.2     	27.0     	29.2     
	2026-04-14  	16:24:31  	00:00:11  	         	29.4     	26.9     	29.6     	46.6     	37.8     	50.3     	62.7     	57.1     	86.3     	82.6     	67.9     	69.9     	66.8     	63.1     	60.3     	53.8     	52.2     	45.1     	40.7     	39.6     	36.9     	35.0     	35.1     	32.4     	27.7     	26.0     	22.9     	22.3     	22.2     	22.1     	22.7     	24.0     	24.7     	26.2     	27.1     	29.1     
	2026-04-14  	16:24:32  	00:00:12  	         	31.6     	27.5     	33.2     	59.2     	62.2     	54.2     	64.5     	51.7     	76.5     	79.4     	71.6     	71.3     	65.8     	61.2     	60.2     	56.4     	54.0     	45.4     	42.2     	38.2     	36.8     	33.6     	34.2     	31.6     	27.4     	25.9     	23.0     	21.9     	21.7     	21.8     	22.5     	23.8     	24.4     	26.0     	26.9     	29.2     
	2026-04-14  	16:24:33  	00:00:13  	         	32.6     	30.0     	27.6     	60.9     	62.4     	51.7     	54.0     	47.2     	70.8     	68.4     	76.7     	72.3     	64.0     	69.0     	59.3     	55.8     	54.7     	46.2     	42.3     	39.8     	37.0     	32.8     	34.1     	32.2     	29.0     	25.8     	22.8     	22.4     	21.2     	21.6     	22.8     	23.8     	24.6     	26.1     	27.1     	29.1     
	2026-04-14  	16:24:34  	00:00:14  	         	30.9     	24.7     	23.3     	49.2     	50.9     	47.9     	54.4     	49.8     	71.1     	66.8     	79.2     	69.9     	58.0     	61.4     	61.2     	62.8     	55.9     	46.9     	42.7     	42.3     	37.0     	34.2     	33.3     	31.1     	29.8     	25.7     	21.8     	21.6     	21.3     	21.9     	22.7     	23.9     	24.7     	26.3     	26.8     	29.2     
	2026-04-14  	16:24:35  	00:00:15  	         	29.1     	27.0     	30.5     	46.2     	42.0     	47.4     	58.7     	54.6     	71.6     	68.5     	84.3     	74.8     	59.6     	65.0     	63.1     	56.7     	55.3     	49.0     	45.2     	42.0     	38.2     	36.1     	35.4     	32.9     	30.4     	26.9     	22.3     	21.7     	21.5     	21.9     	22.8     	23.9     	24.8     	26.2     	27.0     	29.1     
	2026-04-14  	16:24:36  	00:00:16  	         	26.4     	22.2     	32.0     	50.3     	42.5     	50.9     	63.2     	53.2     	76.9     	73.0     	79.8     	85.1     	60.3     	62.6     	63.7     	58.4     	55.0     	49.8     	45.8     	43.8     	41.1     	37.1     	38.4     	35.0     	32.3     	28.5     	24.1     	22.3     	22.0     	22.1     	22.8     	24.0     	24.6     	26.2     	27.0     	29.1     
	2026-04-14  	16:24:37  	00:00:17  	         	28.7     	25.4     	34.6     	44.7     	43.1     	51.6     	58.6     	49.3     	72.9     	75.6     	72.2     	71.5     	64.9     	61.0     	58.4     	52.7     	51.3     	45.5     	40.8     	40.2     	38.5     	37.8     	36.4     	34.9     	30.5     	27.0     	23.2     	21.8     	21.4     	21.6     	22.6     	23.8     	24.5     	26.2     	27.2     	29.1     
	2026-04-14  	16:24:38  	00:00:18  	         	30.1     	30.6     	32.3     	40.4     	42.3     	47.4     	59.7     	51.5     	67.0     	78.0     	73.8     	74.0     	62.6     	61.6     	58.0     	54.3     	50.9     	44.6     	41.6     	41.5     	37.7     	37.0     	35.6     	33.6     	29.9     	27.3     	23.2     	21.5     	21.4     	21.9     	22.7     	23.8     	24.6     	26.1     	27.0     	29.1     
	2026-04-14  	16:24:39  	00:00:19  	         	29.0     	39.2     	36.3     	45.0     	40.7     	49.0     	58.1     	51.4     	69.7     	71.6     	72.9     	64.8     	61.2     	64.3     	54.1     	53.7     	52.1     	46.6     	44.9     	40.2     	47.0     	42.6     	42.6     	40.8     	35.3     	30.3     	26.4     	23.5     	21.7     	21.6     	22.6     	23.8     	24.5     	26.1     	27.0     	29.0     
	2026-04-14  	16:24:40  	00:00:20  	         	41.5     	50.6     	39.8     	48.3     	45.3     	51.3     	62.8     	55.2     	76.9     	73.7     	73.9     	69.5     	61.5     	66.5     	54.7     	54.5     	51.5     	44.6     	42.7     	44.3     	45.2     	42.7     	42.2     	42.0     	35.6     	31.3     	26.5     	23.4     	22.1     	22.0     	22.7     	23.7     	24.4     	26.3     	27.1     	29.1     
	2026-04-14  	16:24:41  	00:00:21  	         	41.5     	40.9     	32.6     	48.4     	41.4     	46.7     	59.6     	50.0     	72.6     	69.9     	78.1     	72.8     	57.9     	60.8     	58.1     	55.6     	52.9     	44.3     	40.4     	42.2     	42.0     	39.0     	40.0     	37.8     	34.6     	31.6     	25.9     	23.5     	21.6     	21.7     	22.5     	23.8     	24.7     	26.2     	27.0     	29.1     
	2026-04-14  	16:24:42  	00:00:22  	         	29.3     	30.6     	26.1     	40.1     	44.5     	48.8     	60.0     	53.3     	73.2     	70.4     	84.0     	71.4     	62.5     	62.4     	55.9     	53.3     	53.1     	49.2     	46.0     	42.2     	48.4     	44.4     	38.7     	37.0     	33.6     	30.8     	27.1     	26.0     	22.4     	21.9     	23.0     	23.8     	24.4     	26.0     	27.0     	29.1     
	2026-04-14  	16:24:43  	00:00:23  	         	28.1     	27.6     	32.4     	43.5     	48.8     	52.0     	61.7     	55.6     	80.6     	74.6     	70.6     	76.9     	62.8     	63.3     	55.7     	49.4     	49.8     	44.5     	43.6     	45.9     	46.6     	44.4     	42.8     	41.2     	36.3     	34.7     	28.9     	24.7     	24.6     	30.5     	31.8     	25.9     	25.0     	26.1     	27.0     	29.1     
	2026-04-14  	16:24:44  	00:00:24  	         	26.1     	24.1     	28.9     	45.5     	39.5     	59.6     	70.1     	54.0     	82.1     	80.3     	65.5     	68.3     	69.3     	61.3     	59.6     	50.2     	51.7     	45.7     	39.9     	42.4     	41.6     	41.0     	38.5     	36.5     	32.3     	30.2     	26.4     	24.2     	21.8     	21.7     	22.7     	23.8     	24.3     	26.1     	26.9     	29.1     
	2026-04-14  	16:24:45  	00:00:25  	         	30.4     	28.4     	33.9     	46.0     	42.3     	50.9     	59.8     	53.0     	68.3     	74.4     	77.9     	78.3     	67.0     	67.8     	60.4     	51.9     	50.7     	45.1     	41.5     	41.4     	38.1     	35.2     	34.2     	33.3     	30.2     	29.3     	25.3     	22.8     	21.5     	21.8     	22.7     	23.7     	24.6     	26.1     	26.9     	29.1     
	2026-04-14  	16:24:46  	00:00:26  	         	28.6     	28.6     	28.8     	44.7     	49.4     	55.2     	60.8     	48.9     	64.9     	67.2     	79.0     	72.9     	63.5     	68.3     	59.5     	56.0     	52.1     	44.5     	41.6     	42.0     	42.2     	37.8     	35.4     	34.3     	36.9     	31.5     	33.5     	31.2     	23.4     	24.9     	25.6     	24.1     	24.5     	26.0     	27.0     	29.2     
	2026-04-14  	16:24:47  	00:00:27  	         	27.3     	33.7     	33.0     	53.4     	48.2     	54.6     	69.0     	59.0     	73.7     	75.3     	83.1     	76.4     	60.5     	63.9     	61.2     	56.4     	54.5     	47.5     	42.2     	42.2     	39.4     	37.7     	35.8     	34.5     	32.8     	29.4     	26.4     	23.9     	22.6     	22.9     	25.8     	24.1     	24.6     	26.2     	27.1     	29.1     
	2026-04-14  	16:24:48  	00:00:28  	         	28.6     	28.2     	31.4     	50.1     	42.9     	56.7     	68.0     	59.8     	81.0     	75.6     	85.6     	75.8     	66.2     	63.7     	60.6     	56.8     	54.6     	49.2     	43.2     	40.5     	38.7     	37.7     	36.5     	34.9     	32.4     	29.6     	25.0     	23.4     	23.1     	23.7     	26.9     	24.1     	24.7     	26.2     	26.8     	29.0     
	2026-04-14  	16:24:49  	00:00:29  	         	30.4     	22.5     	36.4     	57.9     	62.3     	58.4     	61.9     	53.9     	76.8     	74.8     	79.7     	78.7     	61.0     	63.1     	59.9     	56.5     	54.6     	47.6     	45.5     	43.9     	39.9     	38.1     	36.7     	35.5     	32.4     	29.5     	24.8     	22.8     	22.1     	22.1     	22.7     	23.9     	24.7     	26.1     	27.1     	29.1     
	2026-04-14  	16:24:50  	00:00:30  	         	29.3     	29.2     	29.1     	49.9     	59.0     	54.0     	66.2     	59.3     	80.0     	76.2     	77.9     	73.1     	60.8     	61.7     	59.1     	56.7     	54.6     	50.5     	43.9     	43.1     	47.9     	45.1     	40.2     	38.5     	35.8     	36.8     	29.1     	25.2     	22.9     	22.7     	24.5     	23.9     	24.6     	26.2     	27.0     	29.1     
	2026-04-14  	16:24:51  	00:00:31  	         	33.7     	28.4     	28.6     	38.5     	38.1     	54.1     	61.0     	53.9     	74.9     	71.4     	77.7     	72.2     	60.3     	58.7     	58.7     	55.4     	53.9     	47.3     	44.4     	42.1     	40.5     	39.9     	36.8     	36.4     	33.1     	30.2     	25.8     	23.7     	22.0     	21.8     	22.7     	24.0     	24.5     	26.1     	27.1     	29.2     
	2026-04-14  	16:24:52  	00:00:32  	         	29.8     	27.7     	29.9     	42.0     	42.4     	60.6     	69.4     	60.2     	71.7     	68.6     	76.8     	70.5     	60.5     	62.1     	58.8     	55.5     	53.7     	48.5     	42.0     	44.5     	42.5     	41.8     	39.1     	36.5     	37.0     	36.0     	30.1     	25.5     	25.2     	30.1     	31.5     	25.3     	24.8     	26.2     	27.1     	29.2     
	2026-04-14  	16:24:53  	00:00:33  	         	34.0     	28.5     	30.0     	46.2     	41.2     	58.0     	69.8     	59.5     	73.8     	73.8     	77.7     	72.4     	62.3     	62.3     	58.9     	54.9     	54.4     	47.9     	43.0     	43.4     	49.6     	45.5     	45.7     	42.6     	37.6     	30.9     	28.8     	25.6     	23.6     	23.3     	26.9     	24.1     	24.6     	26.1     	27.1     	29.1     
	2026-04-14  	16:24:54  	00:00:34  	         	24.5     	41.5     	36.2     	41.4     	39.6     	51.0     	62.9     	49.5     	70.4     	69.6     	78.3     	75.1     	59.6     	61.2     	58.7     	55.6     	53.9     	48.4     	44.2     	42.0     	40.7     	41.9     	41.4     	38.2     	35.6     	33.2     	28.2     	26.8     	22.3     	22.1     	22.8     	23.9     	24.4     	26.1     	27.1     	29.0     
	2026-04-14  	16:24:55  	00:00:35  	         	31.1     	34.7     	35.7     	40.2     	43.0     	47.5     	55.1     	44.1     	63.6     	63.4     	77.9     	71.0     	62.4     	61.1     	58.8     	56.5     	53.3     	46.7     	44.2     	41.8     	44.4     	43.3     	44.3     	43.5     	40.3     	35.1     	28.1     	24.5     	23.2     	22.0     	22.9     	23.8     	24.5     	26.1     	26.9     	29.1     
	2026-04-14  	16:24:56  	00:00:36  	         	29.7     	25.0     	26.5     	36.8     	39.1     	45.6     	59.4     	50.8     	70.4     	67.1     	78.0     	75.1     	62.1     	60.0     	59.2     	56.3     	54.4     	46.7     	43.1     	41.9     	38.4     	40.5     	39.8     	38.1     	34.2     	29.9     	25.2     	23.5     	22.0     	22.0     	22.8     	24.0     	24.6     	26.0     	27.0     	29.1     
	2026-04-14  	16:24:57  	00:00:37  	         	44.3     	51.5     	52.5     	55.2     	44.9     	52.9     	65.0     	58.3     	75.7     	72.7     	79.7     	74.5     	64.0     	60.9     	57.9     	56.1     	53.3     	46.5     	42.6     	41.3     	37.8     	36.6     	36.2     	35.4     	33.3     	29.1     	25.6     	23.8     	22.9     	22.9     	25.6     	24.0     	24.8     	26.1     	27.1     	29.1     
	2026-04-14  	16:24:58  	00:00:38  	         	44.0     	57.4     	56.0     	52.7     	47.7     	62.5     	70.1     	60.4     	80.6     	77.0     	78.9     	78.9     	71.1     	70.3     	67.5     	65.0     	63.2     	55.5     	48.3     	48.1     	44.7     	43.6     	37.9     	35.8     	33.2     	29.8     	26.7     	24.3     	24.9     	28.6     	30.6     	25.2     	24.8     	26.3     	27.0     	29.1     
	2026-04-14  	16:24:59  	00:00:39  	         	33.4     	38.1     	43.5     	45.7     	46.2     	62.9     	72.9     	63.4     	82.2     	78.6     	83.0     	80.6     	71.1     	70.1     	67.0     	65.0     	63.1     	55.5     	49.1     	46.9     	44.3     	43.4     	39.0     	37.1     	34.2     	30.5     	28.5     	26.5     	27.2     	33.9     	34.5     	27.4     	25.5     	26.7     	27.0     	29.1     
	2026-04-14  	16:25:00  	00:00:40  	         	35.2     	37.5     	37.7     	42.4     	41.8     	60.0     	69.8     	62.9     	83.1     	81.9     	81.0     	81.8     	71.7     	69.4     	66.9     	65.0     	63.0     	54.8     	48.4     	47.1     	44.4     	42.5     	39.6     	37.4     	34.0     	30.9     	27.2     	25.1     	25.3     	29.9     	31.3     	25.9     	25.0     	26.4     	27.1     	29.1     
	2026-04-14  	16:25:01  	00:00:41  	         	34.0     	34.1     	30.9     	47.8     	42.9     	60.7     	68.6     	64.0     	86.4     	84.0     	79.9     	80.1     	71.3     	70.9     	67.5     	65.4     	62.9     	56.9     	50.0     	47.1     	48.3     	45.8     	46.7     	44.4     	39.3     	36.0     	29.5     	27.6     	26.0     	30.2     	31.8     	26.0     	25.1     	26.7     	27.1     	29.1     
	2026-04-14  	16:25:02  	00:00:42  	         	28.5     	34.3     	34.2     	47.6     	42.2     	57.7     	70.1     	61.6     	84.5     	81.1     	83.1     	78.8     	71.8     	70.7     	66.9     	63.8     	61.8     	54.3     	48.5     	47.4     	44.3     	42.1     	39.0     	37.2     	34.0     	30.4     	27.8     	25.9     	25.4     	30.0     	31.9     	25.8     	25.2     	26.5     	27.0     	29.1     
	2026-04-14  	16:25:03  	00:00:43  	         	34.5     	35.5     	31.9     	50.3     	44.8     	61.5     	69.1     	62.2     	84.7     	79.0     	81.1     	81.4     	71.9     	70.0     	67.6     	64.1     	62.0     	55.7     	49.9     	47.0     	46.2     	44.1     	40.2     	37.2     	35.1     	33.1     	27.4     	25.8     	24.9     	28.8     	30.5     	25.2     	24.8     	26.3     	27.1     	29.1     
	2026-04-14  	16:25:04  	00:00:44  	         	29.6     	43.6     	35.5     	52.7     	44.0     	63.2     	73.4     	63.5     	83.7     	77.5     	82.0     	77.8     	69.5     	67.9     	66.0     	64.5     	61.1     	53.9     	48.7     	48.8     	47.0     	44.9     	41.0     	40.3     	35.9     	32.1     	30.6     	27.4     	28.4     	34.1     	36.0     	28.2     	25.5     	26.6     	27.1     	29.0     
	2026-04-14  	16:25:05  	00:00:45  	         	32.9     	39.0     	33.1     	41.0     	44.7     	60.8     	74.2     	62.6     	83.1     	80.1     	81.1     	80.8     	69.4     	68.8     	66.3     	64.7     	62.6     	55.3     	48.3     	47.1     	45.3     	42.4     	39.3     	37.7     	35.3     	32.3     	28.6     	26.1     	25.5     	29.7     	31.0     	25.7     	25.0     	26.4     	27.0     	29.1     
	2026-04-14  	16:25:06  	00:00:46  	         	46.6     	55.3     	50.5     	49.0     	44.3     	55.6     	64.1     	62.6     	79.2     	77.5     	82.4     	83.6     	72.0     	71.5     	67.7     	64.9     	62.4     	55.4     	49.5     	48.0     	44.4     	42.7     	38.4     	36.8     	33.4     	31.8     	27.1     	25.5     	25.6     	28.6     	30.4     	25.3     	25.0     	26.6     	27.1     	29.0     
	2026-04-14  	16:25:07  	00:00:47  	         	60.4     	59.5     	51.6     	52.0     	48.0     	61.5     	71.2     	63.1     	84.5     	78.1     	81.8     	79.0     	68.8     	70.3     	66.9     	64.5     	61.9     	54.1     	48.7     	47.1     	44.9     	43.5     	39.0     	36.7     	33.9     	32.0     	28.2     	26.9     	26.4     	30.9     	32.1     	26.1     	25.2     	26.6     	27.1     	29.1     
	2026-04-14  	16:25:08  	00:00:48  	         	47.5     	51.3     	41.6     	46.6     	44.1     	58.5     	68.4     	64.5     	84.5     	80.2     	79.9     	78.1     	69.8     	70.2     	66.8     	63.4     	62.0     	55.1     	49.1     	47.2     	44.8     	42.6     	39.3     	37.2     	34.6     	31.7     	28.1     	26.7     	25.7     	31.3     	31.6     	26.1     	25.0     	26.4     	27.1     	29.0     
	2026-04-14  	16:25:09  	00:00:49  	         	31.0     	35.4     	26.6     	50.2     	43.7     	63.7     	70.9     	63.3     	80.8     	75.7     	81.6     	77.7     	70.7     	68.4     	66.1     	64.3     	61.1     	54.0     	49.9     	46.2     	44.1     	43.1     	39.9     	37.9     	37.1     	31.9     	29.7     	26.5     	26.6     	30.3     	32.8     	26.1     	25.2     	26.4     	27.1     	29.1     
	2026-04-14  	16:25:10  	00:00:50  	         	30.4     	32.4     	25.0     	48.6     	41.0     	63.0     	72.5     	64.9     	83.4     	80.2     	82.6     	78.7     	71.2     	69.0     	64.4     	64.0     	61.7     	54.6     	48.5     	45.6     	42.9     	41.4     	38.3     	37.3     	34.1     	31.8     	28.8     	27.2     	28.4     	34.1     	36.2     	28.0     	25.5     	26.6     	27.1     	29.2     
	2026-04-14  	16:25:11  	00:00:51  	         	36.3     	32.0     	30.0     	46.3     	45.1     	60.5     	72.6     	63.3     	80.1     	81.4     	82.4     	80.9     	71.5     	68.8     	66.5     	63.7     	61.2     	53.1     	47.2     	46.0     	45.5     	42.1     	38.8     	38.2     	34.2     	32.1     	29.4     	27.6     	27.7     	34.2     	34.8     	27.8     	25.5     	26.7     	27.2     	29.0     
	2026-04-14  	16:25:12  	00:00:52  	         	28.8     	31.2     	32.9     	47.7     	43.2     	59.6     	69.5     	61.5     	83.4     	81.0     	81.6     	84.1     	73.4     	70.4     	65.6     	64.0     	61.6     	55.8     	51.1     	48.3     	48.8     	47.6     	44.2     	42.1     	43.1     	42.6     	48.0     	51.9     	52.1     	35.1     	32.7     	26.4     	25.2     	26.4     	26.9     	29.1     
	2026-04-14  	16:25:13  	00:00:53  	         	30.8     	27.1     	31.1     	48.1     	44.8     	61.0     	71.0     	62.5     	80.9     	77.6     	82.5     	80.4     	71.5     	70.1     	68.1     	63.8     	61.4     	56.0     	50.8     	48.6     	48.6     	48.6     	48.8     	51.0     	51.8     	46.6     	44.5     	49.4     	41.0     	35.6     	34.3     	27.5     	25.3     	26.5     	27.0     	29.1     
	2026-04-14  	16:25:14  	00:00:54  	         	29.9     	30.0     	33.7     	45.3     	46.4     	62.2     	71.6     	60.8     	85.7     	79.4     	80.2     	78.3     	72.3     	69.8     	66.1     	66.1     	62.3     	56.5     	50.4     	48.2     	47.2     	46.7     	48.9     	50.5     	53.2     	44.4     	39.7     	44.4     	41.2     	31.5     	33.0     	26.0     	25.0     	26.5     	26.9     	29.1     
	2026-04-14  	16:25:15  	00:00:55  	         	25.2     	28.1     	30.7     	43.8     	41.8     	63.5     	72.3     	62.7     	85.7     	79.8     	80.6     	82.3     	71.6     	71.8     	66.3     	64.1     	60.8     	53.6     	50.4     	48.6     	47.9     	46.0     	52.9     	47.4     	53.8     	45.6     	43.3     	35.0     	38.9     	36.7     	35.6     	27.8     	25.4     	26.6     	27.0     	29.0     
	2026-04-14  	16:25:16  	00:00:56  	         	24.7     	26.9     	27.9     	49.4     	46.2     	60.3     	70.1     	60.8     	85.1     	81.1     	82.0     	82.0     	70.7     	70.0     	66.6     	63.8     	63.2     	54.5     	49.4     	48.2     	48.2     	46.5     	46.7     	50.4     	50.3     	46.8     	47.4     	43.7     	36.0     	31.8     	32.6     	26.2     	25.1     	26.6     	27.1     	29.0     
	2026-04-14  	16:25:17  	00:00:57  	         	28.3     	28.9     	30.9     	52.3     	47.4     	60.9     	71.3     	63.7     	84.9     	80.3     	81.1     	80.1     	73.0     	68.1     	66.7     	65.0     	62.0     	57.3     	50.8     	49.5     	49.6     	44.9     	53.3     	49.9     	51.4     	47.6     	46.6     	46.7     	40.1     	30.7     	33.4     	26.0     	25.2     	26.4     	27.1     	29.1     
	2026-04-14  	16:25:18  	00:00:58  	         	30.2     	31.4     	30.3     	50.6     	43.9     	58.5     	69.8     	63.5     	83.5     	81.4     	80.7     	78.2     	73.2     	70.9     	67.1     	65.7     	63.4     	55.3     	50.3     	48.5     	49.0     	46.6     	53.4     	47.4     	50.4     	44.2     	43.9     	42.2     	33.7     	32.1     	32.1     	26.0     	25.2     	26.5     	27.1     	29.1     
	2026-04-14  	16:25:19  	00:00:59  	         	30.7     	32.5     	26.5     	47.4     	45.7     	59.0     	70.8     	64.1     	84.8     	82.6     	82.0     	77.3     	69.7     	69.5     	65.8     	62.6     	60.7     	54.6     	50.3     	50.5     	51.0     	49.1     	48.3     	43.5     	42.2     	42.2     	45.7     	44.4     	35.9     	31.6     	32.1     	25.9     	24.8     	26.3     	27.1     	29.1     
	2026-04-14  	16:25:20  	00:01:00  	         	28.1     	23.0     	31.2     	40.1     	45.0     	58.4     	68.1     	61.9     	84.6     	81.6     	82.7     	76.0     	69.6     	66.7     	64.9     	62.6     	62.7     	54.8     	49.7     	47.9     	48.9     	43.8     	42.9     	40.5     	38.9     	37.1     	33.2     	34.5     	36.1     	34.6     	32.8     	26.6     	25.3     	26.5     	27.2     	29.2     
	2026-04-14  	16:25:21  	00:01:01  	         	30.1     	27.9     	33.1     	41.7     	43.4     	57.3     	65.5     	61.6     	82.1     	78.0     	82.2     	79.4     	70.0     	69.6     	66.1     	64.6     	61.7     	55.2     	49.9     	48.4     	46.4     	44.7     	49.6     	46.5     	49.1     	40.2     	36.4     	39.5     	38.3     	36.6     	31.1     	25.7     	25.1     	26.4     	27.0     	29.1     
	2026-04-14  	16:25:22  	00:01:02  	         	24.3     	29.9     	31.2     	48.7     	46.8     	58.4     	70.3     	61.8     	82.7     	78.6     	82.2     	82.3     	70.6     	69.8     	65.7     	64.4     	61.7     	54.5     	49.1     	47.0     	47.4     	44.7     	43.5     	42.2     	42.9     	41.5     	42.1     	48.4     	45.3     	34.4     	32.3     	26.4     	25.2     	26.4     	27.0     	29.1     
	2026-04-14  	16:25:23  	00:01:03  	         	29.7     	28.1     	30.3     	46.9     	44.0     	60.6     	76.2     	66.0     	82.1     	77.3     	81.1     	77.0     	71.9     	71.5     	68.1     	64.3     	61.4     	53.8     	48.7     	46.6     	45.8     	44.6     	42.0     	40.1     	43.6     	39.1     	34.1     	32.1     	29.9     	32.4     	35.3     	27.0     	25.4     	26.5     	27.0     	29.2     
	2026-04-14  	16:25:24  	00:01:04  	         	28.0     	26.1     	34.5     	44.3     	42.8     	57.2     	69.1     	64.3     	82.3     	78.9     	81.1     	83.0     	70.6     	70.2     	67.4     	65.4     	63.0     	55.8     	48.5     	47.4     	45.0     	42.8     	38.5     	36.5     	33.2     	29.7     	25.9     	25.2     	26.8     	30.8     	33.4     	26.3     	25.2     	26.6     	27.1     	29.2     
	2026-04-14  	16:25:25  	00:01:05  	         	26.2     	26.8     	33.0     	46.7     	46.5     	60.3     	73.1     	60.4     	81.9     	77.3     	81.9     	80.2     	68.4     	69.9     	64.7     	60.7     	58.4     	51.2     	47.1     	45.3     	43.4     	42.1     	43.3     	42.6     	36.3     	32.9     	27.3     	25.5     	28.3     	33.8     	35.9     	27.7     	25.2     	26.4     	27.0     	29.1     
	2026-04-14  	16:25:26  	00:01:06  	         	21.1     	29.8     	33.1     	45.7     	46.7     	51.3     	65.5     	53.7     	67.8     	72.4     	81.9     	78.4     	67.1     	63.6     	59.4     	56.3     	53.8     	47.7     	41.1     	39.8     	42.5     	42.4     	39.6     	41.6     	34.9     	32.4     	26.8     	24.4     	23.3     	21.7     	22.7     	23.8     	24.6     	26.1     	27.0     	29.0     
	2026-04-14  	16:25:27  	00:01:07  	         	28.1     	31.3     	32.3     	44.9     	43.5     	56.1     	65.9     	57.4     	75.6     	75.7     	78.5     	73.3     	63.6     	66.2     	58.7     	54.6     	52.2     	43.6     	42.3     	39.2     	37.4     	34.1     	34.2     	33.6     	32.2     	28.6     	25.1     	22.3     	22.3     	22.1     	22.8     	24.0     	24.8     	26.2     	26.9     	29.1     
	2026-04-14  	16:25:28  	00:01:08  	         	28.8     	28.9     	31.0     	45.9     	40.3     	50.9     	61.7     	50.8     	74.3     	74.2     	71.0     	72.3     	63.6     	58.6     	57.5     	52.9     	50.8     	44.3     	42.8     	39.9     	36.2     	33.8     	34.4     	33.0     	31.1     	29.2     	26.4     	23.4     	21.8     	21.6     	22.7     	23.8     	24.6     	26.0     	27.0     	29.1     
	2026-04-14  	16:25:29  	00:01:09  	         	31.5     	31.2     	36.1     	41.9     	43.8     	53.9     	66.3     	56.5     	69.2     	76.2     	74.7     	74.2     	65.3     	58.8     	54.1     	51.7     	48.8     	41.8     	38.7     	38.4     	34.7     	33.3     	34.2     	32.4     	29.6     	27.2     	22.9     	21.6     	21.8     	21.9     	22.6     	23.8     	24.6     	26.2     	27.1     	29.2     
	2026-04-14  	16:25:30  	00:01:10  	         	32.4     	34.5     	30.2     	41.9     	44.9     	49.4     	62.0     	53.6     	82.9     	80.5     	63.5     	71.3     	63.2     	57.6     	54.4     	51.8     	50.6     	44.0     	41.5     	46.4     	46.4     	44.6     	37.3     	41.0     	33.0     	31.2     	27.4     	23.5     	22.0     	21.9     	22.7     	23.8     	24.7     	26.0     	27.1     	29.1     
	2026-04-14  	16:25:31  	00:01:11  	         	29.6     	23.6     	32.8     	47.6     	38.5     	57.8     	68.1     	60.3     	72.3     	69.6     	67.1     	70.7     	56.5     	53.9     	48.8     	44.2     	44.5     	37.7     	39.4     	47.4     	42.9     	40.1     	45.3     	43.3     	37.8     	33.0     	26.8     	23.7     	21.5     	21.8     	22.7     	23.8     	24.5     	26.0     	26.9     	29.1     
	2026-04-14  	16:25:32  	00:01:12  	         	30.3     	29.8     	35.3     	43.6     	44.6     	56.4     	62.1     	56.8     	68.2     	67.2     	65.0     	61.4     	46.4     	47.9     	44.1     	34.0     	44.0     	46.5     	33.2     	38.4     	48.0     	45.3     	42.5     	44.4     	36.9     	28.5     	24.1     	23.2     	22.2     	21.9     	22.6     	23.6     	24.3     	26.1     	27.0     	29.0     
	2026-04-14  	16:25:33  	00:01:13  	         	27.1     	23.6     	32.4     	44.6     	45.8     	49.1     	53.9     	56.4     	62.8     	67.7     	60.8     	59.3     	46.5     	47.6     	44.2     	31.8     	36.9     	35.8     	34.5     	34.4     	32.2     	35.2     	30.6     	27.1     	31.8     	29.2     	26.0     	22.4     	21.7     	21.7     	22.6     	23.5     	24.6     	26.0     	26.9     	29.1     
	2026-04-14  	16:25:34  	00:01:14  	         	31.2     	32.7     	32.8     	42.5     	44.9     	45.4     	53.7     	56.5     	61.5     	66.6     	62.7     	62.2     	44.9     	47.0     	45.2     	32.6     	38.3     	34.6     	31.3     	35.8     	40.6     	32.7     	40.5     	32.5     	28.2     	27.2     	24.5     	22.9     	21.2     	21.6     	22.7     	23.8     	24.5     	26.2     	27.0     	29.0     
	2026-04-14  	16:25:35  	00:01:15  	         	33.9     	35.6     	34.3     	38.7     	44.8     	46.7     	54.0     	55.8     	63.4     	66.8     	59.9     	58.4     	46.7     	46.8     	44.9     	35.3     	39.2     	35.7     	32.9     	33.7     	32.8     	34.2     	33.0     	32.9     	32.5     	33.4     	36.0     	41.3     	47.8     	56.3     	49.0     	32.9     	26.9     	26.5     	27.1     	29.0     
	2026-04-14  	16:25:36  	00:01:16  	         	34.3     	29.5     	30.3     	42.0     	45.3     	44.6     	53.8     	56.3     	59.5     	66.8     	60.3     	61.6     	46.9     	48.6     	45.1     	35.6     	38.5     	34.8     	33.6     	33.3     	34.0     	36.7     	34.6     	34.5     	30.5     	27.4     	26.0     	28.5     	32.6     	38.5     	30.0     	24.0     	24.5     	26.1     	27.1     	29.1     
	2026-04-14  	16:25:37  	00:01:17  	         	32.3     	28.3     	30.0     	44.1     	45.4     	45.1     	53.3     	56.9     	65.3     	68.2     	60.4     	58.6     	45.4     	47.6     	45.7     	37.2     	41.0     	45.5     	41.3     	39.8     	42.5     	43.3     	46.6     	44.8     	37.6     	32.6     	27.7     	26.6     	21.9     	21.8     	22.5     	23.8     	24.6     	26.0     	26.9     	29.1     
	2026-04-14  	16:25:38  	00:01:18  	         	33.0     	26.2     	26.9     	41.0     	44.5     	46.6     	54.2     	56.7     	65.6     	67.8     	60.2     	55.5     	44.9     	47.6     	46.4     	36.9     	42.8     	38.9     	36.1     	39.5     	42.5     	40.3     	38.9     	36.9     	33.3     	31.2     	26.4     	23.7     	22.5     	21.9     	22.6     	23.6     	24.6     	26.0     	26.9     	29.0     
	2026-04-14  	16:25:39  	00:01:19  	         	27.5     	30.1     	29.3     	39.4     	44.1     	47.2     	56.0     	56.7     	63.4     	68.3     	60.6     	58.0     	45.5     	46.3     	44.6     	37.0     	38.5     	35.2     	35.0     	36.2     	32.9     	35.9     	35.6     	34.4     	32.3     	28.2     	24.2     	22.3     	21.2     	21.7     	22.6     	23.8     	24.4     	26.2     	26.9     	29.0     
	2026-04-14  	16:25:40  	00:01:20  	         	26.5     	27.4     	25.5     	43.1     	45.5     	48.8     	53.4     	56.2     	66.8     	67.1     	61.6     	61.6     	46.7     	47.4     	44.7     	34.9     	38.2     	35.7     	33.7     	32.2     	32.2     	35.5     	33.7     	31.9     	29.9     	27.7     	24.1     	22.1     	21.5     	21.8     	22.8     	23.6     	24.5     	26.1     	26.9     	29.1     
	2026-04-14  	16:25:41  	00:01:21  	         	30.9     	24.0     	26.9     	44.1     	45.8     	50.7     	56.5     	56.8     	65.1     	67.4     	59.7     	57.0     	44.7     	47.3     	45.8     	34.8     	38.2     	35.8     	32.9     	33.0     	35.5     	36.1     	34.0     	32.7     	30.6     	27.7     	24.7     	23.1     	21.6     	21.5     	22.6     	23.8     	24.5     	25.9     	26.8     	29.1     
	2026-04-14  	16:25:42  	00:01:22  	         	34.1     	32.5     	24.3     	36.2     	44.9     	49.4     	55.5     	56.7     	64.5     	67.0     	60.4     	59.7     	46.2     	45.8     	44.2     	33.8     	38.9     	35.9     	32.2     	35.0     	34.7     	37.8     	35.7     	33.1     	30.4     	28.5     	24.9     	23.1     	21.4     	21.4     	22.4     	23.5     	24.5     	26.1     	27.0     	29.1     
	2026-04-14  	16:25:43  	00:01:23  	         	24.8     	26.4     	28.2     	43.0     	43.7     	45.6     	54.6     	56.6     	60.2     	67.8     	61.3     	63.0     	45.2     	47.2     	45.4     	36.2     	40.4     	38.5     	34.5     	35.5     	37.1     	39.2     	36.6     	39.2     	31.8     	30.6     	24.5     	22.9     	21.3     	21.4     	22.8     	23.8     	24.5     	26.1     	27.1     	29.0     
	2026-04-14  	16:25:44  	00:01:24  	         	29.0     	23.6     	30.0     	37.5     	45.4     	44.6     	55.7     	56.5     	64.7     	67.0     	59.4     	56.2     	46.0     	48.8     	46.3     	39.9     	45.0     	43.2     	39.4     	41.5     	45.1     	43.6     	42.1     	39.0     	37.7     	33.4     	27.7     	24.7     	21.7     	21.7     	22.6     	23.6     	24.6     	26.0     	27.0     	29.2     
	2026-04-14  	16:25:45  	00:01:25  	         	28.0     	30.8     	29.5     	40.9     	44.9     	47.2     	52.6     	56.6     	61.1     	67.6     	60.9     	57.1     	44.0     	46.8     	46.3     	39.6     	41.0     	38.8     	38.9     	38.9     	39.9     	40.8     	37.9     	38.1     	33.9     	29.7     	26.7     	25.1     	21.5     	21.5     	22.5     	23.6     	24.6     	26.1     	27.0     	29.2     
	2026-04-14  	16:25:46  	00:01:26  	         	31.9     	27.5     	26.8     	47.6     	44.3     	46.5     	55.3     	56.3     	65.5     	67.6     	63.0     	62.0     	46.7     	47.8     	45.5     	37.7     	40.6     	38.7     	38.0     	40.8     	35.4     	39.8     	39.4     	38.4     	33.5     	29.9     	27.2     	24.3     	22.6     	21.9     	22.7     	23.8     	24.4     	26.2     	27.0     	29.1     
	2026-04-14  	16:25:47  	00:01:27  	         	34.2     	28.3     	29.0     	47.0     	46.8     	43.9     	52.6     	56.6     	66.1     	68.0     	61.6     	58.4     	45.0     	46.2     	45.5     	36.5     	40.0     	39.4     	36.0     	34.1     	38.0     	39.1     	37.4     	36.3     	33.2     	30.9     	26.5     	23.4     	21.6     	21.8     	22.6     	23.7     	24.5     	25.9     	27.1     	29.1     
	2026-04-14  	16:25:48  	00:01:28  	         	29.9     	24.4     	32.8     	41.7     	44.6     	46.1     	57.5     	56.8     	68.3     	67.2     	59.2     	56.6     	47.0     	48.2     	46.2     	37.6     	39.7     	39.2     	36.3     	35.2     	37.5     	42.8     	38.5     	34.6     	31.5     	28.6     	27.2     	25.3     	21.6     	21.6     	22.7     	23.5     	24.6     	26.1     	27.1     	29.0     
	2026-04-14  	16:25:49  	00:01:29  	         	27.2     	32.0     	30.9     	44.6     	44.1     	48.9     	56.2     	56.9     	60.6     	68.0     	59.8     	59.0     	45.0     	47.3     	45.4     	36.7     	39.3     	39.4     	40.5     	35.5     	38.4     	41.8     	37.3     	34.2     	32.2     	29.1     	26.5     	23.2     	21.7     	21.7     	22.6     	23.7     	24.6     	26.1     	27.0     	29.1     
	2026-04-14  	16:25:50  	00:01:30  	         	28.5     	30.7     	35.3     	44.7     	46.1     	50.9     	56.1     	56.7     	64.0     	68.0     	60.8     	56.4     	43.8     	46.0     	44.2     	35.9     	39.7     	38.0     	37.3     	35.2     	35.8     	42.8     	36.2     	34.6     	31.3     	29.1     	27.7     	25.6     	21.9     	21.5     	22.4     	23.7     	24.6     	26.1     	27.0     	29.0     
	2026-04-14  	16:25:51  	00:01:31  	         	36.6     	31.6     	31.1     	45.5     	44.5     	49.1     	55.6     	56.6     	66.0     	66.3     	61.5     	60.3     	46.3     	46.6     	44.2     	41.7     	45.0     	44.1     	41.4     	41.3     	46.3     	41.3     	38.3     	39.9     	32.9     	29.5     	25.1     	23.9     	21.7     	21.4     	22.5     	23.7     	24.5     	26.2     	27.0     	29.1     
	2026-04-14  	16:25:52  	00:01:32  	         	29.9     	31.9     	34.1     	45.1     	45.6     	40.7     	49.6     	56.8     	56.9     	68.0     	62.0     	58.7     	44.7     	46.2     	44.5     	37.4     	38.2     	38.3     	35.6     	36.1     	36.5     	38.7     	39.0     	33.9     	30.8     	29.4     	25.7     	23.7     	21.9     	21.6     	22.8     	23.7     	24.6     	26.1     	27.0     	29.0     
	2026-04-14  	16:25:53  	00:01:33  	         	29.2     	32.6     	34.0     	35.7     	46.5     	44.1     	54.2     	56.2     	63.5     	66.6     	60.0     	57.4     	46.4     	46.2     	44.5     	33.8     	38.5     	39.8     	41.9     	46.1     	35.1     	41.9     	38.8     	48.8     	38.2     	33.5     	27.6     	26.8     	26.9     	21.9     	22.4     	23.7     	24.5     	26.0     	26.9     	29.1     
	2026-04-14  	16:25:54  	00:01:34  	         	26.6     	33.6     	28.0     	39.2     	46.6     	45.5     	59.2     	58.8     	64.9     	67.3     	60.3     	58.3     	46.6     	46.4     	44.7     	35.4     	39.1     	38.0     	45.0     	51.6     	34.3     	45.1     	41.5     	53.8     	42.4     	37.5     	29.8     	30.5     	31.1     	22.2     	22.8     	23.5     	24.6     	26.0     	27.0     	29.0     
	2026-04-14  	16:25:55  	00:01:35  	         	32.1     	28.3     	31.5     	42.0     	44.6     	47.1     	58.2     	58.4     	63.9     	67.0     	61.1     	56.6     	45.4     	47.2     	45.7     	37.4     	42.4     	43.0     	43.9     	50.0     	39.0     	44.8     	45.4     	51.9     	40.9     	36.6     	31.0     	30.1     	29.7     	22.4     	22.8     	23.8     	24.5     	26.1     	27.1     	29.0     
	2026-04-14  	16:25:56  	00:01:36  	         	34.1     	24.5     	29.9     	41.6     	46.5     	47.9     	57.1     	57.4     	63.4     	67.0     	59.0     	56.0     	45.8     	47.2     	44.4     	39.5     	43.4     	46.7     	45.7     	49.7     	40.1     	46.1     	48.2     	52.1     	41.0     	37.2     	35.7     	40.7     	46.6     	56.2     	48.9     	33.1     	27.1     	26.5     	27.1     	29.1     
	2026-04-14  	16:25:57  	00:01:37  	         	36.2     	31.0     	33.8     	44.7     	46.8     	46.6     	57.8     	64.1     	71.4     	72.5     	71.9     	70.0     	46.2     	47.6     	46.7     	38.7     	44.3     	45.9     	42.0     	41.1     	38.7     	41.1     	44.5     	40.3     	36.1     	30.7     	29.1     	28.7     	32.4     	38.7     	30.2     	23.9     	24.6     	26.1     	27.1     	29.2     
	2026-04-14  	16:25:58  	00:01:38  	         	29.5     	34.5     	34.7     	38.8     	44.5     	46.7     	51.4     	57.3     	65.1     	67.4     	60.9     	58.6     	45.5     	47.0     	44.9     	32.8     	37.7     	33.8     	28.8     	29.1     	31.6     	32.6     	33.0     	31.7     	25.6     	23.8     	20.5     	21.0     	20.9     	21.6     	22.7     	23.7     	24.6     	26.2     	27.0     	29.2     
	2026-04-14  	16:25:59  	00:01:39  	         	30.8     	28.6     	33.5     	43.5     	47.4     	47.2     	51.7     	57.0     	65.0     	67.8     	60.2     	60.4     	45.9     	47.4     	45.2     	35.7     	39.4     	39.1     	32.8     	29.6     	27.6     	31.0     	28.7     	25.8     	23.1     	24.4     	20.5     	20.7     	20.9     	21.4     	22.8     	23.7     	24.4     	26.0     	26.9     	29.1     
	2026-04-14  	16:26:00  	00:01:40  	         	29.8     	27.9     	32.3     	40.9     	44.9     	44.1     	53.7     	56.9     	64.9     	67.2     	59.9     	58.1     	45.2     	46.7     	45.3     	36.3     	41.8     	39.8     	32.6     	30.1     	28.2     	29.2     	27.1     	24.6     	22.8     	23.7     	20.6     	21.1     	20.9     	21.7     	22.7     	23.7     	24.6     	26.1     	27.0     	29.1     
	2026-04-14  	16:26:01  	00:01:41  	         	31.3     	26.9     	30.5     	43.9     	42.6     	59.6     	65.2     	53.0     	71.1     	68.0     	61.9     	63.6     	52.4     	47.4     	47.2     	43.2     	41.6     	39.0     	34.7     	32.4     	29.9     	30.5     	27.7     	25.6     	23.3     	23.1     	20.6     	20.9     	20.8     	21.8     	22.5     	23.8     	24.5     	26.2     	27.0     	29.0     
	2026-04-14  	16:26:02  	00:01:42  	         	30.9     	31.6     	33.1     	38.8     	41.0     	59.0     	69.8     	63.4     	72.0     	65.9     	69.5     	74.9     	59.0     	58.5     	53.7     	49.3     	48.5     	43.1     	39.2     	37.0     	33.7     	32.6     	31.8     	30.5     	26.3     	25.0     	22.7     	22.3     	22.6     	26.7     	28.3     	24.9     	24.7     	26.4     	27.1     	29.1     
	2026-04-14  	16:26:03  	00:01:43  	         	31.0     	28.1     	30.0     	41.7     	39.7     	51.1     	60.4     	51.3     	85.5     	81.3     	63.3     	69.1     	63.9     	59.2     	58.3     	53.8     	51.5     	48.4     	43.8     	45.6     	44.7     	45.0     	38.2     	39.8     	36.5     	27.8     	24.7     	23.4     	22.4     	21.9     	22.7     	23.8     	24.5     	26.2     	27.0     	29.1     
	2026-04-14  	16:26:04  	00:01:44  	         	28.0     	30.5     	27.5     	42.0     	39.8     	45.8     	55.5     	46.6     	70.1     	78.1     	71.0     	62.9     	62.8     	64.2     	55.5     	53.4     	52.6     	46.3     	43.6     	44.7     	39.3     	42.6     	38.2     	36.2     	33.4     	30.9     	25.7     	24.0     	22.1     	21.7     	22.6     	23.7     	24.4     	26.0     	27.0     	29.1     
	2026-04-14  	16:26:05  	00:01:45  	         	28.3     	25.8     	30.3     	44.1     	41.9     	49.3     	60.4     	53.1     	75.4     	73.3     	83.7     	67.8     	59.2     	60.1     	58.2     	57.1     	55.2     	47.8     	42.5     	44.1     	40.4     	44.8     	41.4     	40.6     	36.8     	29.0     	25.1     	24.2     	22.3     	21.9     	22.8     	23.8     	24.6     	26.0     	27.0     	29.0     
	2026-04-14  	16:26:06  	00:01:46  	         	32.8     	30.0     	31.1     	43.1     	40.6     	44.8     	57.3     	51.0     	80.8     	78.0     	77.1     	73.1     	64.1     	60.7     	56.4     	52.7     	50.5     	47.7     	41.4     	38.8     	36.9     	36.3     	37.0     	35.1     	29.7     	27.8     	23.4     	22.3     	21.4     	22.1     	22.7     	23.7     	24.4     	26.0     	27.0     	29.0     
	2026-04-14  	16:26:07  	00:01:47  	         	35.9     	32.8     	27.9     	42.8     	36.1     	46.8     	55.8     	54.3     	87.9     	81.7     	68.1     	71.1     	63.6     	61.2     	55.2     	52.8     	51.9     	46.2     	42.1     	44.2     	46.1     	47.6     	45.9     	42.4     	36.2     	34.8     	25.6     	24.3     	21.6     	21.9     	22.8     	23.7     	24.6     	26.2     	27.0     	29.0     
	2026-04-14  	16:26:08  	00:01:48  	         	35.1     	31.0     	29.9     	38.4     	43.4     	43.3     	53.9     	51.6     	77.6     	79.6     	69.9     	70.1     	63.9     	60.0     	57.3     	52.5     	51.1     	45.0     	41.4     	40.8     	38.7     	38.0     	37.4     	35.2     	30.9     	27.9     	25.8     	22.3     	21.6     	21.5     	22.6     	23.7     	24.5     	26.0     	27.0     	29.1     
	2026-04-14  	16:26:09  	00:01:49  	         	33.8     	30.1     	35.4     	44.3     	39.6     	46.7     	56.6     	46.0     	73.6     	69.9     	81.6     	70.1     	61.1     	64.1     	56.5     	55.5     	53.0     	45.5     	41.0     	41.1     	38.0     	35.8     	36.0     	34.3     	32.3     	29.0     	25.1     	23.0     	22.9     	25.0     	27.2     	24.3     	24.7     	26.2     	27.0     	29.2     
	2026-04-14  	16:26:10  	00:01:50  	         	29.5     	28.3     	31.8     	44.0     	40.2     	55.5     	65.9     	56.3     	73.5     	67.6     	83.4     	72.9     	62.2     	63.5     	62.1     	55.7     	55.0     	47.8     	44.5     	41.8     	39.1     	36.9     	36.3     	34.3     	31.7     	29.3     	26.0     	26.3     	22.4     	21.8     	22.8     	23.9     	24.5     	26.0     	27.0     	29.1     
	2026-04-14  	16:26:11  	00:01:51  	         	35.0     	33.3     	32.6     	47.3     	44.7     	50.5     	58.7     	49.1     	69.5     	67.1     	78.6     	76.1     	56.2     	62.9     	63.0     	55.8     	53.3     	46.9     	43.9     	42.6     	40.2     	38.1     	36.6     	35.7     	32.7     	29.0     	25.2     	26.8     	22.1     	21.9     	22.8     	23.8     	24.5     	26.0     	27.0     	29.2     
	2026-04-14  	16:26:12  	00:01:52  	         	33.3     	24.4     	31.0     	41.2     	43.1     	47.8     	60.3     	48.3     	74.9     	79.0     	71.3     	63.4     	64.1     	59.4     	55.7     	52.5     	49.7     	42.8     	39.1     	40.5     	36.5     	34.4     	34.3     	31.6     	29.7     	27.8     	24.2     	23.6     	24.6     	30.6     	31.6     	25.9     	24.8     	26.3     	27.2     	29.1     
	2026-04-14  	16:26:13  	00:01:53  	         	33.1     	29.0     	29.3     	44.4     	41.5     	63.4     	72.5     	58.5     	66.8     	72.7     	76.4     	67.4     	59.8     	61.5     	55.6     	54.4     	53.0     	47.2     	42.1     	42.2     	48.9     	44.7     	43.8     	40.9     	39.4     	32.0     	30.1     	25.7     	23.2     	26.9     	26.7     	24.2     	24.5     	25.9     	26.9     	29.0     
	2026-04-14  	16:26:14  	00:01:54  	         	27.5     	29.2     	28.1     	42.3     	41.8     	51.9     	63.1     	56.3     	76.4     	74.0     	83.6     	78.4     	64.6     	64.4     	59.2     	56.0     	54.4     	48.3     	44.2     	41.9     	39.9     	37.8     	37.1     	35.7     	32.8     	30.0     	27.4     	24.9     	22.3     	21.8     	22.7     	23.8     	24.6     	26.2     	27.0     	29.2     
	2026-04-14  	16:26:15  	00:01:55  	         	34.3     	33.0     	34.3     	43.5     	44.5     	58.8     	68.3     	59.6     	72.2     	75.4     	80.1     	77.1     	63.9     	65.1     	62.7     	56.5     	55.0     	47.4     	43.6     	43.7     	42.2     	38.8     	38.2     	37.9     	35.1     	31.4     	28.8     	26.4     	23.5     	23.6     	27.4     	24.3     	24.8     	26.1     	27.1     	29.1     
	2026-04-14  	16:26:16  	00:01:56  	         	32.0     	27.3     	34.3     	46.2     	41.4     	54.3     	66.8     	53.4     	74.6     	73.8     	79.2     	70.9     	60.6     	65.0     	57.0     	54.7     	52.0     	43.9     	42.3     	40.9     	40.1     	39.8     	36.9     	34.3     	33.3     	30.1     	27.2     	25.7     	22.0     	21.9     	22.7     	23.7     	24.7     	26.0     	27.0     	29.0     
	2026-04-14  	16:26:17  	00:01:57  	         	31.0     	30.7     	28.0     	44.3     	40.4     	54.0     	62.6     	56.1     	75.5     	72.1     	72.9     	69.7     	59.7     	66.1     	53.8     	53.0     	50.1     	44.8     	41.2     	42.4     	39.8     	38.6     	37.3     	37.2     	33.6     	30.4     	26.6     	25.1     	25.4     	32.0     	33.2     	26.4     	25.0     	26.2     	27.0     	29.1     
	2026-04-14  	16:26:18  	00:01:58  	         	31.0     	30.8     	25.9     	40.5     	42.5     	63.0     	73.8     	59.9     	66.3     	75.6     	74.4     	72.8     	62.1     	59.7     	55.3     	52.2     	50.6     	47.1     	43.9     	40.5     	44.5     	46.2     	43.2     	41.5     	37.6     	31.2     	25.5     	23.7     	22.1     	22.0     	22.5     	23.6     	24.6     	26.1     	27.0     	29.0     
	2026-04-14  	16:26:19  	00:01:59  	         	25.3     	32.3     	32.3     	46.0     	43.4     	49.8     	64.8     	47.7     	68.6     	81.4     	67.7     	67.3     	65.6     	57.4     	57.6     	51.3     	50.9     	47.4     	36.9     	39.1     	48.2     	41.8     	42.8     	39.4     	36.3     	33.6     	26.7     	24.8     	22.0     	21.9     	23.6     	23.8     	24.7     	26.1     	27.1     	29.1     
	2026-04-14  	16:26:20  	00:02:00  	         	32.0     	32.8     	32.4     	46.7     	38.4     	54.0     	66.7     	59.8     	88.7     	83.7     	72.1     	77.8     	63.5     	56.5     	51.4     	50.8     	49.5     	42.8     	37.7     	40.5     	40.4     	41.9     	43.0     	41.6     	37.7     	30.4     	27.6     	24.1     	22.0     	21.9     	22.6     	24.0     	24.6     	26.1     	26.9     	29.1     
	2026-04-14  	16:26:21  	00:02:01  	         	26.1     	30.1     	35.9     	43.4     	39.7     	52.0     	52.4     	53.4     	71.6     	67.8     	67.9     	76.3     	58.8     	58.8     	50.9     	47.8     	47.7     	42.1     	37.6     	38.1     	36.8     	35.6     	33.8     	31.0     	28.5     	28.5     	23.2     	22.0     	21.6     	21.7     	22.6     	23.7     	24.7     	26.1     	27.0     	29.3     
	2026-04-14  	16:26:22  	00:02:02  	         	30.2     	31.5     	30.1     	41.6     	37.2     	53.5     	62.6     	58.9     	74.7     	67.6     	77.3     	84.4     	58.6     	59.0     	55.4     	49.2     	47.2     	42.9     	36.6     	33.9     	34.7     	33.9     	33.8     	31.3     	29.8     	27.3     	22.9     	22.4     	21.8     	22.6     	24.9     	24.0     	24.6     	26.2     	27.0     	29.0     
	2026-04-14  	16:26:23  	00:02:03  	         	35.4     	33.7     	29.4     	45.9     	42.8     	51.6     	58.1     	53.5     	83.6     	72.6     	65.0     	76.8     	59.6     	58.2     	55.7     	53.2     	50.6     	45.8     	39.1     	38.3     	35.0     	35.7     	35.7     	33.7     	29.5     	27.7     	23.1     	22.4     	21.4     	21.7     	22.5     	23.8     	24.7     	26.1     	27.0     	29.1     
	2026-04-14  	16:26:24  	00:02:04  	         	31.8     	32.1     	32.2     	42.6     	41.0     	53.8     	63.3     	57.8     	89.2     	84.6     	67.3     	70.5     	62.9     	60.4     	55.9     	52.3     	49.4     	43.8     	40.3     	37.9     	35.8     	34.9     	35.3     	32.9     	29.8     	28.0     	24.5     	23.5     	23.7     	28.5     	29.6     	25.2     	24.9     	26.2     	27.0     	29.1     
	2026-04-14  	16:26:25  	00:02:05  	         	29.6     	26.2     	33.3     	42.8     	36.5     	58.4     	67.4     	52.8     	69.8     	78.6     	65.9     	65.1     	62.8     	57.3     	55.9     	52.8     	51.4     	44.9     	43.8     	45.0     	43.7     	44.3     	46.2     	40.1     	38.8     	32.9     	25.7     	24.3     	22.1     	21.7     	22.5     	23.5     	24.5     	26.1     	27.0     	29.1     
	2026-04-14  	16:26:26  	00:02:06  	         	29.4     	26.9     	27.3     	43.0     	41.2     	48.8     	59.0     	46.0     	66.0     	66.6     	77.2     	67.1     	60.5     	65.0     	55.8     	54.5     	51.6     	48.2     	42.9     	44.4     	39.9     	36.5     	36.2     	34.3     	31.9     	30.2     	29.0     	25.8     	22.0     	21.8     	22.6     	23.8     	24.6     	26.0     	26.8     	29.1     
	2026-04-14  	16:26:27  	00:02:07  	         	30.3     	32.7     	28.3     	46.8     	40.3     	43.4     	52.9     	54.5     	79.7     	77.3     	74.2     	70.4     	61.2     	61.8     	54.4     	50.6     	49.8     	42.0     	41.9     	40.9     	43.3     	39.4     	35.3     	34.5     	32.6     	29.5     	27.0     	24.3     	22.0     	21.8     	22.6     	23.6     	24.5     	26.0     	26.9     	29.1     
	2026-04-14  	16:26:28  	00:02:08  	         	31.0     	29.8     	33.6     	45.2     	37.8     	44.9     	67.4     	64.4     	71.3     	70.0     	72.1     	73.1     	59.3     	56.4     	52.2     	48.4     	48.3     	37.9     	34.5     	36.5     	32.9     	33.7     	33.3     	31.1     	28.7     	28.9     	23.6     	22.7     	21.7     	21.7     	22.8     	23.7     	24.6     	26.2     	27.1     	29.1     
	2026-04-14  	16:26:29  	00:02:09  	         	26.0     	29.4     	29.8     	48.1     	43.8     	41.8     	56.0     	59.7     	78.4     	68.0     	71.3     	77.8     	62.7     	59.3     	56.3     	51.6     	48.6     	48.4     	43.1     	37.6     	42.7     	35.7     	41.1     	38.3     	32.7     	29.5     	27.3     	23.7     	22.2     	21.6     	22.5     	23.6     	24.6     	26.1     	27.0     	29.0     
	2026-04-14  	16:26:30  	00:02:10  	         	27.6     	21.8     	30.8     	47.4     	43.8     	44.5     	56.0     	52.4     	87.3     	81.9     	62.7     	70.8     	65.4     	60.9     	58.7     	54.7     	50.7     	44.6     	39.6     	39.3     	40.1     	40.1     	38.8     	38.0     	29.5     	27.5     	23.2     	22.5     	21.7     	21.7     	22.7     	23.7     	24.5     	25.9     	27.0     	29.1     
	2026-04-14  	16:26:31  	00:02:11  	         	24.6     	30.0     	32.0     	41.9     	39.0     	59.5     	70.6     	60.0     	72.7     	79.1     	67.8     	63.8     	62.9     	55.6     	55.9     	52.2     	49.5     	43.0     	40.3     	38.7     	39.5     	38.6     	37.2     	34.4     	31.3     	29.9     	25.3     	23.6     	22.5     	22.9     	26.0     	24.0     	24.5     	26.3     	27.0     	29.1     
	2026-04-14  	16:26:32  	00:02:12  	         	28.4     	27.9     	34.2     	44.8     	43.3     	56.9     	68.9     	59.5     	71.8     	71.0     	69.1     	63.1     	59.4     	59.5     	54.8     	52.3     	49.6     	45.1     	41.6     	38.5     	37.3     	34.5     	34.1     	32.9     	30.8     	27.9     	27.7     	27.0     	23.0     	27.1     	29.1     	24.5     	24.5     	26.2     	27.1     	29.1     
	2026-04-14  	16:26:33  	00:02:13  	         	28.6     	29.8     	29.6     	50.6     	44.8     	54.8     	64.8     	53.5     	74.5     	72.0     	74.0     	66.1     	57.1     	63.4     	55.1     	53.8     	51.5     	41.6     	38.7     	38.4     	35.6     	33.5     	34.7     	32.9     	31.0     	27.5     	23.1     	22.9     	21.2     	22.0     	22.6     	23.8     	24.5     	26.2     	27.1     	29.0     
	2026-04-14  	16:26:34  	00:02:14  	         	28.0     	27.7     	29.2     	46.4     	39.0     	57.1     	65.7     	57.1     	69.9     	66.6     	80.1     	69.6     	58.6     	57.8     	54.7     	54.7     	54.3     	44.0     	40.3     	40.9     	42.2     	37.0     	36.1     	34.3     	37.0     	31.4     	32.6     	31.3     	24.0     	26.7     	28.4     	24.7     	24.7     	26.2     	27.0     	29.0     
	2026-04-14  	16:26:35  	00:02:15  	         	29.2     	23.7     	31.2     	48.4     	42.3     	57.0     	68.1     	55.6     	76.9     	72.1     	82.2     	79.8     	69.9     	69.0     	65.0     	63.3     	59.3     	54.3     	49.9     	47.5     	44.6     	42.3     	37.3     	35.3     	31.6     	28.6     	25.9     	24.2     	22.5     	22.7     	25.2     	23.9     	24.6     	26.2     	27.0     	29.1     
	2026-04-14  	16:26:36  	00:02:16  	         	27.3     	31.3     	32.6     	39.9     	43.8     	61.8     	72.5     	64.4     	82.5     	79.1     	79.8     	75.9     	69.1     	68.7     	66.7     	64.2     	61.0     	54.4     	50.2     	47.4     	45.4     	43.6     	39.0     	36.7     	31.7     	29.2     	26.3     	26.4     	27.8     	35.5     	36.1     	28.7     	25.7     	26.5     	27.1     	29.0     
	2026-04-14  	16:26:37  	00:02:17  	         	29.2     	25.5     	32.8     	37.1     	43.9     	59.2     	70.1     	61.7     	84.2     	80.2     	82.1     	80.6     	69.6     	69.0     	65.5     	63.1     	61.9     	55.2     	48.8     	46.4     	44.9     	44.9     	45.2     	43.4     	36.2     	34.3     	27.2     	25.8     	24.3     	27.4     	29.4     	24.9     	25.0     	26.4     	27.0     	29.1     
	2026-04-14  	16:26:38  	00:02:18  	         	28.5     	26.4     	31.2     	38.4     	43.3     	60.4     	68.2     	60.8     	77.7     	79.3     	80.1     	79.4     	70.0     	68.3     	66.8     	64.8     	61.9     	54.8     	51.1     	49.2     	47.4     	44.0     	40.8     	39.0     	34.8     	34.7     	42.2     	43.7     	37.5     	30.7     	32.1     	26.0     	25.1     	26.4     	27.1     	29.1     
	2026-04-14  	16:26:39  	00:02:19  	         	28.9     	26.7     	32.4     	43.1     	41.1     	61.8     	66.8     	63.9     	82.0     	82.0     	79.9     	84.2     	73.1     	71.4     	66.2     	63.8     	60.9     	54.1     	47.0     	47.7     	45.8     	44.5     	41.6     	38.9     	38.9     	40.8     	41.2     	52.5     	57.5     	37.8     	35.6     	28.2     	25.5     	26.6     	27.0     	29.0     
	2026-04-14  	16:26:40  	00:02:20  	         	25.8     	31.8     	32.8     	44.6     	41.7     	63.9     	75.6     	64.6     	82.4     	80.7     	80.3     	78.6     	70.8     	69.0     	67.8     	64.3     	61.4     	55.2     	49.1     	48.7     	47.4     	47.6     	52.6     	50.4     	51.1     	47.5     	42.8     	46.7     	41.1     	29.4     	28.1     	24.7     	24.9     	26.4     	27.0     	29.1     
	2026-04-14  	16:26:41  	00:02:21  	         	28.9     	23.2     	27.1     	49.9     	43.5     	58.2     	67.8     	62.8     	86.4     	82.2     	78.8     	79.9     	69.7     	68.0     	65.8     	63.7     	61.5     	54.6     	50.5     	48.6     	47.1     	48.1     	49.8     	48.5     	53.2     	46.8     	40.4     	44.9     	49.2     	31.9     	29.5     	24.9     	24.9     	26.3     	27.0     	29.1     
	2026-04-14  	16:26:42  	00:02:22  	         	30.8     	27.9     	33.9     	50.3     	45.4     	62.6     	65.7     	61.0     	80.7     	78.2     	80.5     	74.6     	69.3     	70.2     	66.5     	63.2     	60.3     	53.1     	47.4     	46.1     	43.8     	42.7     	39.1     	36.0     	32.5     	30.4     	27.2     	25.7     	28.4     	33.9     	36.5     	27.9     	25.3     	26.3     	27.0     	29.2     
	2026-04-14  	16:26:43  	00:02:23  	         	21.1     	27.9     	32.1     	52.7     	47.9     	64.2     	72.5     	63.3     	81.1     	78.8     	82.4     	80.8     	69.5     	70.0     	65.9     	65.2     	62.4     	54.1     	47.3     	45.7     	43.4     	42.2     	39.6     	37.2     	33.6     	30.9     	27.3     	25.6     	27.5     	33.0     	35.2     	27.5     	25.4     	26.5     	27.1     	29.1     
	2026-04-14  	16:26:44  	00:02:24  	         	30.4     	31.5     	31.1     	45.0     	43.1     	62.8     	74.8     	64.9     	83.9     	77.0     	77.9     	78.9     	70.3     	67.0     	65.4     	62.3     	60.5     	53.5     	47.3     	45.1     	42.9     	41.4     	38.8     	36.7     	34.6     	30.8     	26.7     	25.6     	26.4     	31.2     	34.0     	26.6     	25.1     	26.4     	27.1     	29.0     
	2026-04-14  	16:26:45  	00:02:25  	         	28.9     	27.9     	31.4     	44.0     	44.0     	61.9     	70.0     	62.7     	78.8     	77.2     	78.5     	82.5     	70.0     	69.0     	65.4     	61.6     	60.1     	53.4     	46.5     	44.0     	42.2     	40.3     	36.8     	35.6     	32.7     	29.2     	24.8     	23.2     	22.5     	23.2     	26.2     	24.2     	24.7     	26.1     	26.8     	29.1     
	2026-04-14  	16:26:46  	00:02:26  	         	29.5     	30.0     	26.9     	41.6     	41.8     	64.4     	69.8     	60.1     	78.3     	76.1     	73.8     	78.8     	67.5     	65.7     	62.9     	59.1     	56.2     	49.3     	43.5     	41.4     	37.9     	37.5     	34.8     	33.7     	29.7     	27.8     	23.6     	23.0     	23.0     	24.4     	27.7     	24.3     	24.5     	26.0     	27.0     	29.1     
	2026-04-14  	16:26:47  	00:02:27  	         	28.7     	30.1     	32.8     	47.0     	46.2     	58.4     	65.6     	60.3     	74.5     	75.3     	71.4     	71.8     	63.4     	59.9     	57.5     	52.6     	50.8     	46.4     	41.8     	39.8     	36.6     	36.0     	34.2     	32.3     	29.8     	28.7     	22.8     	22.7     	21.7     	24.5     	23.9     	23.9     	24.4     	26.1     	27.1     	29.1     
	2026-04-14  	16:26:48  	00:02:28  	         	27.0     	22.3     	33.5     	46.2     	44.9     	49.1     	60.5     	57.2     	68.8     	69.1     	63.8     	65.5     	52.6     	48.9     	47.0     	41.8     	43.8     	41.5     	39.9     	39.7     	37.0     	38.0     	37.4     	35.3     	32.4     	29.1     	24.6     	22.7     	21.8     	21.8     	22.4     	23.7     	24.5     	26.0     	27.0     	29.1     
	2026-04-14  	16:26:49  	00:02:29  	         	15.0     	21.5     	28.8     	40.6     	46.3     	48.3     	54.6     	56.5     	61.8     	67.2     	60.7     	62.3     	45.2     	49.0     	45.3     	38.2     	40.7     	40.7     	38.2     	38.4     	39.1     	38.8     	39.4     	38.8     	33.3     	29.4     	24.8     	23.4     	21.6     	21.8     	22.6     	23.6     	24.5     	26.1     	27.0     	29.0     
	2026-04-14  	16:26:50  	00:02:30  	         	25.4     	25.5     	29.1     	40.6     	46.7     	46.0     	54.7     	56.3     	67.6     	66.5     	60.3     	59.6     	46.3     	48.4     	46.3     	37.4     	41.8     	42.7     	39.8     	36.5     	35.0     	37.8     	37.7     	36.3     	35.0     	34.9     	36.2     	41.3     	47.2     	56.4     	48.9     	32.5     	26.8     	26.4     	27.0     	29.1     
	2026-04-14  	16:26:51  	00:02:31  	         	34.1     	23.0     	29.7     	40.5     	47.7     	46.2     	55.0     	55.3     	67.3     	67.4     	59.0     	56.9     	46.1     	47.0     	46.2     	40.3     	41.7     	43.3     	39.4     	38.1     	37.2     	39.1     	38.1     	36.2     	33.5     	30.8     	28.2     	27.7     	32.5     	39.0     	30.2     	24.0     	24.5     	26.1     	27.1     	29.2     
	2026-04-14  	16:26:52  	00:02:32  	         	30.6     	26.5     	29.1     	45.2     	45.3     	48.2     	55.6     	56.8     	65.8     	68.0     	60.0     	55.1     	43.6     	47.1     	45.8     	39.3     	41.3     	42.0     	38.8     	40.2     	37.4     	39.7     	38.7     	37.6     	34.4     	30.3     	26.8     	23.7     	21.5     	21.7     	22.6     	24.0     	24.6     	26.1     	27.0     	29.1     
	2026-04-14  	16:26:53  	00:02:33  	         	25.5     	27.3     	32.0     	40.9     	45.5     	50.0     	55.1     	57.0     	64.1     	68.8     	60.6     	56.9     	44.1     	46.0     	43.5     	41.9     	43.3     	44.2     	38.2     	39.5     	36.6     	37.5     	36.0     	35.2     	32.7     	30.0     	26.6     	24.1     	21.8     	21.6     	22.7     	23.7     	24.7     	26.0     	26.9     	28.9     
	2026-04-14  	16:26:54  	00:02:34  	         	28.5     	27.2     	33.0     	43.8     	44.9     	48.0     	52.0     	56.6     	66.9     	67.2     	61.7     	61.1     	46.2     	46.9     	45.0     	37.9     	41.1     	42.6     	37.6     	36.7     	34.1     	35.9     	35.4     	33.5     	29.9     	27.6     	24.7     	22.5     	21.4     	21.8     	22.9     	23.6     	24.5     	26.1     	27.0     	29.0     
	2026-04-14  	16:26:55  	00:02:35  	         	27.5     	30.2     	32.5     	48.2     	45.5     	48.6     	56.2     	57.2     	65.1     	67.7     	59.9     	56.3     	44.3     	47.8     	45.7     	39.0     	43.4     	41.9     	39.3     	38.2     	37.1     	36.9     	34.9     	33.3     	31.8     	29.3     	26.0     	24.8     	22.0     	21.8     	22.6     	23.5     	24.6     	26.1     	27.0     	29.1     
	2026-04-14  	16:26:56  	00:02:36  	         	31.0     	26.6     	26.3     	43.3     	44.7     	47.9     	53.3     	57.2     	65.2     	67.4     	60.0     	58.9     	45.6     	46.3     	44.9     	38.0     	42.6     	43.2     	39.4     	38.2     	36.7     	37.8     	34.6     	34.0     	31.9     	29.2     	26.1     	25.1     	22.3     	21.7     	22.6     	23.6     	24.6     	26.0     	27.0     	29.1     
	2026-04-14  	16:26:57  	00:02:37  	         	24.5     	27.6     	33.0     	42.3     	45.7     	44.2     	54.2     	57.0     	60.4     	68.0     	60.9     	62.3     	45.4     	47.7     	45.4     	41.2     	44.2     	48.0     	43.7     	40.5     	39.2     	36.9     	36.3     	34.6     	33.5     	29.3     	26.9     	24.2     	22.7     	22.0     	22.9     	23.7     	24.6     	26.1     	27.1     	29.1     
	2026-04-14  	16:26:58  	00:02:38  	         	25.0     	27.2     	33.9     	43.3     	45.7     	48.8     	57.1     	56.8     	65.5     	67.6     	58.9     	55.1     	44.1     	47.7     	44.8     	36.7     	47.1     	44.4     	44.0     	39.9     	35.9     	35.6     	34.3     	35.9     	31.2     	29.2     	26.1     	24.0     	22.3     	21.8     	22.6     	23.8     	24.5     	26.1     	27.0     	29.1     
	2026-04-14  	16:26:59  	00:02:39  	         	32.5     	25.5     	32.0     	41.0     	44.6     	46.0     	52.6     	57.2     	61.2     	68.2     	60.8     	56.5     	43.4     	46.0     	45.8     	40.5     	47.3     	46.6     	41.7     	42.1     	37.7     	38.0     	34.1     	36.9     	32.5     	30.0     	27.8     	24.4     	22.1     	21.6     	22.7     	23.8     	24.6     	26.0     	26.9     	29.1     
	2026-04-14  	16:27:00  	00:02:40  	         	28.0     	26.5     	31.8     	38.2     	44.9     	44.3     	55.4     	56.7     	65.6     	67.5     	63.2     	62.0     	45.9     	46.7     	44.9     	39.9     	43.1     	39.8     	38.6     	38.7     	36.0     	35.0     	32.8     	29.9     	28.1     	27.2     	25.1     	24.1     	23.4     	21.9     	22.6     	23.7     	24.3     	26.0     	27.1     	29.1     
	2026-04-14  	16:27:01  	00:02:41  	         	29.2     	26.0     	34.3     	40.5     	44.8     	43.4     	54.2     	57.1     	65.6     	67.7     	61.8     	58.7     	44.8     	46.8     	45.0     	39.0     	42.3     	42.1     	36.1     	39.5     	34.6     	34.3     	32.7     	32.5     	28.6     	27.3     	25.4     	23.1     	21.5     	21.5     	22.7     	23.8     	24.5     	26.0     	26.9     	29.1     
	2026-04-14  	16:27:02  	00:02:42  	         	28.4     	28.5     	28.9     	38.2     	45.2     	48.5     	58.4     	57.5     	68.4     	67.1     	58.8     	56.8     	47.0     	49.1     	44.6     	39.5     	41.9     	39.8     	35.5     	36.5     	36.8     	36.6     	35.9     	35.0     	30.6     	27.5     	24.7     	23.4     	22.3     	21.6     	22.6     	23.6     	24.5     	26.1     	26.9     	29.1     
	2026-04-14  	16:27:03  	00:02:43  	         	26.8     	27.3     	30.6     	32.8     	44.7     	46.5     	55.3     	57.0     	59.8     	67.8     	59.8     	59.2     	45.7     	47.4     	46.4     	36.4     	41.0     	38.1     	34.3     	35.7     	35.4     	37.2     	37.1     	35.8     	30.4     	27.2     	24.6     	23.2     	22.1     	21.6     	22.7     	23.6     	24.4     	26.1     	26.9     	29.1     
	2026-04-14  	16:27:04  	00:02:44  	         	26.0     	31.2     	29.0     	46.1     	46.6     	49.7     	55.0     	57.1     	64.1     	67.8     	60.6     	56.4     	43.9     	46.9     	45.9     	36.5     	39.0     	38.6     	36.4     	35.0     	34.0     	35.1     	34.3     	33.3     	30.8     	27.4     	24.9     	23.8     	21.8     	21.6     	22.6     	23.8     	24.6     	26.0     	26.9     	29.1     
	2026-04-14  	16:27:05  	00:02:45  	         	24.5     	31.8     	29.9     	43.5     	47.0     	48.0     	54.8     	56.6     	65.9     	66.2     	61.6     	60.3     	46.2     	47.2     	45.1     	41.3     	40.8     	39.5     	37.9     	35.4     	35.2     	35.3     	32.6     	31.4     	29.1     	27.3     	25.3     	23.5     	21.7     	21.7     	22.9     	23.8     	24.5     	26.1     	27.0     	29.0     
	2026-04-14  	16:27:06  	00:02:46  	         	34.7     	26.9     	32.4     	43.3     	45.4     	43.8     	49.6     	56.8     	56.8     	67.6     	62.1     	59.0     	45.5     	46.7     	44.6     	36.3     	41.0     	38.1     	33.2     	33.3     	31.6     	34.3     	33.0     	31.6     	29.4     	26.7     	23.5     	22.3     	21.3     	21.5     	22.5     	23.6     	24.6     	26.1     	27.0     	29.0     
	2026-04-14  	16:27:07  	00:02:47  	         	27.4     	26.5     	34.7     	42.0     	45.2     	44.3     	54.1     	56.5     	63.3     	66.5     	59.9     	57.2     	46.9     	46.6     	44.9     	34.8     	39.4     	37.4     	33.1     	32.9     	36.7     	40.6     	35.5     	34.3     	29.3     	26.5     	23.5     	22.3     	21.1     	21.6     	22.6     	23.7     	24.6     	26.2     	26.9     	29.0     
	2026-04-14  	16:27:08  	00:02:48  	         	26.7     	26.0     	32.1     	43.9     	46.3     	42.6     	57.1     	57.6     	65.1     	67.1     	60.2     	58.2     	46.7     	46.0     	44.0     	32.4     	37.8     	34.8     	43.9     	50.0     	38.2     	43.6     	41.9     	52.3     	41.2     	35.6     	27.3     	28.6     	28.8     	22.0     	22.7     	23.8     	24.5     	26.0     	27.0     	29.1     
	2026-04-14  	16:27:09  	00:02:49  	         	30.7     	28.1     	30.6     	47.9     	46.9     	47.3     	58.3     	57.9     	63.5     	66.8     	60.6     	56.1     	45.1     	47.5     	45.7     	32.0     	38.8     	35.2     	45.1     	51.0     	31.6     	44.8     	41.8     	53.6     	42.5     	36.8     	28.4     	29.0     	29.9     	22.3     	22.8     	23.7     	24.5     	25.9     	27.0     	29.2     
	2026-04-14  	16:27:10  	00:02:50  	         	33.3     	27.3     	27.7     	44.4     	45.0     	48.9     	57.7     	57.8     	63.8     	66.7     	58.8     	56.0     	45.6     	46.5     	44.7     	33.9     	39.5     	34.6     	45.5     	51.8     	33.2     	45.5     	42.6     	54.6     	43.4     	37.9     	33.7     	38.7     	44.7     	54.6     	47.2     	31.6     	26.5     	26.4     	27.1     	29.1     
	2026-04-14  	16:27:11  	00:02:51  	         	30.9     	27.1     	29.9     	42.8     	45.4     	48.9     	59.4     	57.4     	61.5     	66.9     	60.3     	58.0     	43.9     	47.3     	45.5     	36.8     	39.3     	39.4     	36.3     	34.9     	33.5     	36.2     	41.6     	37.1     	35.0     	31.2     	32.1     	36.3     	42.8     	51.0     	44.1     	28.8     	25.4     	26.2     	27.0     	29.0     
	2026-04-14  	16:27:12  	00:02:52  	         	28.1     	25.4     	31.2     	46.5     	46.0     	51.5     	61.3     	64.2     	71.8     	73.2     	71.8     	69.3     	47.1     	47.3     	44.7     	35.5     	38.3     	36.9     	32.5     	33.1     	30.7     	30.1     	36.8     	31.9     	29.7     	26.5     	24.2     	24.5     	22.2     	22.1     	22.6     	23.7     	24.4     	26.1     	27.0     	29.0     
	2026-04-14  	16:27:13  	00:02:53  	         	28.7     	29.6     	31.1     	38.9     	44.5     	47.4     	52.6     	56.8     	64.8     	67.5     	59.9     	60.0     	45.5     	47.5     	45.2     	31.8     	38.1     	37.5     	30.5     	27.5     	30.6     	26.6     	26.8     	23.3     	23.4     	24.1     	21.1     	21.1     	21.1     	22.0     	22.3     	23.5     	24.4     	26.1     	27.0     	29.1     
	2026-04-14  	16:27:14  	00:02:54  	         	28.9     	31.9     	32.4     	38.9     	45.7     	44.0     	53.8     	56.6     	64.7     	67.0     	59.5     	57.7     	45.7     	46.3     	44.8     	33.9     	38.1     	35.3     	32.4     	32.3     	30.0     	28.6     	28.9     	25.8     	25.1     	28.0     	24.2     	22.9     	22.0     	21.5     	22.6     	23.7     	24.4     	26.1     	27.0     	29.0     
	2026-04-14  	16:27:15  	00:02:55  	         	29.1     	31.3     	30.5     	46.4     	45.2     	58.9     	65.5     	52.5     	70.7     	67.7     	61.8     	63.7     	52.3     	46.7     	46.5     	43.3     	39.2     	36.8     	35.0     	30.9     	32.5     	29.4     	28.4     	26.0     	25.3     	24.8     	22.8     	21.5     	21.3     	21.4     	22.7     	23.7     	24.5     	26.1     	27.1     	29.1     
	2026-04-14  	16:27:16  	00:02:56  	         	22.9     	30.0     	33.5     	42.6     	37.5     	59.0     	69.6     	63.4     	71.8     	65.8     	69.3     	74.8     	58.9     	58.5     	54.0     	49.8     	48.3     	43.5     	37.3     	36.4     	35.2     	34.8     	33.7     	29.2     	26.4     	26.2     	24.5     	22.8     	22.8     	26.8     	28.2     	24.8     	24.8     	26.2     	27.0     	29.1     
	2026-04-14  	16:27:17  	00:02:57  	         	28.7     	27.3     	25.4     	41.5     	35.7     	51.9     	60.5     	51.3     	85.4     	81.1     	63.0     	69.0     	63.4     	59.0     	57.6     	53.4     	50.5     	45.0     	40.9     	39.0     	36.4     	35.6     	34.6     	31.1     	27.5     	25.4     	21.8     	21.3     	21.5     	21.7     	22.9     	23.7     	24.6     	25.9     	27.1     	29.0     
	2026-04-14  	16:27:18  	00:02:58  	         	26.9     	28.2     	31.8     	47.6     	42.6     	43.7     	54.1     	47.3     	70.3     	78.4     	71.0     	62.5     	61.8     	63.5     	54.5     	52.7     	51.3     	45.4     	42.2     	39.4     	37.1     	35.3     	34.5     	32.7     	30.1     	26.8     	26.9     	26.2     	26.5     	21.9     	23.3     	23.8     	24.5     	26.1     	27.0     	29.0     
	2026-04-14  	16:27:19  	00:02:59  	         	30.7     	33.6     	34.4     	44.9     	42.8     	48.5     	60.9     	53.3     	74.4     	72.4     	83.6     	68.3     	60.1     	60.6     	58.3     	57.0     	54.7     	46.6     	41.2     	40.7     	38.1     	37.7     	37.8     	36.6     	32.0     	27.7     	26.2     	23.7     	25.7     	23.9     	25.4     	24.2     	24.6     	26.1     	27.1     	29.0     
	2026-04-14  	16:27:20  	00:03:00  	         	30.5     	29.3     	35.8     	40.2     	40.1     	46.1     	57.8     	51.7     	80.7     	78.0     	77.2     	72.8     	63.8     	60.4     	56.5     	52.6     	50.6     	43.2     	40.3     	38.1     	37.9     	37.9     	37.7     	36.7     	33.9     	27.4     	23.2     	22.3     	21.8     	21.8     	22.7     	23.7     	24.8     	26.3     	27.1     	29.1     
	2026-04-14  	16:27:21  	00:03:01  	         	31.6     	36.2     	30.8     	42.2     	39.9     	48.2     	54.1     	54.2     	87.5     	81.2     	67.9     	71.2     	64.0     	61.4     	55.3     	52.4     	50.3     	44.1     	39.3     	38.4     	35.2     	35.2     	34.7     	32.0     	30.9     	29.7     	25.2     	23.5     	22.4     	22.4     	22.9     	24.0     	24.7     	26.1     	27.1     	29.1     
	2026-04-14  	16:27:22  	00:03:02  	         	33.0     	35.0     	33.2     	43.9     	42.7     	47.2     	55.7     	51.0     	77.2     	79.2     	69.6     	70.0     	64.6     	60.1     	56.9     	52.4     	50.4     	44.2     	41.6     	39.6     	37.0     	35.0     	34.8     	33.0     	29.9     	28.3     	23.9     	22.5     	21.5     	21.9     	22.6     	23.7     	24.6     	26.0     	27.1     	29.1     
	2026-04-14  	16:27:23  	00:03:03  	         	33.5     	33.4     	35.1     	46.0     	44.0     	48.5     	58.2     	46.2     	73.6     	69.7     	81.4     	69.8     	60.7     	63.6     	56.3     	55.5     	53.0     	44.7     	41.9     	42.8     	39.0     	37.6     	36.6     	34.8     	32.8     	29.4     	26.0     	23.1     	22.7     	25.1     	27.4     	24.3     	24.6     	26.2     	27.1     	29.2     
	2026-04-14  	16:27:24  	00:03:04  	         	30.2     	32.9     	29.1     	45.1     	41.9     	54.7     	66.3     	56.5     	73.5     	67.4     	83.4     	72.8     	62.2     	63.8     	62.4     	56.0     	55.3     	47.5     	43.9     	40.8     	39.3     	37.8     	37.2     	35.7     	33.0     	30.4     	25.4     	24.0     	21.8     	22.0     	23.0     	23.8     	24.6     	26.2     	26.9     	29.0     
	2026-04-14  	16:27:25  	00:03:05  	         	31.0     	34.9     	36.5     	45.7     	41.9     	50.9     	58.8     	49.0     	69.4     	66.9     	78.7     	76.3     	56.3     	62.7     	62.8     	56.1     	53.5     	46.7     	44.1     	42.4     	40.8     	39.0     	38.4     	36.4     	34.0     	30.6     	26.4     	24.4     	22.3     	21.9     	22.6     	23.9     	24.5     	26.0     	27.0     	29.0     
	2026-04-14  	16:27:26  	00:03:06  	         	29.2     	33.3     	32.8     	43.8     	41.3     	50.5     	61.0     	49.1     	74.8     	78.9     	71.0     	63.3     	64.0     	59.3     	55.5     	52.2     	49.9     	43.4     	40.7     	39.4     	37.7     	38.4     	36.5     	35.3     	33.3     	29.6     	25.6     	23.9     	24.4     	30.7     	31.4     	25.9     	24.8     	26.1     	27.0     	29.0     
	2026-04-14  	16:27:27  	00:03:07  	         	35.0     	26.4     	34.8     	45.5     	43.4     	62.6     	72.6     	58.7     	66.7     	72.7     	76.2     	67.1     	59.5     	60.5     	54.9     	53.6     	52.2     	44.7     	42.0     	41.0     	38.5     	38.5     	35.5     	34.1     	31.7     	28.9     	24.8     	23.1     	23.0     	27.0     	26.9     	24.4     	24.7     	26.2     	27.0     	29.0     
	2026-04-14  	16:27:28  	00:03:08  	         	35.9     	30.7     	29.4     	48.1     	38.0     	51.3     	62.7     	56.1     	76.3     	73.9     	83.2     	78.2     	64.5     	64.1     	59.0     	55.3     	53.8     	47.8     	43.1     	40.8     	38.1     	37.4     	36.4     	34.6     	31.2     	29.6     	24.4     	22.5     	22.0     	21.8     	22.6     	23.8     	24.5     	26.1     	27.1     	29.2     
	2026-04-14  	16:27:29  	00:03:09  	         	35.4     	30.6     	31.1     	42.8     	44.2     	58.6     	68.1     	59.5     	72.2     	75.3     	79.8     	76.7     	63.6     	64.9     	62.5     	56.3     	55.0     	47.7     	44.4     	42.6     	40.5     	39.0     	38.1     	36.2     	34.8     	30.5     	28.6     	27.7     	26.3     	24.4     	27.6     	24.1     	24.7     	26.2     	27.0     	29.1     
	2026-04-14  	16:27:30  	00:03:10  	         	35.2     	24.5     	31.8     	47.3     	42.0     	54.9     	66.7     	53.3     	74.5     	73.7     	78.9     	70.6     	60.6     	64.9     	57.0     	54.1     	51.5     	43.8     	41.9     	39.7     	38.7     	36.9     	34.7     	33.9     	31.8     	29.3     	23.9     	22.3     	21.5     	21.9     	22.5     	23.8     	24.3     	26.1     	27.0     	29.1     

# RTA LOG Results over the whole log period
	2026-04-14  	16:27:30  	00:03:10  	         	39.0     	41.0     	37.9     	47.2     	47.6     	56.5     	66.5     	59.1     	79.3     	76.2     	77.6     	75.6     	65.4     	64.4     	60.9     	58.3     	56.0     	49.3     	44.5     	44.2     	42.6     	41.6     	41.8     	42.5     	40.1     	35.3     	33.9     	36.6     	38.1     	40.7     	34.3     	25.2     	24.8     	26.2     	27.0     	29.1     

#CheckSum
	F7ADF4AF5F255ACE3D081D9DAF6BB96F